t,q1,q2,q3,q4,q5,q6,q7,eef_x,eef_y,eef_z,z_error,orientation_error_deg
1789260097.9270313,1.1418839693069458,-0.5588923096656799,-2.2089860439300537,-2.075298547744751,-0.6080721616744995,2.3205606937408447,0.5731813907623291,0.2619068920612335,-0.5151603817939758,0.14895619451999664,-0.001562805480003343,0.8280346536770875
1789260098.228048,1.1418873071670532,-0.5588905811309814,-2.2089803218841553,-2.0752949714660645,-0.6080671548843384,2.320559024810791,0.5731768608093262,0.2619116008281708,-0.5151599049568176,0.14895927906036377,-0.0015597209396362166,0.8275618879785642
1789260098.2629926,1.1418850421905518,-0.5588915944099426,-2.208982467651367,-2.075294017791748,-0.6080702543258667,2.3205606937408447,0.5731775164604187,0.261909544467926,-0.5151615738868713,0.14895890653133392,-0.0015600934686660628,0.8275618879785642
1789260098.303035,1.141882061958313,-0.5588905811309814,-2.208982229232788,-2.0752928256988525,-0.608067512512207,2.320564031600952,0.573178231716156,0.26190873980522156,-0.5151633024215698,0.14896003901958466,-0.0015589609804153304,0.8275618879785642
1789260098.3490689,1.14188551902771,-0.5588921904563904,-2.208984136581421,-2.0752952098846436,-0.60806804895401,2.320561170578003,0.5731838345527649,0.2619090974330902,-0.5151610374450684,0.14895790815353394,-0.0015610918464660506,0.8277983045757595
1789260098.3889718,1.1418828964233398,-0.5588893890380859,-2.2089853286743164,-2.075298309326172,-0.6080678701400757,2.3205618858337402,0.5731856822967529,0.2619069516658783,-0.5151609778404236,0.14895756542682648,-0.001561434573173509,0.8273254038276388
1789260098.4330578,1.14187753200531,-0.558892011642456,-2.208984136581421,-2.075298309326172,-0.6080719232559204,2.320561647415161,0.573178231716156,0.261904776096344,-0.5151619911193848,0.14895692467689514,-0.0015620753231048445,0.8277983045757595
1789260098.4740279,1.1418812274932861,-0.5588905215263367,-2.208982229232788,-2.075296401977539,-0.6080671548843384,2.320561647415161,0.573184609413147,0.2619078755378723,-0.5151614546775818,0.14895860850811005,-0.0015603914918899398,0.8275618879785642
1789260098.5130227,1.141880989074707,-0.5588878989219666,-2.208984375,-2.075296401977539,-0.6080699563026428,2.320561647415161,0.5731809735298157,0.261906236410141,-0.5151625871658325,0.1489589959383011,-0.0015600040616988997,0.8275618879785642
1789260098.5519652,1.1418843269348145,-0.5588905811309814,-2.2089810371398926,-2.075296401977539,-0.6080655455589294,2.320561170578003,0.5731759667396545,0.2619101107120514,-0.5151602625846863,0.14895881712436676,-0.0015601828756332259,0.8277983045757595
1789260098.5871909,1.1418789625167847,-0.5588883757591248,-2.2089855670928955,-2.07529354095459,-0.6080693006515503,2.320561408996582,0.573182225227356,0.2619047164916992,-0.5151644945144653,0.14895953238010406,-0.0015594676198959212,0.8275618879785642
1789260098.6207695,1.141919493675232,-0.5588890314102173,-2.208988666534424,-2.075305461883545,-0.6080678701400757,2.3205647468566895,0.5731902122497559,0.26192426681518555,-0.5151490569114685,0.14895468950271606,-0.0015643104972839217,0.8282709353403283
1789260098.6543458,1.1419925689697266,-0.5588890314102173,-2.2089710235595703,-2.0753185749053955,-0.6080670952796936,2.320566415786743,0.5731920599937439,0.26197105646133423,-0.5151206851005554,0.14895440638065338,-0.0015645936193466048,0.8282709353403283
1789260098.6880112,1.142030954360962,-0.5588927268981934,-2.2089662551879883,-2.0753262042999268,-0.6080652475357056,2.3205652236938477,0.573199450969696,0.26199325919151306,-0.5151052474975586,0.1489514410495758,-0.0015675589504241805,0.8289793762780964
1789260098.721643,1.1420239210128784,-0.5588907599449158,-2.208969831466675,-2.0753228664398193,-0.6080694794654846,2.3205630779266357,0.5731995701789856,0.2619871497154236,-0.515109658241272,0.14895226061344147,-0.0015667393865585189,0.8285071496231798
1789260098.755199,1.1420226097106934,-0.5588890314102173,-2.2089719772338867,-2.0753214359283447,-0.6080694794654846,2.320563316345215,0.5731944441795349,0.26198530197143555,-0.5151113867759705,0.1489529013633728,-0.0015660986366271834,0.8285071496231798
1789260098.7888217,1.1420245170593262,-0.5588890314102173,-2.208968162536621,-2.075329303741455,-0.6080694794654846,2.3205628395080566,0.5732053518295288,0.26198795437812805,-0.5151063799858093,0.14895100891590118,-0.001567991084098802,0.8289793762780964
1789260098.8224158,1.1420209407806396,-0.5588852167129517,-2.208970069885254,-2.075324058532715,-0.6080702543258667,2.3205671310424805,0.5732008814811707,0.2619856297969818,-0.5151113867759705,0.14895415306091309,-0.0015648469390869002,0.8285071496231798
1789260098.856108,1.1420187950134277,-0.5588864088058472,-2.2089662551879883,-2.0753214359283447,-0.6080694794654846,2.3205666542053223,0.5732046961784363,0.2619866728782654,-0.5151121616363525,0.14895550906658173,-0.00156349093341826,0.8282709353403283
1789260098.8897297,1.1420269012451172,-0.5588907599449158,-2.208970069885254,-2.0753250122070312,-0.6080687642097473,2.3205647468566895,0.5732079148292542,0.2619887888431549,-0.515108048915863,0.14895160496234894,-0.0015673950376510482,0.8287432965832581
1789260098.923318,1.1406545639038086,-0.5579581260681152,-2.20865797996521,-2.0767006874084473,-0.6104402542114258,2.322227954864502,0.5710189342498779,0.26145535707473755,-0.5153114795684814,0.1490180343389511,-0.0015009656610488753,0.6994157135994296
1789260098.9569154,1.1383247375488281,-0.556198239326477,-2.2082550525665283,-2.079087018966675,-0.6158413290977478,2.324885845184326,0.5671544671058655,0.2603609561920166,-0.5157566070556641,0.14913105964660645,-0.0013879403533935408,0.43160074478910265
1789260098.9905236,1.1358379125595093,-0.5543221235275269,-2.2058966159820557,-2.0815000534057617,-0.6213045716285706,2.327554702758789,0.5631648898124695,0.26020702719688416,-0.5158965587615967,0.1497449278831482,-0.0007740721168517928,0.14670980696444608
1789260099.0241356,1.1299887895584106,-0.5527203679084778,-2.1976330280303955,-2.088279962539673,-0.625109076499939,2.3294548988342285,0.5533258318901062,0.26128050684928894,-0.5135011076927185,0.15005645155906677,-0.0004625484409332137,0.08392937202498843
1789260099.057746,1.123186707496643,-0.5516752004623413,-2.187253713607788,-2.097177267074585,-0.6292121410369873,2.3306286334991455,0.5414866209030151,0.26279452443122864,-0.5097898840904236,0.1498718559741974,-0.0006471440258025984,0.1412742076966625
1789260099.0913386,1.1166287660598755,-0.5503738522529602,-2.1763157844543457,-2.1061673164367676,-0.6332255005836487,2.332019329071045,0.5295122861862183,0.264713853597641,-0.5059221386909485,0.14990775287151337,-0.0006112471284866194,0.17693870661400976
1789260099.124956,1.110356330871582,-0.5493031144142151,-2.1659650802612305,-2.1144638061523438,-0.6362146139144897,2.3332102298736572,0.5172064304351807,0.26651379466056824,-0.5022681951522827,0.1499599814414978,-0.0005590185585021834,0.24389326303316328
1789260099.158519,1.1083992719650269,-0.548683762550354,-2.1623260974884033,-2.117426633834839,-0.637237548828125,2.3335227966308594,0.5116421580314636,0.2672264873981476,-0.5009170174598694,0.15003523230552673,-0.00048376769447325274,0.25868789467819786
1789260099.6779878,1.10836660861969,-0.5487403869628906,-2.161993980407715,-2.1175787448883057,-0.6372496485710144,2.3334994316101074,0.5114068984985352,0.2673742473125458,-0.5007801055908203,0.1500416100025177,-0.00047738999748228594,0.26614441693319085
1789260099.7179673,1.108343482017517,-0.5487642884254456,-2.1620101928710938,-2.1176416873931885,-0.6372520327568054,2.333496332168579,0.5114133358001709,0.2673531770706177,-0.5007550716400146,0.15000762045383453,-0.0005113795461654524,0.26906917401866154
1789260099.7579443,1.1083488464355469,-0.5487656593322754,-2.1620066165924072,-2.1176247596740723,-0.6372520923614502,2.333498954772949,0.5114116668701172,0.2673589289188385,-0.5007611513137817,0.15001414716243744,-0.0005048528375625472,0.26906917401866154
1789260099.8029602,1.1083414554595947,-0.5487574338912964,-2.162008285522461,-2.1176340579986572,-0.6372516751289368,2.333498001098633,0.5114124417304993,0.2673531770706177,-0.5007601976394653,0.15001311898231506,-0.0005058810176849227,0.26906917401866154
1789260099.8420289,1.1083678007125854,-0.5487576723098755,-2.1620051860809326,-2.1176156997680664,-0.6372510194778442,2.3334946632385254,0.5114167332649231,0.2673681676387787,-0.5007607936859131,0.15001989901065826,-0.000499100989341722,0.26834097331534673
1789260099.8810117,1.1083496809005737,-0.5487502813339233,-2.1620051860809326,-2.1176164150238037,-0.637248694896698,2.3334968090057373,0.5114163160324097,0.2673589587211609,-0.5007666349411011,0.1500222533941269,-0.000496746605873094,0.2676107911134112
1789260099.9240172,1.1083486080169678,-0.5487625598907471,-2.1620123386383057,-2.1176135540008545,-0.6372476816177368,2.333498954772949,0.5114132165908813,0.2673563063144684,-0.5007678270339966,0.15001770853996277,-0.0005012914600372176,0.26834097331534673
1789260099.9689827,1.1083589792251587,-0.5487503409385681,-2.161998987197876,-2.117610454559326,-0.6372477412223816,2.333496332168579,0.511409342288971,0.26736703515052795,-0.5007656812667847,0.15002579987049103,-0.0004932001295089583,0.26834097331534673
1789260100.0130346,1.1083508729934692,-0.5487556457519531,-2.1620140075683594,-2.117619276046753,-0.6372493505477905,2.3334972858428955,0.5114192962646484,0.26735541224479675,-0.500765860080719,0.15001742541790009,-0.0005015745820999007,0.26906917401866154
1789260100.0466084,1.1083461046218872,-0.548754096031189,-2.162013053894043,-2.1176254749298096,-0.6372464895248413,2.3335018157958984,0.511411726474762,0.2673540413379669,-0.5007645487785339,0.1500164121389389,-0.0005025878610610823,0.26906917401866154
1789260100.08024,1.108402967453003,-0.5487522482872009,-2.1620113849639893,-2.1176321506500244,-0.6372233629226685,2.3334908485412598,0.5114133954048157,0.2673824429512024,-0.5007430911064148,0.15001413226127625,-0.000504867738723741,0.26979540926805484
1789260100.1138356,1.1084620952606201,-0.5487532615661621,-2.161998748779297,-2.1176538467407227,-0.6372208595275879,2.3334717750549316,0.511415421962738,0.2674146890640259,-0.5007117986679077,0.15000760555267334,-0.0005113944473266463,0.27051969489285804
1789260100.1475976,1.1084927320480347,-0.5487481355667114,-2.1619818210601807,-2.1176562309265137,-0.6372200846672058,2.3334717750549316,0.5114133954048157,0.26743823289871216,-0.5007001161575317,0.1500125676393509,-0.000506432360649095,0.2712420465110601
1789260100.1812124,1.1084853410720825,-0.5487518310546875,-2.1619951725006104,-2.1176722049713135,-0.6372177600860596,2.3334641456604004,0.5114148855209351,0.26742616295814514,-0.5006951093673706,0.1500018686056137,-0.0005171313943862776,0.2726810091663889
1789260100.2147784,1.1084809303283691,-0.5487516522407532,-2.1619935035705566,-2.1176562309265137,-0.6372134685516357,2.333463430404663,0.5114180445671082,0.2674255669116974,-0.5007032752037048,0.15000784397125244,-0.0005111560287475447,0.2712420465110601
1789260100.2483985,1.1084787845611572,-0.5487543344497681,-2.1619911193847656,-2.117652416229248,-0.6372150778770447,2.333465337753296,0.5114180445671082,0.2674262821674347,-0.5007051825523376,0.15000902116298676,-0.0005099788370132308,0.2712420465110601
1789260100.2820435,1.1084929704666138,-0.5487521886825562,-2.161993980407715,-2.117671489715576,-0.6372131705284119,2.333463430404663,0.5114196538925171,0.2674308121204376,-0.5006927847862244,0.15000225603580475,-0.0005167439641952376,0.2719624795332373
1789260100.3156652,1.1084924936294556,-0.5487514734268188,-2.1619865894317627,-2.1176605224609375,-0.6372137665748596,2.333463191986084,0.5114171504974365,0.26743462681770325,-0.5006968975067139,0.15000805258750916,-0.0005109474124908309,0.2712420465110601
1789260100.349279,1.1084636449813843,-0.5487468242645264,-2.16198992729187,-2.1176650524139404,-0.637217104434967,2.333458423614502,0.5114175081253052,0.26741695404052734,-0.5007034540176392,0.15000678598880768,-0.0005122140111923079,0.2719624795332373
1789260100.3828769,1.106972098350525,-0.5481263399124146,-2.159712314605713,-2.119462251663208,-0.6387338638305664,2.3335890769958496,0.5063600540161133,0.267650842666626,-0.5000488758087158,0.15014423429965973,-0.00037476570034025714,0.2323900466696225
1789260100.4166584,1.1055246591567993,-0.5473370552062988,-2.156275987625122,-2.12139892578125,-0.6406623721122742,2.334245443344116,0.499127060174942,0.26854372024536133,-0.4992239475250244,0.15061302483081818,9.402483081819013e-05,0.15825877775862904
1789260100.4502568,1.1040189266204834,-0.5465759038925171,-2.1522140502929688,-2.1238832473754883,-0.6426297426223755,2.3347182273864746,0.4898443818092346,0.2696700096130371,-0.4980083703994751,0.1510157436132431,0.0004967436132431169,0.11014342980975618
1789260100.4838467,1.1003516912460327,-0.5462992191314697,-2.1450562477111816,-2.1294615268707275,-0.6460304260253906,2.3353118896484375,0.4730769991874695,0.2711367607116699,-0.4953528344631195,0.15094466507434845,0.00042566507434846357,0.12511453444308365
1789260100.5174758,1.0970638990402222,-0.5461003184318542,-2.1372737884521484,-2.1354117393493652,-0.6495421528816223,2.3358869552612305,0.4556805193424225,0.27307072281837463,-0.4922853708267212,0.15087801218032837,0.000359012180328383,0.14670980696444608
1789260100.5510328,1.0935769081115723,-0.5456307530403137,-2.1299047470092773,-2.1408331394195557,-0.6529284715652466,2.336486577987671,0.4388236105442047,0.27469199895858765,-0.48963528871536255,0.15098927915096283,0.00047027915096284345,0.14265252599748507
1789260100.5846534,1.089804768562317,-0.5453712940216064,-2.1223530769348145,-2.146728277206421,-0.6564742922782898,2.337028980255127,0.4211408495903015,0.2762242257595062,-0.4867668151855469,0.15091818571090698,0.0003991857109069963,0.15576635622796445
1789260100.6182113,1.085999846458435,-0.5451463460922241,-2.1146082878112793,-2.1528666019439697,-0.6600618362426758,2.3375720977783203,0.40300074219703674,0.2778066396713257,-0.4837457537651062,0.1508086919784546,0.0002896919784546037,0.17693870661400976
1789260100.6517727,1.0826894044876099,-0.5448753237724304,-2.107060670852661,-2.158555746078491,-0.6634496450424194,2.3381521701812744,0.38601452112197876,0.2795470356941223,-0.48083239793777466,0.1508309543132782,0.0003119543132782121,0.18451747215888148
1789260100.6853607,1.0788953304290771,-0.5444751381874084,-2.099447250366211,-2.164292812347412,-0.6670008301734924,2.3387813568115234,0.368419349193573,0.2810550928115845,-0.47805148363113403,0.15090186893939972,0.0003828689393997331,0.18022577739447643
1789260100.7189486,1.0751851797103882,-0.5441790819168091,-2.091994047164917,-2.1700658798217773,-0.6705451607704163,2.339322566986084,0.3508886992931366,0.28249844908714294,-0.47522875666618347,0.15088976919651031,0.0003707691965103288,0.17913678902801208
1789260100.7526333,1.0717109441757202,-0.5439310669898987,-2.0841288566589355,-2.1761364936828613,-0.6740903258323669,2.3399128913879395,0.33322179317474365,0.2842302620410919,-0.472107470035553,0.15087537467479706,0.00035637467479707197,0.19077407530073984
1789260100.7862208,1.0682076215744019,-0.5436301231384277,-2.0763673782348633,-2.1821272373199463,-0.6776329874992371,2.340463638305664,0.31551381945610046,0.28586894273757935,-0.4690512418746948,0.15088127553462982,0.00036227553462983564,0.19281449969864173
1789260100.8198154,1.064648985862732,-0.5433260798454285,-2.0689308643341064,-2.1877424716949463,-0.6810344457626343,2.341062307357788,0.2984549105167389,0.28734350204467773,-0.4662468433380127,0.15094585716724396,0.0004268571672439714,0.18871159039859822
1789260100.8534179,1.0607147216796875,-0.5429160594940186,-2.061164140701294,-2.1936304569244385,-0.684653639793396,2.341655969619751,0.2803172171115875,0.2887443006038666,-0.46338099241256714,0.15103286504745483,0.0005138650474548478,0.1747129721695325
1789260100.8870997,1.057194709777832,-0.5426542162895203,-2.053480625152588,-2.1995818614959717,-0.6882520318031311,2.3422200679779053,0.26268741488456726,0.29028138518333435,-0.46034854650497437,0.1510419249534607,0.0005229249534607072,0.17017419378319848
1789260100.9207072,1.0536671876907349,-0.5424373149871826,-2.046109676361084,-2.2054250240325928,-0.6916601061820984,2.342722177505493,0.24563081562519073,0.29165488481521606,-0.4574010372161865,0.15099939703941345,0.000480397039413466,0.1747129721695325
1789260100.9543529,1.0499485731124878,-0.5421741008758545,-2.0385727882385254,-2.2112696170806885,-0.6951856017112732,2.343289375305176,0.2279614806175232,0.29300206899642944,-0.4544942080974579,0.15102064609527588,0.0005016460952758928,0.1655109964311004
1789260100.988021,1.0464648008346558,-0.5417329668998718,-2.0307703018188477,-2.2169041633605957,-0.6986289024353027,2.3439793586730957,0.21054381132125854,0.2945863902568817,-0.4515962600708008,0.15123756229877472,0.0007185622987747331,0.1412742076966625
1789260101.0216265,1.0431318283081055,-0.5414098501205444,-2.0234603881835938,-2.2225148677825928,-0.7019378542900085,2.3444719314575195,0.1939762532711029,0.2959699332714081,-0.44871246814727783,0.15129782259464264,0.000778822594642653,0.12972151222939818
1789260101.0551639,1.0396450757980347,-0.5411864519119263,-2.0163068771362305,-2.2281227111816406,-0.7052103281021118,2.345019817352295,0.17744015157222748,0.29721343517303467,-0.44589149951934814,0.15130555629730225,0.00078655629730226,0.12194656246489412
1789260101.0887647,1.0362114906311035,-0.5409804582595825,-2.009650468826294,-2.2334799766540527,-0.7084082365036011,2.3455891609191895,0.16213640570640564,0.2982631325721741,-0.44327017664909363,0.1512754112482071,0.0007564112482071061,0.11190583714844751
1789260101.122322,1.0348773002624512,-0.54066401720047,-2.005995035171509,-2.235825300216675,-0.7098492980003357,2.345885992050171,0.15408983826637268,0.29911917448043823,-0.4419599771499634,0.15150336921215057,0.0009843692121505876,0.09278741380920028
1789260101.1559439,1.033244252204895,-0.5405741333961487,-2.003284215927124,-2.2380523681640625,-0.711189329624176,2.3461077213287354,0.14709271490573883,0.29942718148231506,-0.4409421682357788,0.15147796273231506,0.0009589627323150773,0.08156468806857739
1789260101.1896477,1.0316784381866455,-0.5404648184776306,-2.000502109527588,-2.240359306335449,-0.7125461101531982,2.346353769302368,0.14126096665859222,0.29979023337364197,-0.4398570656776428,0.15145103633403778,0.0009320363340377946,0.08392937202498843
1789260101.2232509,1.0265533924102783,-0.5382965803146362,-1.9962493181228638,-2.2450551986694336,-0.7125835418701172,2.3482882976531982,0.14369238913059235,0.2992258369922638,-0.43875232338905334,0.15160265564918518,0.0010836556491851945,0.07132624918176021
1789260101.256841,1.019646406173706,-0.5357249975204468,-1.9915852546691895,-2.2502663135528564,-0.7120002508163452,2.3505189418792725,0.14825573563575745,0.2980620861053467,-0.43788254261016846,0.151789128780365,0.001270128780365004,0.08846932694105811
1789260101.290486,1.0125844478607178,-0.5328155755996704,-1.986534595489502,-2.255779981613159,-0.7114004492759705,2.3527214527130127,0.15295983850955963,0.29694053530693054,-0.4368726313114166,0.15202677249908447,0.0015077724990844865,0.09487278508118449
1789260101.32414,1.0004162788391113,-0.5279912948608398,-1.9771350622177124,-2.2662084102630615,-0.710271418094635,2.356823682785034,0.16070333123207092,0.295311838388443,-0.4345148205757141,0.15224817395210266,0.001729173952102675,0.1341703946898555
1789260101.3577237,0.9858481884002686,-0.522248387336731,-1.9668021202087402,-2.2773942947387695,-0.709015965461731,2.361398458480835,0.1693115383386612,0.2929840683937073,-0.43245700001716614,0.15261965990066528,0.002100659900665297,0.16432452156180907
1789260101.3912868,0.9717029929161072,-0.5166139602661133,-1.9564422369003296,-2.2890336513519287,-0.7077754735946655,2.3658447265625,0.17814002931118011,0.2907823324203491,-0.4299924373626709,0.152748703956604,0.0022297039566040178,0.17358940356200137
1789260101.4248452,0.957543134689331,-0.5112353563308716,-1.9460879564285278,-2.300219774246216,-0.7064735293388367,2.370504856109619,0.1867762804031372,0.28866639733314514,-0.4277060627937317,0.15293249487876892,0.0024134948787689348,0.20842000938287997
1789260101.4585414,0.942373514175415,-0.5050378441810608,-1.9350298643112183,-2.3125510215759277,-0.7051132917404175,2.3753442764282227,0.19606374204158783,0.28626003861427307,-0.4251154661178589,0.1530006229877472,0.0024816229877472062,0.201741189079591
1789260101.4921625,0.9279901385307312,-0.4993690252304077,-1.9241013526916504,-2.324246406555176,-0.7037402987480164,2.3801965713500977,0.20504611730575562,0.28422975540161133,-0.4225306510925293,0.15308257937431335,0.0025635793743133684,0.22117343270373202
1789260101.5257409,0.9134699702262878,-0.49369126558303833,-1.9137717485427856,-2.3357512950897217,-0.7024677991867065,2.3846817016601562,0.21378612518310547,0.2818061113357544,-0.42014074325561523,0.1529899686574936,0.002470968657493605,0.1988101655906956
1789260101.5593443,0.8989549279212952,-0.4879649579524994,-1.9029388427734375,-2.3477909564971924,-0.7011040449142456,2.3895156383514404,0.22291181981563568,0.2795986235141754,-0.41739532351493835,0.15280631184577942,0.002287311845779433,0.1855748884546529
1789260101.593053,0.8841911554336548,-0.482124000787735,-1.8922593593597412,-2.359349489212036,-0.6997798681259155,2.394299030303955,0.23186248540878296,0.2772248387336731,-0.4149705469608307,0.15268851816654205,0.002169518166542067,0.1666890263349369
1789260101.62671,0.8698176741600037,-0.47640717029571533,-1.8816686868667603,-2.3714327812194824,-0.6985030770301819,2.398820161819458,0.24068960547447205,0.27486762404441833,-0.4121280014514923,0.15226802229881287,0.00174902229881288,0.11190583714844751
1789260101.6602652,0.8575916290283203,-0.4717688262462616,-1.8727816343307495,-2.3807716369628906,-0.697397768497467,2.402845621109009,0.24802914261817932,0.27295008301734924,-0.4101589024066925,0.15212373435497284,0.0016047343549728532,0.09891171693842998
1789260101.6938715,0.8456206321716309,-0.4669818878173828,-1.8641055822372437,-2.390831470489502,-0.6963779330253601,2.406508684158325,0.2554498016834259,0.2708733081817627,-0.40777528285980225,0.15163937211036682,0.0011203721103668351,0.05595291190411357
1789260101.7275865,0.8346278667449951,-0.4626700282096863,-1.8561878204345703,-2.399582862854004,-0.6950808763504028,2.4101791381835938,0.26233819127082825,0.26906293630599976,-0.4058133065700531,0.1513184905052185,0.0007994905052185197,0.059347025446578223
1789260101.7611556,0.8258001208305359,-0.4573618173599243,-1.8460453748703003,-2.4070889949798584,-0.6909260749816895,2.414450168609619,0.26814308762550354,0.2692725360393524,-0.403461217880249,0.15199467539787292,0.0014756753978729387,0.08622923312351063
1789260101.794695,0.8173110485076904,-0.45218342542648315,-1.8352866172790527,-2.4149532318115234,-0.686843752861023,2.418511152267456,0.2738305628299713,0.26978054642677307,-0.4006820023059845,0.1525876671075821,0.002068667107582106,0.15576635622796445
1789260101.8282204,0.8073577880859375,-0.44653162360191345,-1.8235762119293213,-2.423551559448242,-0.6823425889015198,2.422567367553711,0.2799208164215088,0.2699351906776428,-0.39778074622154236,0.15311875939369202,0.0025997593936920305,0.20653381460469245
1789260101.8618274,0.7951584458351135,-0.4393170177936554,-1.8091782331466675,-2.4342222213745117,-0.6768790483474731,2.428251266479492,0.28777119517326355,0.27016526460647583,-0.39424750208854675,0.15372344851493835,0.0032044485149383684,0.27836248477296915
1789260101.8955083,0.7822819352149963,-0.43206411600112915,-1.7947942018508911,-2.4453020095825195,-0.6711575984954834,2.4338698387145996,0.2958948016166687,0.2700023949146271,-0.3906646966934204,0.15407143533229828,0.0035524353322982927,0.32324654296930144
1789260101.9291215,0.7698346972465515,-0.42474377155303955,-1.7798247337341309,-2.4563119411468506,-0.6653468012809753,2.439739227294922,0.3040323555469513,0.2702268362045288,-0.3868996202945709,0.15446427464485168,0.003945274644851698,0.3784591542402196
1789260101.9627476,0.757067084312439,-0.4174500107765198,-1.7654298543930054,-2.4671781063079834,-0.6597645878791809,2.445282220840454,0.31205469369888306,0.2699803113937378,-0.3833652436733246,0.15464217960834503,0.004123179608345046,0.3946572422757224
1789260101.9962919,0.7446108460426331,-0.410159170627594,-1.750620722770691,-2.478459119796753,-0.6540817022323608,2.4509072303771973,0.32010647654533386,0.2699141204357147,-0.37945136427879333,0.15464912354946136,0.004130123549461379,0.39416112793789093
1789260102.0298958,0.7322217226028442,-0.4029831886291504,-1.736299991607666,-2.488901138305664,-0.6484991908073425,2.456496238708496,0.327989399433136,0.26972708106040955,-0.3759986460208893,0.15471474826335907,0.004195748263359084,0.40251191981437906
1789260102.063511,0.7192767858505249,-0.3955618143081665,-1.7213975191116333,-2.5005743503570557,-0.642617404460907,2.4620702266693115,0.33632802963256836,0.2692919969558716,-0.37198105454444885,0.1543726772069931,0.003853677206993117,0.35608270981587586
1789260102.0970902,0.706546425819397,-0.38819620013237,-1.7066234350204468,-2.511369228363037,-0.6369349360466003,2.4679830074310303,0.34443315863609314,0.2690010666847229,-0.36838361620903015,0.15420429408550262,0.0036852940855026384,0.34264070643037603
1789260102.1306944,0.6943051218986511,-0.38119807839393616,-1.6925084590911865,-2.522136688232422,-0.6314016580581665,2.473418712615967,0.352254718542099,0.2685271203517914,-0.36470574140548706,0.15376301109790802,0.003244011097908034,0.29141239305266703
1789260102.1643224,0.6825062036514282,-0.37405216693878174,-1.6781765222549438,-2.5326316356658936,-0.6261102557182312,2.4787209033966064,0.359719842672348,0.26821476221084595,-0.3610050678253174,0.15333141386508942,0.0028124138650894304,0.22555353545062423
1789260102.197981,0.6725622415542603,-0.36853790283203125,-1.6664865016937256,-2.541069984436035,-0.6216440200805664,2.4832091331481934,0.3661136329174042,0.26788899302482605,-0.35809680819511414,0.15294866263866425,0.0024296626386642595,0.1855748884546529
1789260102.2316208,0.6625065803527832,-0.36260464787483215,-1.6546428203582764,-2.5502138137817383,-0.6171704530715942,2.487605333328247,0.3726167678833008,0.26734286546707153,-0.3548791706562042,0.1522853523492813,0.001766352349281325,0.09891171693842998
1789260102.2652504,0.65379399061203,-0.35757797956466675,-1.645312786102295,-2.557528257369995,-0.6130993962287903,2.4915950298309326,0.3782455027103424,0.26663947105407715,-0.3525609076023102,0.15172231197357178,0.0012033119735717912,0.044234660174789026
1789260102.2988863,0.6473227143287659,-0.3538891673088074,-1.6359610557556152,-2.561629056930542,-0.6079855561256409,2.494265556335449,0.3830292224884033,0.26721739768981934,-0.3508543074131012,0.15205365419387817,0.0015346541938781877,0.08622923312351063
1789260102.3325076,0.6406351923942566,-0.34998905658721924,-1.6264442205429077,-2.5658605098724365,-0.6029530763626099,2.4970691204071045,0.38779208064079285,0.2677285671234131,-0.34914520382881165,0.15234187245368958,0.001822872453689589,0.11703392759136522
1789260102.366185,0.6329507231712341,-0.34574249386787415,-1.6154605150222778,-2.5706536769866943,-0.5970944166183472,2.4998087882995605,0.39315515756607056,0.2682648003101349,-0.3471227288246155,0.15261606872081757,0.0020970687208175798,0.1412742076966625
1789260102.3997266,0.6236438155174255,-0.3402206599712372,-1.6012808084487915,-2.5759706497192383,-0.5893517732620239,2.503509521484375,0.3999526798725128,0.26931118965148926,-0.3447650671005249,0.15320052206516266,0.0026815220651626726,0.19782350757194625
1789260102.43328,0.614052951335907,-0.3344886600971222,-1.5860798358917236,-2.5815412998199463,-0.5810871720314026,2.507521152496338,0.40722253918647766,0.2705744802951813,-0.3421672284603119,0.15379101037979126,0.0032720103797912736,0.26834097331534673
1789260102.4669132,0.6045657396316528,-0.32908543944358826,-1.572142481803894,-2.586843490600586,-0.573307454586029,2.5111443996429443,0.4141060411930084,0.27138811349868774,-0.33986929059028625,0.15418162941932678,0.003662629419326796,0.31090427356701644
1789260102.500503,0.5948135852813721,-0.3234471380710602,-1.5575675964355469,-2.5925955772399902,-0.5651291608810425,2.514932870864868,0.4212467074394226,0.27221357822418213,-0.3373093008995056,0.15444086492061615,0.003921864920616164,0.3397733613362828
1789260102.534075,0.5852363705635071,-0.31788480281829834,-1.54274582862854,-2.5981481075286865,-0.5570741295814514,2.518770217895508,0.42837613821029663,0.27319085597991943,-0.3347361981868744,0.15472525358200073,0.004206253582000746,0.3743001213053104
1789260102.5676293,0.5753575563430786,-0.3121732175350189,-1.528232455253601,-2.6037533283233643,-0.5489189624786377,2.522487163543701,0.43552255630493164,0.2738584578037262,-0.3322751224040985,0.15485142171382904,0.004332421713829054,0.38154867935700887
1789260102.6012206,0.5654909610748291,-0.30658161640167236,-1.513481855392456,-2.6092398166656494,-0.5406996607780457,2.5263805389404297,0.44270697236061096,0.2746400535106659,-0.3298094868659973,0.15498875081539154,0.004469750815391554,0.4044517555675433
1789260102.6347904,0.5562952160835266,-0.300979346036911,-1.4990872144699097,-2.614724636077881,-0.5328395366668701,2.5300710201263428,0.4496588110923767,0.2754245102405548,-0.32722535729408264,0.15498226881027222,0.004463268810272231,0.3986039287160313
1789260102.6684735,0.5461588501930237,-0.2952665388584137,-1.4841852188110352,-2.620584487915039,-0.5243656039237976,2.5339014530181885,0.4570000469684601,0.27596768736839294,-0.32460689544677734,0.15483881533145905,0.004319815331459059,0.3820611713169772
1789260102.7020416,0.536516547203064,-0.28960156440734863,-1.469313383102417,-2.626171112060547,-0.5163185596466064,2.5377085208892822,0.4641696810722351,0.27666062116622925,-0.3219887912273407,0.15470285713672638,0.004183857136726393,0.3653049922954136
1789260102.7356188,0.5270238518714905,-0.28408578038215637,-1.4552611112594604,-2.6315863132476807,-0.5083750486373901,2.5413382053375244,0.4710644781589508,0.27710312604904175,-0.3195558190345764,0.15444453060626984,0.00392553060626985,0.3327909523355469
1789260102.7692223,0.5171504616737366,-0.2785779535770416,-1.4404960870742798,-2.6369805335998535,-0.5001363754272461,2.5453298091888428,0.47819602489471436,0.2776918411254883,-0.3170968294143677,0.1542341262102127,0.0037151262102127214,0.3244549486979649
1789260102.8027897,0.5078689455986023,-0.2728288173675537,-1.425864338874817,-2.6427135467529297,-0.4921785593032837,2.5489916801452637,0.4852435886859894,0.2781907320022583,-0.3143436014652252,0.15376731753349304,0.003248317533493056,0.26019629427255464
1789260102.8363826,0.49806785583496094,-0.267350971698761,-1.4115208387374878,-2.6482677459716797,-0.4840790927410126,2.552764415740967,0.49233517050743103,0.27848732471466064,-0.31185826659202576,0.15328823029994965,0.00276923029994966,0.2130624551327921
1789260102.8701081,0.4888512194156647,-0.2619979977607727,-1.3974257707595825,-2.6535515785217285,-0.47640693187713623,2.556401491165161,0.4991145431995392,0.2788867950439453,-0.3093763589859009,0.15280278027057648,0.002283780270576491,0.15949038294479406
1789260102.9036825,0.48025059700012207,-0.2569103240966797,-1.3842030763626099,-2.6583409309387207,-0.4690819978713989,2.55957293510437,0.5054770708084106,0.2792201340198517,-0.30708301067352295,0.15231351554393768,0.001794515543937697,0.09691329395132914
1789260102.9372828,0.4735393226146698,-0.2534457743167877,-1.3741824626922607,-2.6610801219940186,-0.4631626009941101,2.561803102493286,0.5104763507843018,0.27964457869529724,-0.30572912096977234,0.15222962200641632,0.0017106220064163347,0.09065408419654447
1789260102.9708974,0.4669996201992035,-0.24999794363975525,-1.3645786046981812,-2.6638851165771484,-0.4575513005256653,2.563868284225464,0.5152920484542847,0.27992185950279236,-0.30438393354415894,0.1520387828350067,0.0015197828350067277,0.06561060592844098
1789260103.0044847,0.4599319100379944,-0.2462489902973175,-1.3535895347595215,-2.666569948196411,-0.4509577751159668,2.565802574157715,0.5207431316375732,0.28043267130851746,-0.3028908967971802,0.15194614231586456,0.0014271423158645768,0.05233915627441309
1789260103.0381732,0.4508036673069,-0.24173684418201447,-1.3389430046081543,-2.6679913997650146,-0.44208550453186035,2.5679097175598145,0.5278542637825012,0.28171753883361816,-0.3016679584980011,0.15251152217388153,0.0019925221738815446,0.09891171693842998
1789260103.071775,0.4419727623462677,-0.23770613968372345,-1.3252992630004883,-2.6695568561553955,-0.4337698817253113,2.5697312355041504,0.5345200300216675,0.28273794054985046,-0.30046898126602173,0.15291517972946167,0.0023961797294616838,0.13847642022149
1789260103.1053643,0.43300411105155945,-0.23322919011116028,-1.3108142614364624,-2.671370029449463,-0.4251302480697632,2.571599006652832,0.5414280891418457,0.28383493423461914,-0.2990139424800873,0.15320825576782227,0.0026892557678222795,0.15825877775862904
1789260103.139101,0.42363324761390686,-0.228759765625,-1.2960445880889893,-2.6731653213500977,-0.41619357466697693,2.5735762119293213,0.5486469864845276,0.28490811586380005,-0.2975964844226837,0.1534873992204666,0.0029683992204666276,0.18130822512890998
1789260103.1727266,0.41424670815467834,-0.22442899644374847,-1.281683087348938,-2.6747899055480957,-0.40724486112594604,2.5755369663238525,0.5556954741477966,0.28589513897895813,-0.29632675647735596,0.1537514328956604,0.0032324328956604143,0.21028928664640814
1789260103.2063377,0.4050306975841522,-0.21983984112739563,-1.2667416334152222,-2.6765525341033936,-0.39837172627449036,2.577502727508545,0.5629239082336426,0.28700709342956543,-0.29481396079063416,0.15392611920833588,0.0034071192083358903,0.22293580089065076
1789260103.240087,0.39558282494544983,-0.21538011729717255,-1.2522543668746948,-2.6782610416412354,-0.38934028148651123,2.579409599304199,0.5701132416725159,0.2879182994365692,-0.2934647500514984,0.15403880178928375,0.0035198017892837663,0.22899730459219447
1789260103.273704,0.3863498568534851,-0.21098241209983826,-1.2375330924987793,-2.679877519607544,-0.38057610392570496,2.581435441970825,0.5772321224212646,0.2889937162399292,-0.29203614592552185,0.1541675478219986,0.00364854782199861,0.24708155049174452
1789260103.307348,0.37705162167549133,-0.2064586728811264,-1.222765564918518,-2.6816935539245605,-0.37156587839126587,2.583385705947876,0.5844061970710754,0.28995439410209656,-0.2905077338218689,0.15414971113204956,0.0036307111320495744,0.23984831222536715
1789260103.3410268,0.36795490980148315,-0.20222534239292145,-1.2086936235427856,-2.6833603382110596,-0.3629404604434967,2.5853192806243896,0.5912835597991943,0.2908245623111725,-0.28913405537605286,0.154122456908226,0.003603456908226027,0.23738826096775903
1789260103.3746037,0.3585149943828583,-0.19765599071979523,-1.193907618522644,-2.685070753097534,-0.35393965244293213,2.587331533432007,0.5985180139541626,0.29173728823661804,-0.2876662015914917,0.15403203666210175,0.0035130366621017595,0.22899730459219447
1789260103.4081798,0.34913933277130127,-0.19305051863193512,-1.17864191532135,-2.6869046688079834,-0.3448029160499573,2.589369773864746,0.6058935523033142,0.2927497923374176,-0.2859921455383301,0.15387360751628876,0.003354607516288771,0.2112177217315485
1789260103.4417605,0.3399519920349121,-0.1887674331665039,-1.1645665168762207,-2.6886022090911865,-0.3361666798591614,2.5912866592407227,0.6128431558609009,0.2935076057910919,-0.28459081053733826,0.1536710560321808,0.0031520560321808,0.19077407530073984
1789260103.4753077,0.3305965065956116,-0.18423862755298615,-1.1499552726745605,-2.6903116703033447,-0.3271600008010864,2.593255043029785,0.6199929714202881,0.294321745634079,-0.28309202194213867,0.15341007709503174,0.002891077095031752,0.1631294174610896
1789260103.5088875,0.32146817445755005,-0.1798381358385086,-1.1351221799850464,-2.6920645236968994,-0.3183528780937195,2.595245838165283,0.627124547958374,0.29524916410446167,-0.2814379930496216,0.1531221866607666,0.0026031866607666154,0.13562092827251515
1789260103.5425127,0.3121526837348938,-0.17550109326839447,-1.1210236549377441,-2.693655490875244,-0.30954521894454956,2.597121477127075,0.6340306401252747,0.2959294617176056,-0.28006571531295776,0.15279455482959747,0.002275554829597487,0.10467832346762979
1789260103.5761163,0.303567498922348,-0.17128229141235352,-1.106906771659851,-2.695331335067749,-0.30130940675735474,2.598997116088867,0.6407468914985657,0.29678142070770264,-0.27843573689460754,0.1524145007133484,0.0018955007133484025,0.07661668268387072
1789260103.6097066,0.2951628565788269,-0.16719427704811096,-1.0934357643127441,-2.6970577239990234,-0.29314109683036804,2.6007542610168457,0.6472734212875366,0.2974618971347809,-0.27687206864356995,0.15194924175739288,0.0014302417573928972,0.059347025446578223
1789260103.643286,0.2867068946361542,-0.16339527070522308,-1.081077218055725,-2.698342800140381,-0.2853013873100281,2.602391004562378,0.6536563038825989,0.2979586124420166,-0.27576279640197754,0.15158000588417053,0.001061005884170546,0.0625572578997782
1789260103.6770022,0.278577595949173,-0.15991532802581787,-1.0693600177764893,-2.6976850032806396,-0.27848437428474426,2.602830171585083,0.6594253778457642,0.29879897832870483,-0.2753578722476959,0.15177124738693237,0.001252247386932387,0.08392937202498843
1789260103.710692,0.2704787254333496,-0.15671925246715546,-1.0569994449615479,-2.696829080581665,-0.27139464020729065,2.6035165786743164,0.6654163002967834,0.2999860644340515,-0.27483654022216797,0.1521182507276535,0.0015992507276535173,0.09065408419654447
1789260103.7443116,0.2612300515174866,-0.1530531495809555,-1.04398512840271,-2.6961514949798584,-0.2638985216617584,2.604003429412842,0.6717450022697449,0.30086657404899597,-0.27438563108444214,0.15228718519210815,0.0017681851921081682,0.1083523598284494
1789260103.7779598,0.25149005651474,-0.14890024065971375,-1.029159665107727,-2.694995880126953,-0.2556418478488922,2.6046645641326904,0.6788288354873657,0.3022262752056122,-0.2737732529640198,0.15258412063121796,0.0020651206312179704,0.1480375253231069
1789260103.8115222,0.24147531390190125,-0.1447945237159729,-1.014373779296875,-2.6939022541046143,-0.24717161059379578,2.6052048206329346,0.6860681772232056,0.3034646511077881,-0.27318161725997925,0.15281245112419128,0.002293451124191298,0.17132016174909548
1789260103.8451436,0.23132842779159546,-0.14081667363643646,-0.9998292922973633,-2.692781686782837,-0.23878411948680878,2.6058099269866943,0.6931743025779724,0.30463695526123047,-0.2726840674877167,0.15302985906600952,0.0025108590660095353,0.19179700087998583
1789260103.8787396,0.22133298218250275,-0.13673533499240875,-0.9851316213607788,-2.691688299179077,-0.23039737343788147,2.6063952445983887,0.7003103494644165,0.30585744976997375,-0.272063672542572,0.1531759351491928,0.002656935149192824,0.2112177217315485
1789260103.912322,0.21125777065753937,-0.13267028331756592,-0.9704912900924683,-2.690600872039795,-0.2220923751592636,2.606994152069092,0.7074713110923767,0.30703744292259216,-0.27145814895629883,0.15327881276607513,0.002759812766075148,0.22555353545062423
1789260103.9458888,0.201560378074646,-0.12873658537864685,-0.956315815448761,-2.6896026134490967,-0.2138882577419281,2.607542037963867,0.7143309712409973,0.3081698417663574,-0.2708010673522949,0.1533159464597702,0.0027969464597702165,0.22899730459219447
1789260103.979472,0.19154100120067596,-0.1246473640203476,-0.9413374066352844,-2.688497304916382,-0.2054692953824997,2.6081795692443848,0.7215908765792847,0.3094576895236969,-0.2700396776199341,0.153351292014122,0.002832292014122023,0.23821110087806927
1789260104.0131047,0.18111306428909302,-0.12047666311264038,-0.9264465570449829,-2.687299966812134,-0.19685648381710052,2.608780860900879,0.7289531230926514,0.3106204867362976,-0.26942992210388184,0.1533472090959549,0.002828209095954909,0.23738826096775903
1789260104.0466897,0.17133869230747223,-0.1164693832397461,-0.9122470617294312,-2.686250686645508,-0.18871162831783295,2.6093130111694336,0.7358777523040771,0.3117244243621826,-0.26873543858528137,0.1532583385705948,0.0027393385705948015,0.2323900466696225
1789260104.0802329,0.16141293942928314,-0.11249839514493942,-0.8974732756614685,-2.6851580142974854,-0.18036210536956787,2.609919786453247,0.7430163025856018,0.3129759728908539,-0.26791468262672424,0.15318094193935394,0.0026619419393539567,0.2220563651924133
1789260104.1138523,0.15124556422233582,-0.10843053460121155,-0.8830012679100037,-2.683983087539673,-0.17189492285251617,2.6105175018310547,0.7501269578933716,0.31408852338790894,-0.2672601342201233,0.153053879737854,0.0025348797378540178,0.20747905542313175
1789260104.1475868,0.14138810336589813,-0.10432654619216919,-0.8680755496025085,-2.6828837394714355,-0.16357025504112244,2.6111080646514893,0.7573022246360779,0.3153635561466217,-0.2663261890411377,0.15286344289779663,0.0023444428977966447,0.19281449969864173
1789260104.181238,0.13121789693832397,-0.1002439484000206,-0.8534667491912842,-2.6818349361419678,-0.15509255230426788,2.6116623878479004,0.7645465731620789,0.3164466619491577,-0.2655319571495056,0.1526060551404953,0.002087055140495314,0.16432452156180907
1789260104.2148442,0.12141519784927368,-0.0963415801525116,-0.8392516374588013,-2.6806623935699463,-0.14699484407901764,2.612255096435547,0.7714364528656006,0.31759434938430786,-0.2647671103477478,0.15239441394805908,0.001875413948059096,0.14401765375946743
1789260104.2484922,0.11126888543367386,-0.09214719384908676,-0.824055552482605,-2.6794979572296143,-0.1384040117263794,2.6128580570220947,0.7787531614303589,0.3188609778881073,-0.2637845277786255,0.15208612382411957,0.0015671238241195817,0.11869406681127799
1789260104.2821217,0.10153575986623764,-0.08828512579202652,-0.8103358745574951,-2.6782357692718506,-0.13074053823947906,2.6132595539093018,0.7854210734367371,0.3198857307434082,-0.26311591267585754,0.15181055665016174,0.001291556650161757,0.1083523598284494
1789260104.315716,0.0932508185505867,-0.08503414690494537,-0.798449695110321,-2.6762967109680176,-0.125098317861557,2.6133015155792236,0.7910210490226746,0.3210684061050415,-0.262746125459671,0.1518409252166748,0.0013219252166748185,0.11869406681127799
1789260104.34929,0.08436968177556992,-0.08164974302053452,-0.7863038778305054,-2.6742753982543945,-0.11907211691141129,2.61330246925354,0.796936571598053,0.32216915488243103,-0.2624834477901459,0.15183742344379425,0.0013184234437942643,0.12511453444308365
1789260104.3828776,0.07478521019220352,-0.07804498076438904,-0.7733858227729797,-2.672006607055664,-0.11307953298091888,2.613278865814209,0.8030503392219543,0.32333657145500183,-0.2622731924057007,0.15184246003627777,0.0013234600362777849,0.1370561110185936
1789260104.4164798,0.0638791024684906,-0.07391796261072159,-0.7584534883499146,-2.668266534805298,-0.10717345774173737,2.612969398498535,0.8098816275596619,0.3250918984413147,-0.2623083293437958,0.15219129621982574,0.0016722962198257585,0.1866263135942662
1789260104.4500759,0.05292035639286041,-0.0699777826666832,-0.7438501715660095,-2.664729356765747,-0.10115968436002731,2.6124045848846436,0.8166565299034119,0.3266681730747223,-0.26232343912124634,0.1524597555398941,0.0019407555398941179,0.22381178101882981
1789260104.483622,0.041883211582899094,-0.06583280116319656,-0.7293516993522644,-2.6613357067108154,-0.0950990617275238,2.6118345260620117,0.8234812021255493,0.32811087369918823,-0.26231512427330017,0.15257447957992554,0.002055479579925551,0.25410897847036323
1789260104.517214,0.03109629824757576,-0.06172730401158333,-0.7144416570663452,-2.6578917503356934,-0.0891183614730835,2.611269474029541,0.8302963376045227,0.3297577202320099,-0.2620783746242523,0.15268978476524353,0.002170784765243544,0.2832403060742669
1789260104.5507774,0.02032654546201229,-0.05791398137807846,-0.7004637122154236,-2.6544318199157715,-0.08327783644199371,2.610762596130371,0.8368722200393677,0.3312363922595978,-0.26211246848106384,0.15285900235176086,0.002340002351760878,0.3006658966128945
1789260104.584372,0.00942366011440754,-0.053801339119672775,-0.6854691505432129,-2.6508677005767822,-0.07723820209503174,2.610201597213745,0.8437790274620056,0.33293160796165466,-0.26185446977615356,0.1529437005519867,0.002424700551986708,0.3189810748477827
1789260104.618061,-0.0019555387552827597,-0.04956734552979469,-0.6705837249755859,-2.64742374420166,-0.07106313109397888,2.609560012817383,0.8507394194602966,0.3343995213508606,-0.26170283555984497,0.15289948880672455,0.002380488806724562,0.3226406429090578
1789260104.651698,-0.012496023438870907,-0.04565282166004181,-0.6562438607215881,-2.6440205574035645,-0.06532157957553864,2.6090407371520996,0.8573198318481445,0.33600467443466187,-0.2614268958568573,0.15291616320610046,0.0023971632061004777,0.3268583580297319
1789260104.6853018,-0.023379754275083542,-0.04163410887122154,-0.6415829658508301,-2.6403892040252686,-0.059246212244033813,2.6085073947906494,0.8641277551651001,0.3376818597316742,-0.2611890435218811,0.15294715762138367,0.002428157621383681,0.3238513094526778
1789260104.7188976,-0.03446570411324501,-0.03754614666104317,-0.6270644664764404,-2.636990547180176,-0.05316455289721489,2.607907772064209,0.8708760738372803,0.3391605615615845,-0.2609509825706482,0.15283004939556122,0.002311049395561232,0.3071048841404182
1789260104.7525187,-0.045301008969545364,-0.03344620391726494,-0.6121962666511536,-2.6335532665252686,-0.04727689176797867,2.6073436737060547,0.8777585029602051,0.3408161699771881,-0.26049908995628357,0.15269458293914795,0.002175582939147963,0.2934198544058264
1789260104.786083,-0.056581683456897736,-0.029395349323749542,-0.5977270007133484,-2.629866361618042,-0.04119852930307388,2.606818199157715,0.8846241235733032,0.34237366914749146,-0.26037609577178955,0.1526315063238144,0.002112506323814406,0.2719624795332373
1789260104.819658,-0.067162424325943,-0.025456510484218597,-0.583523154258728,-2.6263957023620605,-0.035382743924856186,2.6063265800476074,0.8911831378936768,0.3439863622188568,-0.2600160539150238,0.1525009572505951,0.0019819572505951066,0.24469422950165987
1789260104.8533049,-0.07876423001289368,-0.021279698237776756,-0.5689905285835266,-2.6228718757629395,-0.029358867555856705,2.6057653427124023,0.8981212377548218,0.34539422392845154,-0.25986340641975403,0.15226756036281586,0.0017485603628158708,0.20935673428581142
1789260104.886924,-0.08945532888174057,-0.017365356907248497,-0.5549954771995544,-2.619428873062134,-0.023670345544815063,2.605273485183716,0.9046558737754822,0.3469255566596985,-0.2595452666282654,0.15207384526729584,0.0015548452672958513,0.1747129721695325
1789260104.9205163,-0.09947705268859863,-0.013722160831093788,-0.5420533418655396,-2.6160385608673096,-0.01872793398797512,2.6047956943511963,0.9106612801551819,0.3483792245388031,-0.2593381404876709,0.15193180739879608,0.0014128073987960954,0.1480375253231069
1789260104.954135,-0.10822328925132751,-0.010839966125786304,-0.5312102437019348,-2.6131818294525146,-0.015227153897285461,2.6041738986968994,0.915833592414856,0.3494974672794342,-0.25926434993743896,0.15184427797794342,0.0013252779779434343,0.1341703946898555
1789260104.9876838,-0.11674032360315323,-0.007954968139529228,-0.5205734372138977,-2.610320806503296,-0.011864902451634407,2.6036627292633057,0.9208986759185791,0.35064268112182617,-0.25918376445770264,0.15175090730190277,0.0012319073019027849,0.12194656246489412
1789260105.02131,-0.12628132104873657,-0.00484037259593606,-0.5084920525550842,-2.606898307800293,-0.009279926307499409,2.602886199951172,0.9264354705810547,0.35202354192733765,-0.259088397026062,0.15173277258872986,0.0012137725887298723,0.13988230894202303
1789260105.0549521,-0.1376459151506424,-0.00156338419765234,-0.49444589018821716,-2.6026313304901123,-0.007242707535624504,2.601840019226074,0.9327170252799988,0.35369837284088135,-0.25914785265922546,0.1519116908311844,0.001392690831184401,0.17582936122100767
1789260105.08859,-0.1493356078863144,0.0020383521914482117,-0.479266881942749,-2.598130226135254,-0.005312356166541576,2.6008105278015137,0.9393508434295654,0.35562562942504883,-0.258957177400589,0.15202751755714417,0.001508517557144179,0.216704816531638
1789260105.122209,-0.16135026514530182,0.0054692537523806095,-0.4650469124317169,-2.5939724445343018,-0.0031889446545392275,2.5996205806732178,0.9458888173103333,0.35709571838378906,-0.259073406457901,0.15205052495002747,0.0015315249500274797,0.23903110827999308
1789260105.1558053,-0.1723582148551941,0.008749089203774929,-0.4503307342529297,-2.58951473236084,-0.0010307907359674573,2.5985770225524902,0.9522256255149841,0.3591350018978119,-0.25873199105262756,0.1522315889596939,0.0017125889596939226,0.25868789467819786
1789260105.1895435,-0.18363939225673676,0.012116248719394207,-0.43471136689186096,-2.5853259563446045,0.0009827882749959826,2.597215414047241,0.9589482545852661,0.3611619770526886,-0.2580147087574005,0.1522311568260193,0.001712156826019301,0.26834097331534673
1789260105.2231264,-0.19566473364830017,0.015926992520689964,-0.4194276034832001,-2.581003189086914,0.0030786918941885233,2.596040964126587,0.9657578468322754,0.36292538046836853,-0.2576991021633148,0.15209488570690155,0.0015758857069015642,0.2818552568026587
1789260105.2567272,-0.20747901499271393,0.01934945024549961,-0.40551161766052246,-2.5766353607177734,0.005064499098807573,2.5950024127960205,0.9721449017524719,0.3645050525665283,-0.25782468914985657,0.1521272510290146,0.0016082510290146013,0.2887140663131333
1789260105.2902994,-0.21959538757801056,0.022719290107488632,-0.3910732567310333,-2.5721609592437744,0.007058584596961737,2.5938973426818848,0.9787598848342896,0.366190105676651,-0.2578665614128113,0.15219350159168243,0.001674501591682448,0.29006636730293733
1789260105.3240044,-0.23140037059783936,0.02635439857840538,-0.37606313824653625,-2.567753314971924,0.009078886359930038,2.592756509780884,0.9854243993759155,0.36803069710731506,-0.25752031803131104,0.15210182964801788,0.0015828296480178972,0.28530527306726555
1789260105.357631,-0.2433057427406311,0.029845895245671272,-0.36161768436431885,-2.5634069442749023,0.011050486005842686,2.5916621685028076,0.9919702410697937,0.36971378326416016,-0.2573888599872589,0.1520361602306366,0.0015171602306366105,0.27411241809811104
1789260105.3912795,-0.2550976276397705,0.03331004083156586,-0.3466496467590332,-2.5588138103485107,0.013063216581940651,2.590587854385376,0.9986433386802673,0.37167835235595703,-0.25706252455711365,0.15205296874046326,0.0015339687404632707,0.2579303869547666
1789260105.4248424,-0.2668611407279968,0.036684006452560425,-0.3326635956764221,-2.5545597076416016,0.015080725774168968,2.5894858837127686,1.0050606727600098,0.3732756972312927,-0.25697648525238037,0.15197312831878662,0.001454128318786635,0.23323052090303778
1789260105.4585114,-0.27874696254730225,0.04027455672621727,-0.31750956177711487,-2.54999041557312,0.017112622037529945,2.5883827209472656,1.01175856590271,0.37524229288101196,-0.25654175877571106,0.1518922746181488,0.0013732746181488176,0.20463023449693923
1789260105.4921343,-0.2906365990638733,0.04371901974081993,-0.3031836450099945,-2.5457890033721924,0.0191008560359478,2.5872299671173096,1.0182744264602661,0.3768658936023712,-0.2562994956970215,0.15172767639160156,0.0012086763916015764,0.17358940356200137
1789260105.5257072,-0.301931768655777,0.04705994203686714,-0.28908753395080566,-2.5416040420532227,0.02105134166777134,2.5861825942993164,1.024547815322876,0.3786180019378662,-0.25591158866882324,0.15159985423088074,0.0010808542308807512,0.1341703946898555
1789260105.5593178,-0.3124639689922333,0.04990159347653389,-0.2763487696647644,-2.537881374359131,0.02222091518342495,2.58535099029541,1.0305429697036743,0.3801378607749939,-0.2556888163089752,0.15154126286506653,0.0010222628650665422,0.11014342980975618
1789260105.592895,-0.3223841190338135,0.05173064023256302,-0.2646995484828949,-2.5353903770446777,0.02227224037051201,2.5845773220062256,1.0362672805786133,0.3811902701854706,-0.2554072141647339,0.15149076282978058,0.0009717628297805925,0.1083523598284494
1789260105.6264322,-0.3322535455226898,0.0536913126707077,-0.2527979016304016,-2.532611846923828,0.0222762580960989,2.583925724029541,1.0420498847961426,0.3824402987957001,-0.25508323311805725,0.15149153769016266,0.0009725376901626726,0.10087055545943382
1789260105.660097,-0.3438163995742798,0.05557071417570114,-0.2391243278980255,-2.530092477798462,0.02217894420027733,2.583167314529419,1.0485877990722656,0.38360509276390076,-0.25462812185287476,0.1514115333557129,0.0008925333557129045,0.09278741380920028
1789260105.69367,-0.35612502694129944,0.05738901346921921,-0.22436287999153137,-2.527346611022949,0.021098414435982704,2.582498788833618,1.0558433532714844,0.38496342301368713,-0.25412487983703613,0.15144003927707672,0.000921039277076735,0.09891171693842998
1789260105.727271,-0.3686898350715637,0.05914706736803055,-0.20975790917873383,-2.5246894359588623,0.02002704329788685,2.5817959308624268,1.0631654262542725,0.3861882984638214,-0.25374603271484375,0.1514606475830078,0.0009416475830078264,0.10279207254188717
1789260105.7608469,-0.3806697726249695,0.06093522533774376,-0.19552020728588104,-2.5221378803253174,0.01895352452993393,2.5811102390289307,1.0702053308486938,0.38742533326148987,-0.2532476782798767,0.15143270790576935,0.000913707905769362,0.10653118153060223
1789260105.7944067,-0.39332112669944763,0.0628141388297081,-0.18080393970012665,-2.5195729732513428,0.017868272960186005,2.580369710922241,1.077591061592102,0.3885999023914337,-0.2527996897697449,0.151360884308815,0.0008418843088150163,0.11364091540157657
1789260105.8280644,-0.40606728196144104,0.06463352590799332,-0.165689155459404,-2.5169103145599365,0.016730928793549538,2.579648017883301,1.0850778818130493,0.38991019129753113,-0.2522521913051605,0.1513517051935196,0.0008327051935196061,0.11364091540157657
1789260105.8616395,-0.41822972893714905,0.06641801446676254,-0.1515618860721588,-2.514320135116577,0.0156730767339468,2.578967809677124,1.0921379327774048,0.39110368490219116,-0.25184687972068787,0.15134210884571075,0.0008231088457107683,0.11014342980975618
1789260105.895244,-0.4306005835533142,0.06814070045948029,-0.13679873943328857,-2.5116639137268066,0.014543919824063778,2.578280448913574,1.0994153022766113,0.39244699478149414,-0.2512807250022888,0.1513831466436386,0.0008641466436386247,0.10087055545943382
1789260105.9288526,-0.4429747462272644,0.06992419809103012,-0.12214415520429611,-2.508974313735962,0.013434155844151974,2.577569007873535,1.1066474914550781,0.3937661349773407,-0.2507493793964386,0.15140916407108307,0.0008901640710830827,0.08622923312351063
1789260105.9625118,-0.4555273652076721,0.07169118523597717,-0.10747285187244415,-2.50643253326416,0.012326057069003582,2.5768465995788574,1.1140239238739014,0.3949887156486511,-0.2502327561378479,0.15139128267765045,0.0008722826776504655,0.07661668268387072
1789260105.9962347,-0.46754199266433716,0.07350729405879974,-0.09310208261013031,-2.503882884979248,0.01124963816255331,2.5761749744415283,1.1210477352142334,0.3962787091732025,-0.24961821734905243,0.15136246383190155,0.0008434638319015642,0.06852804325551864
1789260106.0298214,-0.47923198342323303,0.07520824670791626,-0.0794195607304573,-2.501457691192627,0.010222181677818298,2.5755107402801514,1.1277905702590942,0.397447794675827,-0.24912212789058685,0.15134873986244202,0.0008297398624420305,0.0625572578997782
1789260106.0635574,-0.4913197457790375,0.07692267745733261,-0.06495839357376099,-2.498826742172241,0.00914926640689373,2.5748350620269775,1.1349542140960693,0.3988012671470642,-0.24850887060165405,0.15140460431575775,0.0008856043157577653,0.03956468264845247
1789260106.0971434,-0.4996684789657593,0.07811085879802704,-0.05510822311043739,-2.497126817703247,0.008476768620312214,2.5743343830108643,1.1392772197723389,0.39964941143989563,-0.24809962511062622,0.15139909088611603,0.0008800908861160417,0.044234660174789026
1789260106.130701,-0.5065171122550964,0.07911811769008636,-0.04717418923974037,-2.495669364929199,0.007793798111379147,2.573977470397949,1.1428823471069336,0.4003376364707947,-0.24784451723098755,0.15140901505947113,0.0008900150594711442,0.048456642643301504
1789260106.1643279,-0.5134628415107727,0.0801035538315773,-0.038897037506103516,-2.4942164421081543,0.0071470472030341625,2.5735602378845215,1.1466188430786133,0.40108218789100647,-0.2474769800901413,0.15142354369163513,0.0009045436916351457,0.05595291190411357
1789260106.1979485,-0.5169261693954468,0.08061724901199341,-0.03491155430674553,-2.493492603302002,0.006803372874855995,2.573352098464966,1.1501652002334595,0.4014137089252472,-0.2473495751619339,0.1514209359884262,0.0009019359884262224,0.059347025446578223
1789260106.2315714,-0.5176863074302673,0.0806664377450943,-0.033397603780031204,-2.4933855533599854,0.006736232899129391,2.5733091831207275,1.1545829772949219,0.4016377031803131,-0.24705003201961517,0.15143097937107086,0.0009119793710708757,0.06852804325551864
1789260106.2651575,-0.5183942317962646,0.080742247402668,-0.03187509626150131,-2.4932444095611572,0.006619448307901621,2.5732786655426025,1.1589899063110352,0.40188783407211304,-0.24673515558242798,0.1514420211315155,0.0009230211315155168,0.06852804325551864
1789260106.2987227,-0.516494631767273,0.08067960292100906,-0.03261813148856163,-2.493330240249634,0.006593714002519846,2.573242664337158,1.169173240661621,0.4021351635456085,-0.24625924229621887,0.15143810212612152,0.0009191021261215349,0.07132624918176021
1789260106.3323045,-0.5132837295532227,0.08033070713281631,-0.03356896713376045,-2.4939987659454346,0.006546273827552795,2.5732409954071045,1.1852166652679443,0.40245842933654785,-0.24522340297698975,0.15136028826236725,0.0008412882623672624,0.07401874722002606
1789260106.3659914,-0.5101316571235657,0.07987937331199646,-0.034520819783210754,-2.4946627616882324,0.006625472567975521,2.5732858180999756,1.2007499933242798,0.4027934968471527,-0.24422256648540497,0.15133652091026306,0.0008175209102630754,0.08156468806857739
1789260106.3995574,-0.5068038702011108,0.07940622419118881,-0.03559556230902672,-2.495288133621216,0.006751866079866886,2.5734493732452393,1.2175636291503906,0.40318018198013306,-0.24322450160980225,0.15134766697883606,0.0008286669788360734,0.08156468806857739
1789260106.4330974,-0.5032750964164734,0.07886159420013428,-0.036684293299913406,-2.496028423309326,0.0068654753267765045,2.573596477508545,1.2356493473052979,0.4035694897174835,-0.2421264797449112,0.15134912729263306,0.0008301272926330705,0.08392937202498843
1789260106.4667275,-0.4999726116657257,0.07838988304138184,-0.03770356997847557,-2.4966981410980225,0.007007928565144539,2.573763132095337,1.2526451349258423,0.4039408266544342,-0.24110294878482819,0.15134353935718536,0.0008245393571853776,0.08392937202498843
1789260106.5002954,-0.4966774880886078,0.0778500884771347,-0.03874567523598671,-2.497462511062622,0.007082415744662285,2.573942184448242,1.2699981927871704,0.4042739272117615,-0.2400772124528885,0.15133661031723022,0.0008176103172302385,0.08846932694105811
1789260106.5339093,-0.4945937395095825,0.07757396996021271,-0.03944632411003113,-2.4978222846984863,0.0072385030798614025,2.574023962020874,1.2811236381530762,0.404511421918869,-0.2394637167453766,0.15134379267692566,0.000824792676925673,0.08846932694105811
1789260106.567525,-0.4925529360771179,0.07733529806137085,-0.04027765989303589,-2.4982151985168457,0.007250391878187656,2.5741350650787354,1.2911477088928223,0.40468811988830566,-0.2389182299375534,0.1513241082429886,0.0008051082429886003,0.09065408419654447
1789260106.6010935,-0.4908351004123688,0.07675297558307648,-0.040467679500579834,-2.4989218711853027,0.007334595546126366,2.574246883392334,1.2994816303253174,0.4048675000667572,-0.2381860464811325,0.15135082602500916,0.0008318260250091691,0.09065408419654447
1789260106.634673,-0.49162906408309937,0.07397870719432831,-0.0365448035299778,-2.5031185150146484,0.007043155841529369,2.575434923171997,1.3036284446716309,0.4045071303844452,-0.23621587455272675,0.15122643113136292,0.0007074311313629289,0.11190583714844751
1789260106.6682398,-0.4925057590007782,0.06997152417898178,-0.03116855025291443,-2.5083072185516357,0.006445243954658508,2.5766499042510986,1.3080741167068481,0.4042387902736664,-0.23355893790721893,0.15131789445877075,0.0007988944587707658,0.11534989781745353
1789260106.7018847,-0.493415892124176,0.0661165714263916,-0.025507532060146332,-2.5132384300231934,0.0058532110415399075,2.5778698921203613,1.3126059770584106,0.4040968418121338,-0.23085922002792358,0.15142910182476044,0.0009101018247604509,0.11703392759136522
1789260106.7355156,-0.49505677819252014,0.05961780622601509,-0.016285061836242676,-2.522594451904297,0.004837822634726763,2.5799670219421387,1.3214367628097534,0.4032719135284424,-0.2262631058692932,0.15123707056045532,0.0007180705604553361,0.15949038294479406
1789260106.7691386,-0.49660393595695496,0.052466534078121185,-0.006207532715052366,-2.531811475753784,0.003766060806810856,2.58246111869812,1.3304270505905151,0.40283825993537903,-0.22144828736782074,0.1514221429824829,0.000903142982482924,0.13988230894202303
1789260106.8027148,-0.4981882572174072,0.04562162235379219,0.003438039682805538,-2.540917158126831,0.0026392361614853144,2.584787607192993,1.33930242061615,0.4022015631198883,-0.21685001254081726,0.15148085355758667,0.0009618535575866838,0.13270400689029618
1789260106.8362598,-0.4990464448928833,0.04095635563135147,0.010069478303194046,-2.5475406646728516,0.002002863446250558,2.586110830307007,1.3450528383255005,0.40156352519989014,-0.21349921822547913,0.15134137868881226,0.0008223786888122697,0.15949038294479406
1789260106.869889,-0.4992748200893402,0.03793986141681671,0.015379851683974266,-2.551607131958008,0.0017996573587879539,2.5874416828155518,1.349130392074585,0.40160834789276123,-0.21088692545890808,0.15136800706386566,0.0008490070638656755,0.14935344105781187
1789260106.903486,-0.49919331073760986,0.03437120467424393,0.021296516060829163,-2.556392192840576,0.001446699257940054,2.588580369949341,1.3534183502197266,0.4015602767467499,-0.20778301358222961,0.15136747062206268,0.000848470622062697,0.1506578634376723
1789260106.9371219,-0.4943976402282715,0.03143526241183281,0.02826469950377941,-2.560047149658203,0.0019040672341361642,2.5895469188690186,1.3556150197982788,0.40303999185562134,-0.20252475142478943,0.1514689326286316,0.0009499326286316057,0.1532333996180995
1789260106.970678,-0.48711681365966797,0.028429459780454636,0.038939040154218674,-2.5638427734375,0.003083117539063096,2.5905282497406006,1.3574384450912476,0.405632346868515,-0.1946966052055359,0.151552215218544,0.0010332152185440202,0.1855748884546529
1789260107.0042331,-0.48007872700691223,0.025180384516716003,0.04945032298564911,-2.5680911540985107,0.004383510909974575,2.5914409160614014,1.35935378074646,0.40781623125076294,-0.18693386018276215,0.15157385170459747,0.001054851704597487,0.2272819425665676
1789260107.0378754,-0.472227543592453,0.021369142457842827,0.06207071244716644,-2.572924852371216,0.005973633378744125,2.5926311016082764,1.3616795539855957,0.4102547764778137,-0.17790471017360687,0.1516592651605606,0.0011402651605606218,0.27051969489285804
1789260107.0714922,-0.4624245762825012,0.01665510982275009,0.07697726786136627,-2.578913927078247,0.007670748978853226,2.5939905643463135,1.3646329641342163,0.41285184025764465,-0.16698144376277924,0.15174324810504913,0.0012242481050491472,0.3140353198057528
1789260107.1051068,-0.4526687562465668,0.011710413731634617,0.09181004762649536,-2.5847136974334717,0.009412959218025208,2.595463991165161,1.3675646781921387,0.415277361869812,-0.15617124736309052,0.15199702978134155,0.0014780297813415666,0.34548425510700487
1789260107.1387374,-0.44316983222961426,0.0071999067440629005,0.10639000684022903,-2.59055495262146,0.011163754388689995,2.59682035446167,1.3705084323883057,0.41722097992897034,-0.14553174376487732,0.1520225554704666,0.0015035554704666276,0.3789758241505559
1789260107.1723535,-0.4338422417640686,0.002507558325305581,0.12075170874595642,-2.5965960025787354,0.012979619204998016,2.5981688499450684,1.373452067375183,0.41876402497291565,-0.13505618274211884,0.1520441174507141,0.0015251174507141252,0.404935262540025
1789260107.206042,-0.4240223467350006,-0.0021337210200726986,0.13566651940345764,-2.6025466918945312,0.014766514301300049,2.5995535850524902,1.3763813972473145,0.42020517587661743,-0.12418650090694427,0.15206556022167206,0.001546560221672072,0.4228991070506066
1789260107.2396266,-0.4145396053791046,-0.00660198787227273,0.1500779539346695,-2.6080832481384277,0.016543038189411163,2.6009914875030518,1.379223108291626,0.4214390814304352,-0.1137513816356659,0.15215010941028595,0.0016311094102859636,0.4320538712014663
1789260107.273275,-0.40490394830703735,-0.01166431326419115,0.16487698256969452,-2.614288330078125,0.01840553805232048,2.6023545265197754,1.3822357654571533,0.4222200810909271,-0.10308133065700531,0.15222997963428497,0.001710979634284987,0.4320538712014663
1789260107.3068752,-0.3955163359642029,-0.015995096415281296,0.17921289801597595,-2.6199047565460205,0.020169511437416077,2.603748321533203,1.3850940465927124,0.42282360792160034,-0.09278441965579987,0.15219175815582275,0.0016727581558227678,0.4288719328188791
1789260107.3405406,-0.3858654201030731,-0.020618977025151253,0.19389210641384125,-2.6259994506835938,0.021996401250362396,2.6050448417663574,1.3880059719085693,0.4230109751224518,-0.08225401490926743,0.1520826518535614,0.0015636518535614152,0.41777848794322114
1789260107.374124,-0.3761856257915497,-0.025440016761422157,0.20866844058036804,-2.631803512573242,0.02385178580880165,2.6065354347229004,1.3910026550292969,0.4231504797935486,-0.07178672403097153,0.15215769410133362,0.001638694101333632,0.39564760470754784
1789260107.4078157,-0.3666510581970215,-0.030083876103162766,0.2232639342546463,-2.6375181674957275,0.02563159540295601,2.6079769134521484,1.3939077854156494,0.42300382256507874,-0.06152215600013733,0.15216556191444397,0.0016465619144439836,0.36584023980959013
1789260107.4415646,-0.357013076543808,-0.03482856601476669,0.23796865344047546,-2.643639087677002,0.02742931805551052,2.6092963218688965,1.3968342542648315,0.42239829897880554,-0.05122354254126549,0.15203937888145447,0.0015203788814544816,0.32805345982048595
1789260107.4751942,-0.3479457199573517,-0.039170168340206146,0.25194424390792847,-2.649188280105591,0.029116038233041763,2.6106488704681396,1.3995702266693115,0.42170193791389465,-0.04156706482172012,0.15193340182304382,0.001414401823043837,0.2859902821318441
1789260107.5088062,-0.3391023278236389,-0.04341619834303856,0.26564347743988037,-2.654747486114502,0.030754584819078445,2.6118717193603516,1.4022612571716309,0.42071136832237244,-0.032196011394262314,0.15175485610961914,0.0012358561096191545,0.24228338651132322
1789260107.542388,-0.33008435368537903,-0.04790510982275009,0.27931591868400574,-2.66007924079895,0.0324665792286396,2.6132664680480957,1.4049538373947144,0.4196988046169281,-0.02287287265062332,0.15175014734268188,0.0012311473426818986,0.1834539611091176
1789260107.5759785,-0.3236982524394989,-0.05123240128159523,0.28932541608810425,-2.663975954055786,0.03355719894170761,2.614121198654175,1.4067835807800293,0.4187922477722168,-0.016198694705963135,0.15173693001270294,0.0012179300127029558,0.13562092827251515
1789260107.609557,-0.3194136917591095,-0.05331798270344734,0.2956157922744751,-2.666879415512085,0.03462795913219452,2.614828109741211,1.4080153703689575,0.41797634959220886,-0.011903532780706882,0.15157510340213776,0.0010561034021377702,0.11869406681127799
1789260107.643115,-0.3145934045314789,-0.05582037195563316,0.3025974631309509,-2.670316696166992,0.03559655696153641,2.615511417388916,1.4093466997146606,0.4169202744960785,-0.007154673803597689,0.15138041973114014,0.0008614197311401506,0.09691329395132914
1789260107.6767657,-0.31182390451431274,-0.05658989027142525,0.3083258271217346,-2.6712236404418945,0.035902056843042374,2.615915060043335,1.4118901491165161,0.416711688041687,-0.003711048746481538,0.15136399865150452,0.0008449986515045305,0.07912937001338383
1789260107.7104037,-0.31137076020240784,-0.05481865257024765,0.31331494450569153,-2.6685521602630615,0.034654032438993454,2.6157453060150146,1.4167500734329224,0.4177069365978241,-0.0014144143788143992,0.15154853463172913,0.0010295346317291398,0.03956468264845247
1789260107.7440262,-0.3111456632614136,-0.05267266929149628,0.3182324767112732,-2.666419267654419,0.03335734084248543,2.615173101425171,1.421594262123108,0.41827088594436646,0.0007874769507907331,0.15136054158210754,0.0008415415821075578,0.059347025446578223
1789260107.7776265,-0.3101138472557068,-0.05016865208745003,0.3259647786617279,-2.663567066192627,0.031493477523326874,2.6145405769348145,1.4282326698303223,0.41908809542655945,0.004501967690885067,0.15125992894172668,0.0007409289417266984,0.07401874722002606
1789260107.8111746,-0.3088310956954956,-0.0460619293153286,0.33789944648742676,-2.6584341526031494,0.0286332368850708,2.6135852336883545,1.4389216899871826,0.4206183850765228,0.010173967108130455,0.15127156674861908,0.0007525667486190935,0.08392937202498843
1789260107.8447464,-0.3076978027820587,-0.042109206318855286,0.3495652973651886,-2.653672456741333,0.02577148750424385,2.6125059127807617,1.449215292930603,0.42189663648605347,0.015709731727838516,0.15121042728424072,0.0006914272842407365,0.11534989781745353
1789260107.8783147,-0.30651259422302246,-0.03758621588349342,0.3630118668079376,-2.6485230922698975,0.022516384720802307,2.611351490020752,1.4610235691070557,0.4231407940387726,0.02208883874118328,0.15104949474334717,0.0005304947433471818,0.15576635622796445
1789260107.9119952,-0.30533453822135925,-0.03243360295891762,0.37712544202804565,-2.6425464153289795,0.01890944316983223,2.610015869140625,1.4738432168960571,0.42453810572624207,0.028857339173555374,0.15092125535011292,0.0004022553501129289,0.18974563519333634
1789260107.9455864,-0.30373314023017883,-0.027416085824370384,0.3920171558856964,-2.6364190578460693,0.015103461220860481,2.6087071895599365,1.4869191646575928,0.4258922338485718,0.036197323352098465,0.15091130137443542,0.00039230137443543867,0.20935673428581142
1789260107.9791942,-0.3023570775985718,-0.022288229316473007,0.4067918658256531,-2.630145311355591,0.011323066428303719,2.6073617935180664,1.5002310276031494,0.4271853268146515,0.04347996786236763,0.15092214941978455,0.00040314941978455976,0.21850322975887923
1789260108.0127654,-0.3011949956417084,-0.017230438068509102,0.4211239814758301,-2.6241421699523926,0.007680934853851795,2.605992317199707,1.5133132934570312,0.42826563119888306,0.0505383238196373,0.1508813202381134,0.0003623202381134172,0.22555353545062423
1789260108.0463703,-0.299611359834671,-0.01201075129210949,0.436056524515152,-2.6181845664978027,0.0038704334292560816,2.6046085357666016,1.5264748334884644,0.42912259697914124,0.0580977126955986,0.15077611804008484,0.00025711804008485273,0.23490244801451995
1789260108.080121,-0.29835033416748047,-0.006798374932259321,0.4505702257156372,-2.6120262145996094,0.0001230548368766904,2.6033012866973877,1.539662480354309,0.430017352104187,0.06542172282934189,0.15077315270900726,0.00025415270900727704,0.22468434599379783
1789260108.1136842,-0.29685598611831665,-0.0018274197354912758,0.4653298556804657,-2.6059234142303467,-0.003617307171225548,2.6020076274871826,1.5528029203414917,0.4307764768600464,0.07299768924713135,0.15086789429187775,0.00034889429187776044,0.201741189079591
1789260108.1472905,-0.29558056592941284,0.003300089156255126,0.47992318868637085,-2.5996601581573486,-0.0073358239606022835,2.6006929874420166,1.565894603729248,0.4314870834350586,0.08049050718545914,0.15098054707050323,0.0004615470705032487,0.1666890263349369
1789260108.180949,-0.29418110847473145,0.008267818950116634,0.4941098093986511,-2.5940446853637695,-0.010910071432590485,2.599332809448242,1.5786508321762085,0.43180105090141296,0.08785062283277512,0.15094560384750366,0.00042660384750367597,0.1480375253231069
1789260108.21462,-0.29284581542015076,0.012830102816224098,0.5073434710502625,-2.5886588096618652,-0.013978776521980762,2.598355770111084,1.5899111032485962,0.43212708830833435,0.09480524808168411,0.15104171633720398,0.0005227163372039934,0.10087055545943382
1789260108.248187,-0.29196953773498535,0.016587451100349426,0.5180612802505493,-2.584214925765991,-0.01682642288506031,2.5972323417663574,1.5999138355255127,0.4322986304759979,0.10036390274763107,0.15111275017261505,0.0005937501726150651,0.08156468806857739
1789260108.2818036,-0.29109352827072144,0.020334523171186447,0.5281041860580444,-2.5796523094177246,-0.019535213708877563,2.5963456630706787,1.6094119548797607,0.43258070945739746,0.10568372905254364,0.1512640416622162,0.0007450416622162004,0.048456642643301504
1789260108.3153508,-0.2901756763458252,0.02263953723013401,0.535511314868927,-2.5768253803253174,-0.02122335322201252,2.595733880996704,1.6152667999267578,0.4325462579727173,0.10966762155294418,0.15137258172035217,0.0008535817203521867,0.03426402009603798
1789260108.3489316,-0.28998199105262756,0.02386082522571087,0.5396531820297241,-2.575488328933716,-0.02226250246167183,2.5952796936035156,1.618787407875061,0.4324202537536621,0.1117199957370758,0.1513655036687851,0.0008465036687851091,0.05595291190411357
1789260108.3825843,-0.28982025384902954,0.02539423666894436,0.5437846183776855,-2.5736587047576904,-0.02323591522872448,2.594996690750122,1.6223382949829102,0.432506799697876,0.11384331434965134,0.15143267810344696,0.0009136781034469743,0.0625572578997782
1789260108.4162588,-0.2886618375778198,0.026790015399456024,0.5452997088432312,-2.5720064640045166,-0.024495812132954597,2.594451427459717,1.6257156133651733,0.43265554308891296,0.11520501971244812,0.15145210921764374,0.0009331092176437517,0.06561060592844098
1789260108.4497955,-0.2865127921104431,0.028623487800359726,0.543021023273468,-2.5694997310638428,-0.026018362492322922,2.593872547149658,1.629035234451294,0.433449923992157,0.11545147746801376,0.1515827476978302,0.001063747697830214,0.06852804325551864
1789260108.4833746,-0.2846386432647705,0.030674448236823082,0.5398451685905457,-2.5671308040618896,-0.027564628049731255,2.5931198596954346,1.632522463798523,0.4342387318611145,0.11516512185335159,0.15155629813671112,0.0010372981367111345,0.07661668268387072
1789260108.517056,-0.2815946042537689,0.03332774341106415,0.5358598828315735,-2.5639214515686035,-0.029773447662591934,2.5921573638916016,1.6371452808380127,0.43524691462516785,0.1151215061545372,0.1515703648328781,0.0010513648328781267,0.08622923312351063
1789260108.5506191,-0.27572187781333923,0.038809340447187424,0.5286695957183838,-2.55666184425354,-0.034132830798625946,2.5903751850128174,1.6470177173614502,0.4375995993614197,0.11538003385066986,0.15183362364768982,0.0013146236476898332,0.10087055545943382
1789260108.584237,-0.26961442828178406,0.04471144080162048,0.5215448141098022,-2.549708604812622,-0.03865550085902214,2.5883138179779053,1.657044768333435,0.4396398961544037,0.11570390313863754,0.15177468955516815,0.0012556895551681657,0.11364091540157657
1789260108.6178205,-0.263052374124527,0.051008157432079315,0.5130249857902527,-2.5422379970550537,-0.043646231293678284,2.5862314701080322,1.6681920289993286,0.44196271896362305,0.11563150584697723,0.15170197188854218,0.0011829718885421892,0.11703392759136522
1789260108.651473,-0.2539725601673126,0.06011052802205086,0.5011696219444275,-2.5309741497039795,-0.05035979673266411,2.5834054946899414,1.6834704875946045,0.44556429982185364,0.11556756496429443,0.1517309844493866,0.0012119844493866105,0.12666881248565126
1789260108.6850452,-0.24495995044708252,0.06876915693283081,0.489429771900177,-2.520212411880493,-0.05715222656726837,2.580451250076294,1.6987789869308472,0.44896501302719116,0.11536316573619843,0.15168629586696625,0.0011672958669662614,0.11190583714844751
1789260108.718653,-0.2360127568244934,0.07704193890094757,0.47856879234313965,-2.5101990699768066,-0.06404135376214981,2.577404737472534,1.713476300239563,0.45195916295051575,0.11535973846912384,0.15147769451141357,0.0009586945114135881,0.07401874722002606
1789260108.7522717,-0.22769133746623993,0.08528395742177963,0.4683026671409607,-2.4996583461761475,-0.0684177428483963,2.5739481449127197,1.7268948554992676,0.45510050654411316,0.11541034281253815,0.15139612555503845,0.000877125555038466,0.10653118153060223
1789260108.7858684,-0.22009818255901337,0.09322541207075119,0.4574250876903534,-2.487924337387085,-0.07251816987991333,2.5707929134368896,1.740037441253662,0.45906862616539,0.11491598188877106,0.1518412083387375,0.0013222083387375017,0.11190583714844751
1789260108.8195364,-0.21189798414707184,0.10246704518795013,0.44600778818130493,-2.476094961166382,-0.076792411506176,2.5671355724334717,1.7539178133010864,0.46273326873779297,0.11439279466867447,0.15166351199150085,0.0011445119915008684,0.13988230894202303
1789260108.8531566,-0.20212188363075256,0.11262407153844833,0.432852178812027,-2.4619717597961426,-0.08178336173295975,2.563171863555908,1.7701663970947266,0.4672791659832001,0.11388851702213287,0.15180030465126038,0.0012813046512603898,0.14401765375946743
1789260108.886751,-0.19341829419136047,0.12219537794589996,0.42044469714164734,-2.449262857437134,-0.08633804321289062,2.5592498779296875,1.7851173877716064,0.47128164768218994,0.11301816999912262,0.15162678062915802,0.0011077806291580339,0.13270400689029618
1789260108.920344,-0.18418261408805847,0.13168944418430328,0.4081551134586334,-2.4361023902893066,-0.09100691974163055,2.555338144302368,1.8004767894744873,0.4754303991794586,0.11240525543689728,0.15159420669078827,0.001075206690788283,0.10653118153060223
1789260108.9540927,-0.17638063430786133,0.1397542953491211,0.3981143534183502,-2.4252586364746094,-0.09406725317239761,2.5515122413635254,1.8132660388946533,0.4786328971385956,0.11197686195373535,0.1513618528842926,0.0008428528842926164,0.10467832346762979
1789260108.9877353,-0.16875649988651276,0.147725448012352,0.38797274231910706,-2.4126014709472656,-0.09596971422433853,2.5477614402770996,1.8260629177093506,0.48273688554763794,0.11156195402145386,0.15180402994155884,0.0012850299415588518,0.12194656246489412
1789260109.021346,-0.16096922755241394,0.15623250603675842,0.37794920802116394,-2.4006240367889404,-0.09800830483436584,2.543700933456421,1.8388549089431763,0.48631715774536133,0.11116308718919754,0.15168482065200806,0.0011658206520080705,0.1341703946898555
1789260109.055016,-0.15258045494556427,0.16528211534023285,0.36698010563850403,-2.3871915340423584,-0.1000095084309578,2.5394933223724365,1.8528110980987549,0.490480899810791,0.1106422170996666,0.1517678201198578,0.001248820119857802,0.14265252599748507
1789260109.0886207,-0.14348913729190826,0.17548318207263947,0.3545340597629547,-2.3722922801971436,-0.10205298662185669,2.5347952842712402,1.8682337999343872,0.4950949251651764,0.10974850505590439,0.1517154425382614,0.0011964425382614274,0.14401765375946743
1789260109.1221755,-0.13442577421665192,0.18531647324562073,0.3426281213760376,-2.3578553199768066,-0.10415492951869965,2.5300912857055664,1.8832894563674927,0.4994821548461914,0.10899510979652405,0.1516241878271103,0.0011051878271103044,0.1282042487280194
1789260109.155763,-0.12609629333019257,0.19402100145816803,0.3323453664779663,-2.344923734664917,-0.10574021935462952,2.5258543491363525,1.8967044353485107,0.5033429265022278,0.10857772082090378,0.15155793726444244,0.0010389372644424577,0.11364091540157657
1789260109.1895263,-0.11848866939544678,0.20209810137748718,0.3226931095123291,-2.332318067550659,-0.10608494281768799,2.5215566158294678,1.9095091819763184,0.5071316957473755,0.10810048878192902,0.15165303647518158,0.0011340364751815935,0.12194656246489412
1789260109.2232196,-0.11045270413160324,0.21058380603790283,0.3131915330886841,-2.3194823265075684,-0.10648394376039505,2.5173254013061523,1.9225084781646729,0.5108924508094788,0.10790461301803589,0.1516111195087433,0.0010921195087433,0.12972151222939818
1789260109.256772,-0.10263534635305405,0.21890734136104584,0.3037412464618683,-2.3065850734710693,-0.10677462071180344,2.5130457878112793,1.9353941679000854,0.5147026181221008,0.10758788883686066,0.15163648128509521,0.0011174812850952287,0.12972151222939818
1789260109.290337,-0.0938730537891388,0.22826825082302094,0.29299524426460266,-2.291759967803955,-0.10674112290143967,2.5081355571746826,1.949877381324768,0.5191083550453186,0.1071392074227333,0.1517360657453537,0.0012170657453537126,0.13122123336572936
1789260109.323978,-0.0850122794508934,0.2377842366695404,0.2823413610458374,-2.2772417068481445,-0.106722891330719,2.503093719482422,1.9644564390182495,0.5232748985290527,0.10671798884868622,0.15159276127815247,0.0010737612781524797,0.12511453444308365
1789260109.357564,-0.07599664479494095,0.24718467891216278,0.27184805274009705,-2.26249361038208,-0.10661888122558594,2.4982268810272217,1.9790140390396118,0.5275499224662781,0.10644993185997009,0.1515793651342392,0.0010603651342392106,0.10653118153060223
1789260109.3911817,-0.06737393140792847,0.25615718960762024,0.26208534836769104,-2.2482333183288574,-0.10574854165315628,2.493196964263916,1.9930692911148071,0.5315783619880676,0.10633906722068787,0.1515793353319168,0.001060335331916823,0.1083523598284494
1789260109.4248223,-0.059027642011642456,0.2647537291049957,0.25276392698287964,-2.234325408935547,-0.10481629520654678,2.4884731769561768,2.0067548751831055,0.5355377793312073,0.1062927171587944,0.15165485441684723,0.0011358544168472429,0.10653118153060223
1789260109.458461,-0.05017250403761864,0.27385762333869934,0.24289870262145996,-2.219958782196045,-0.1038568913936615,2.4833531379699707,2.0210790634155273,0.5395163297653198,0.10619700700044632,0.1515565663576126,0.0010375663576126237,0.09487278508118449
1789260109.4920602,-0.04123987257480621,0.28294306993484497,0.23339253664016724,-2.20489764213562,-0.10214697569608688,2.478430986404419,2.035480499267578,0.5437805652618408,0.10641727596521378,0.15173925459384918,0.001220254593849196,0.10467832346762979
1789260109.5256789,-0.03276583179831505,0.2918124198913574,0.22409643232822418,-2.191131353378296,-0.100517638027668,2.473222494125366,2.0494441986083984,0.5474376678466797,0.10638804733753204,0.15149296820163727,0.0009739682016372819,0.10279207254188717
1789260109.5592935,-0.023741425946354866,0.3008466064929962,0.21456418931484222,-2.176081657409668,-0.09877145290374756,2.4681050777435303,2.0639631748199463,0.5516126155853271,0.10659364610910416,0.15163174271583557,0.0011127427158355851,0.09487278508118449
1789260109.5928633,-0.014830060303211212,0.3097582757472992,0.20550596714019775,-2.1617329120635986,-0.09672389179468155,2.4628381729125977,2.0782458782196045,0.5553955435752869,0.10696592181921005,0.1515456587076187,0.0010266587076187272,0.08846932694105811
1789260109.6264374,-0.005922428797930479,0.31882691383361816,0.19629549980163574,-2.146919012069702,-0.09440732002258301,2.4576070308685303,2.0928092002868652,0.5593571662902832,0.10728190094232559,0.151531383395195,0.0010123833951950212,0.09278741380920028
1789260109.6600664,0.0030905664898455143,0.3277202546596527,0.18732641637325287,-2.1322200298309326,-0.09214033931493759,2.45235276222229,2.1072075366973877,0.5632346868515015,0.10777875781059265,0.15155674517154694,0.00103774517154695,0.08392937202498843
1789260109.6936543,0.012011870741844177,0.3365640640258789,0.17848852276802063,-2.1176199913024902,-0.08952615410089493,2.446960687637329,2.121757984161377,0.5670148730278015,0.1083059012889862,0.15154603123664856,0.0010270312366485734,0.08392937202498843
1789260109.7272587,0.02098696492612362,0.345525324344635,0.1697787642478943,-2.1027894020080566,-0.08668550848960876,2.4417433738708496,2.136289358139038,0.5708655714988708,0.1089748963713646,0.1515631228685379,0.0010441228685379167,0.08622923312351063
1789260109.7608142,0.029773954302072525,0.35401156544685364,0.16152936220169067,-2.0888516902923584,-0.08393879234790802,2.436507225036621,2.150325059890747,0.5743483304977417,0.10975565016269684,0.15149660408496857,0.0009776040849685808,0.08392937202498843
1789260109.7944994,0.03889664635062218,0.3629032373428345,0.15292009711265564,-2.073659896850586,-0.08087132126092911,2.431218385696411,2.1651275157928467,0.5782769918441772,0.11060838401317596,0.1516667753458023,0.001147775345802321,0.08156468806857739
1789260109.8280828,0.04814387485384941,0.372086763381958,0.14425937831401825,-2.05905818939209,-0.07759081572294235,2.425504446029663,2.180122137069702,0.5817648768424988,0.11146426200866699,0.15137892961502075,0.0008599296150207658,0.08846932694105811
1789260109.8616385,0.05698496103286743,0.38049420714378357,0.13623489439487457,-2.044546127319336,-0.0744103267788887,2.4204258918762207,2.194331169128418,0.5854364633560181,0.1125062108039856,0.15157416462898254,0.0010551646289825578,0.07661668268387072
1789260109.8952153,0.06603694707155228,0.3892678916454315,0.1279979944229126,-2.0300021171569824,-0.07110137492418289,2.4149041175842285,2.209015369415283,0.5889355540275574,0.11353906244039536,0.15151186287403107,0.0009928628740310808,0.06852804325551864
1789260109.9287868,0.07513132691383362,0.3981073200702667,0.1199718564748764,-2.0153934955596924,-0.06746343523263931,2.4093847274780273,2.2238311767578125,0.5923905968666077,0.11476762592792511,0.15143346786499023,0.0009144678649902482,0.08156468806857739
1789260109.9623375,0.08443103730678558,0.40679308772087097,0.11207535117864609,-2.000596523284912,-0.06375421583652496,2.4039885997772217,2.2387611865997314,0.5959130525588989,0.116241455078125,0.15152999758720398,0.0010109975872039934,0.08392937202498843
1789260109.9959474,0.09324206411838531,0.41522517800331116,0.10432683676481247,-1.986490249633789,-0.06016743928194046,2.3986940383911133,2.253028392791748,0.599215567111969,0.11749078333377838,0.15150566399097443,0.0009866639909744401,0.07661668268387072
1789260110.0295508,0.10251878947019577,0.42411863803863525,0.09639790654182434,-1.9715372323989868,-0.056154556572437286,2.3929789066314697,2.268174648284912,0.6026448011398315,0.11898759752511978,0.151499405503273,0.0009804055032730241,0.07661668268387072
1789260110.0631557,0.11210376024246216,0.432979941368103,0.08841037005186081,-1.9567567110061646,-0.05219324305653572,2.3870460987091064,2.2836687564849854,0.6059006452560425,0.12063382565975189,0.15141691267490387,0.0008979126749038835,0.08156468806857739
1789260110.096725,0.12093441933393478,0.4413934350013733,0.08066058903932571,-1.942091941833496,-0.04845115914940834,2.3817498683929443,2.2981791496276855,0.6093542575836182,0.12201229482889175,0.1516212373971939,0.0011022373971939226,0.0625572578997782
1789260110.1303067,0.13002288341522217,0.44997090101242065,0.07331009209156036,-1.9282728433609009,-0.04453442990779877,2.3758482933044434,2.312958002090454,0.6121814846992493,0.12374713271856308,0.15132810175418854,0.0008091017541885515,0.07661668268387072
1789260110.163845,0.13912862539291382,0.4582328200340271,0.06601668894290924,-1.9138156175613403,-0.04059654101729393,2.3702051639556885,2.3276729583740234,0.6153491735458374,0.1256244033575058,0.15151692926883698,0.000997929268836989,0.059347025446578223
1789260110.1975155,0.14795339107513428,0.466506689786911,0.058442261070013046,-1.899823546409607,-0.03655468672513962,2.3644943237304688,2.3423759937286377,0.6183417439460754,0.1271527260541916,0.15149545669555664,0.0009764566955566545,0.059347025446578223
1789260110.2311234,0.15377895534038544,0.4721182584762573,0.05400986224412918,-1.8903223276138306,-0.03419256582856178,2.3610992431640625,2.3520336151123047,0.6203959584236145,0.1285455971956253,0.15153852105140686,0.0010195210514068742,0.03956468264845247
1789260110.2647378,0.15811550617218018,0.4760090112686157,0.050313349813222885,-1.8842114210128784,-0.03236580267548561,2.3581275939941406,2.3597943782806396,0.6215232014656067,0.12925933301448822,0.15130645036697388,0.0007874503669738908,0.07912937001338383
1789260110.298278,0.16254587471485138,0.4802696406841278,0.04642226919531822,-1.876697301864624,-0.030276941135525703,2.355328321456909,2.3677852153778076,0.6232068538665771,0.1300416886806488,0.15143775939941406,0.0009187593994140764,0.05595291190411357
1789260110.3318868,0.1663077473640442,0.48318377137184143,0.04355017468333244,-1.8715741634368896,-0.028440114110708237,2.35296630859375,2.369455337524414,0.6241786479949951,0.1309168040752411,0.15147964656352997,0.0009606465635299821,0.06852804325551864
1789260110.3654833,0.1708846539258957,0.48684993386268616,0.040445078164339066,-1.8652665615081787,-0.026252996176481247,2.3508708477020264,2.3663439750671387,0.6254736185073853,0.13227170705795288,0.1515585035085678,0.001039503508567824,0.03956468264845247
1789260110.3990695,0.17564694583415985,0.4908811151981354,0.03744632005691528,-1.8595952987670898,-0.024079283699393272,2.3484344482421875,2.363046646118164,0.6263230443000793,0.13373976945877075,0.15110866725444794,0.0005896672544479509,0.09487278508118449
1789260110.4326708,0.18296384811401367,0.49722787737846375,0.03236997500061989,-1.849653959274292,-0.02058189921081066,2.344827651977539,2.3581385612487793,0.6281803846359253,0.13582643866539001,0.1508394181728363,0.00032041817283631757,0.1083523598284494
1789260110.4662242,0.1932784616947174,0.5058379173278809,0.02542814053595066,-1.8353445529937744,-0.015725532546639442,2.3401668071746826,2.350938558578491,0.6310046911239624,0.13899168372154236,0.15083907544612885,0.0003200754461288591,0.07401874722002606
1789260110.4998367,0.20308834314346313,0.5140590667724609,0.01861262321472168,-1.822229266166687,-0.011136063374578953,2.3353068828582764,2.344011068344116,0.6333862543106079,0.14184223115444183,0.1505720466375351,5.3046637535109076e-05,0.07912937001338383
1789260110.533458,0.21387918293476105,0.5231825709342957,0.011416950263082981,-1.80758798122406,-0.0061178188771009445,2.33013653755188,2.3364763259887695,0.6360296607017517,0.14523908495903015,0.1503349095582962,-0.00018409044170378253,0.07912937001338383
1789260110.5670676,0.22420340776443481,0.5322943329811096,0.003924832679331303,-1.7934844493865967,-0.0011441264068707824,2.325087785720825,2.32899808883667,0.6385495662689209,0.14815165102481842,0.14988917112350464,-0.0006298288764953475,0.07661668268387072
1789260110.6007204,0.23523558676242828,0.5412758588790894,-0.0033688731491565704,-1.7788481712341309,0.004013833124190569,2.3198671340942383,2.3213613033294678,0.6410884261131287,0.15175695717334747,0.1497430056333542,-0.0007759943666457991,0.07132624918176021
1789260110.634323,0.24625656008720398,0.5504870414733887,-0.010826706886291504,-1.7637505531311035,0.00921938382089138,2.3145973682403564,2.313572406768799,0.6437351703643799,0.15534238517284393,0.149642214179039,-0.0008767858209609847,0.06852804325551864
1789260110.6678998,0.25698956847190857,0.5592418313026428,-0.018169306218624115,-1.7496252059936523,0.014546495862305164,2.3082423210144043,2.3058536052703857,0.6458284854888916,0.1587556153535843,0.14933884143829346,-0.001180158561706529,0.07132624918176021
1789260110.7014668,0.2682046890258789,0.5678252577781677,-0.02525315061211586,-1.7343716621398926,0.020165592432022095,2.302351474761963,2.298107147216797,0.6483144760131836,0.16287776827812195,0.14967894554138184,-0.0008400544586181502,0.08846932694105811
1789260110.735069,0.27897825837135315,0.5766210556030273,-0.032699570059776306,-1.7200429439544678,0.02568097785115242,2.29601788520813,2.2903878688812256,0.6503880023956299,0.16640345752239227,0.14945317804813385,-0.001065821951866136,0.08156468806857739
1789260110.7686732,0.2899431586265564,0.5853675603866577,-0.0398278571665287,-1.7053554058074951,0.03109160251915455,2.289823293685913,2.282705783843994,0.6525020003318787,0.17035441100597382,0.14943204820156097,-0.001086951798439012,0.07912937001338383
1789260110.8022766,0.3008244037628174,0.5940021872520447,-0.04718772694468498,-1.690682291984558,0.036640893667936325,2.2836954593658447,2.2749557495117188,0.6546377539634705,0.17418494820594788,0.14949862658977509,-0.0010203734102249007,0.07401874722002606
1789260110.8358335,0.31152042746543884,0.6024435758590698,-0.054071493446826935,-1.6764532327651978,0.042010314762592316,2.2777457237243652,2.267448663711548,0.6565707325935364,0.17821085453033447,0.1495223045349121,-0.0009966954650878768,0.07401874722002606
1789260110.869506,0.3226377069950104,0.6114279627799988,-0.06127052754163742,-1.6617457866668701,0.04766056314110756,2.271343231201172,2.259661912918091,0.6584132313728333,0.18240436911582947,0.14935922622680664,-0.0011597737731933455,0.07401874722002606
1789260110.9030848,0.3337581157684326,0.6202358603477478,-0.06880774348974228,-1.6466600894927979,0.053435150533914566,2.2648682594299316,2.2516705989837646,0.6604098081588745,0.1865149885416031,0.14949268102645874,-0.001026318973541246,0.06561060592844098
1789260110.9367192,0.3445724844932556,0.6287446618080139,-0.07555495202541351,-1.6321884393692017,0.05905614048242569,2.258877754211426,2.244188070297241,0.6621776223182678,0.19094432890415192,0.14959949254989624,-0.0009195074501037459,0.07401874722002606
1789260110.9703295,0.35551536083221436,0.6376217603683472,-0.08270017057657242,-1.6179145574569702,0.06495820730924606,2.252244710922241,2.236414670944214,0.6636584997177124,0.19521671533584595,0.1493305265903473,-0.001188473409652696,0.07661668268387072
1789260111.0039425,0.36650198698043823,0.6462371945381165,-0.08968930691480637,-1.6028478145599365,0.0707952156662941,2.2461299896240234,2.228564500808716,0.6654766798019409,0.19982492923736572,0.14964132010936737,-0.0008776798906326155,0.07401874722002606
1789260111.037506,0.3775208294391632,0.6551476120948792,-0.09679100662469864,-1.5884549617767334,0.07669369131326675,2.239623546600342,2.220811605453491,0.6668651103973389,0.20432685315608978,0.14943306148052216,-0.0010859385194778304,0.07132624918176021
1789260111.0711432,0.38862696290016174,0.6640583276748657,-0.10385417193174362,-1.5737069845199585,0.08262939751148224,2.2331244945526123,2.2129693031311035,0.6682864427566528,0.209031879901886,0.14939098060131073,-0.0011280193986892562,0.07132624918176021
1789260111.104689,0.39952531456947327,0.6724923253059387,-0.11051750183105469,-1.5594173669815063,0.08833546191453934,2.2269065380096436,2.2054107189178467,0.6695776581764221,0.21387548744678497,0.14950090646743774,-0.001018093532562242,0.06852804325551864
1789260111.1382701,0.410682737827301,0.6815593242645264,-0.1179073303937912,-1.5443525314331055,0.09439126402139664,2.2202701568603516,2.1974217891693115,0.6709639430046082,0.21858835220336914,0.14951401948928833,-0.001004980510711656,0.05595291190411357
1789260111.1718893,0.42139241099357605,0.6902405023574829,-0.12459306418895721,-1.5301545858383179,0.1003846600651741,2.213921546936035,2.1897850036621094,0.6720451712608337,0.22341856360435486,0.1494223028421402,-0.0010966971578597884,0.0625572578997782
1789260111.2055166,0.43251729011535645,0.6989287734031677,-0.1315218061208725,-1.5154889822006226,0.10648775100708008,2.207310914993286,2.181993246078491,0.673114001750946,0.22851251065731049,0.14953187108039856,-0.0009871289196014266,0.0625572578997782
1789260111.2391071,0.4437241852283478,0.7079519629478455,-0.1384054273366928,-1.5004445314407349,0.1126977950334549,2.200789213180542,2.1740617752075195,0.6741586923599243,0.23381200432777405,0.1495903879404068,-0.0009286120595931868,0.06561060592844098
1789260111.2726872,0.45483607053756714,0.7168921828269958,-0.14513374865055084,-1.486335277557373,0.1187630221247673,2.193988800048828,2.1663269996643066,0.6747538447380066,0.23903608322143555,0.14927023649215698,-0.0012487635078430037,0.07912937001338383
1789260111.3063252,0.46583572030067444,0.7256355285644531,-0.152191624045372,-1.471173882484436,0.12498235702514648,2.187541961669922,2.1584298610687256,0.6758173704147339,0.24427802860736847,0.14961887896060944,-0.0009001210393905501,0.06561060592844098
1789260111.3400102,0.4768770933151245,0.7343453764915466,-0.15868844091892242,-1.457167387008667,0.13087351620197296,2.181020498275757,2.150766134262085,0.6762733459472656,0.24972809851169586,0.14944963157176971,-0.0010693684282302718,0.0625572578997782
1789260111.3735895,0.48804789781570435,0.7435069680213928,-0.16590619087219238,-1.4421755075454712,0.13725990056991577,2.1741671562194824,2.1427650451660156,0.6769454479217529,0.25506383180618286,0.1494218409061432,-0.0010971590938567977,0.05233915627441309
1789260111.407221,0.49933984875679016,0.7523385882377625,-0.17273341119289398,-1.4272899627685547,0.14364087581634521,2.167285680770874,2.134826898574829,0.6774110198020935,0.2607995271682739,0.14956864714622498,-0.0009503528537750106,0.05595291190411357
1789260111.4408667,0.5101102590560913,0.7610031366348267,-0.17939072847366333,-1.4132401943206787,0.14957675337791443,2.160507917404175,2.127178907394409,0.6776787042617798,0.266169935464859,0.14947018027305603,-0.0010488197269439559,0.044234660174789026
1789260111.4745498,0.5214865803718567,0.7701634764671326,-0.1862160861492157,-1.3984301090240479,0.15589316189289093,2.1534805297851562,2.1191961765289307,0.677827000617981,0.272042453289032,0.14935453236103058,-0.0011644676389694075,0.059347025446578223
1789260111.5081067,0.5330849885940552,0.7791210412979126,-0.193222776055336,-1.3833417892456055,0.16233105957508087,2.146235466003418,2.111015558242798,0.6779270768165588,0.2781006693840027,0.1495150625705719,-0.0010039374294280867,0.059347025446578223
1789260111.5416873,0.5438180565834045,0.7878263592720032,-0.20000039041042328,-1.368919849395752,0.1683439314365387,2.1395652294158936,2.1033778190612793,0.6780773997306824,0.28365835547447205,0.1496037393808365,-0.0009152606191634993,0.03956468264845247
1789260111.5752842,0.5552100539207458,0.796846330165863,-0.20664454996585846,-1.3546078205108643,0.17464317381381989,2.1323273181915283,2.095456600189209,0.67769855260849,0.28975409269332886,0.14936351776123047,-0.0011554822387695174,0.08392937202498843
1789260111.6089976,0.5663959383964539,0.805594801902771,-0.21358425915241241,-1.3394373655319214,0.18117165565490723,2.1254403591156006,2.0874807834625244,0.6777054667472839,0.2958545684814453,0.1497718244791031,-0.0007471755208968978,0.03956468264845247
1789260111.6425674,0.5775434374809265,0.8144079446792603,-0.2201373130083084,-1.3251776695251465,0.1874198317527771,2.1182875633239746,2.0796473026275635,0.6771957278251648,0.30197674036026,0.14967676997184753,-0.000842230028152452,0.06852804325551864
1789260111.676119,0.5886891484260559,0.8232197165489197,-0.2269294410943985,-1.310514211654663,0.19383008778095245,2.111057996749878,2.0716326236724854,0.6767363548278809,0.30812278389930725,0.1497868448495865,-0.0007321551504134993,0.07661668268387072
1789260111.7096834,0.5995624661445618,0.8315414190292358,-0.2333291471004486,-1.2960025072097778,0.20021161437034607,2.1042940616607666,2.06402850151062,0.6762639880180359,0.3144196569919586,0.15020319819450378,-0.00031580180549620196,0.03956468264845247
1789260111.743262,0.6112438440322876,0.8404198884963989,-0.23991823196411133,-1.2811390161514282,0.20673200488090515,2.096736431121826,2.055912494659424,0.6753197908401489,0.32119888067245483,0.1503237932920456,-0.00019520670795439288,0.0625572578997782
1789260111.7768893,0.6219049692153931,0.8488867282867432,-0.24643051624298096,-1.2668403387069702,0.2131100296974182,2.089911937713623,2.0482614040374756,0.6746253967285156,0.3273470103740692,0.1505567878484726,3.7787848472609076e-05,0.05233915627441309
1789260111.8105485,0.6332371234893799,0.8573355078697205,-0.25290781259536743,-1.2521741390228271,0.21965569257736206,2.082744598388672,2.040369749069214,0.6736043691635132,0.3341084122657776,0.15094278752803802,0.00042378752803803876,0.044234660174789026
1789260111.8442068,0.6444075107574463,0.8662328124046326,-0.25964727997779846,-1.2372000217437744,0.22618688642978668,2.0755321979522705,2.032334804534912,0.6725932359695435,0.34069350361824036,0.15116408467292786,0.0006450846729278703,0.03426402009603798
1789260111.8777819,0.6556012034416199,0.8749817609786987,-0.2660154402256012,-1.2230242490768433,0.23263832926750183,2.068248748779297,2.0245308876037598,0.6711487174034119,0.3473717272281647,0.1510951966047287,0.0005761966047287126,0.05595291190411357
1789260111.9113944,0.6668477058410645,0.8835611343383789,-0.27270710468292236,-1.2079869508743286,0.23925219476222992,2.061115264892578,2.0165305137634277,0.6699105501174927,0.3542191982269287,0.15159402787685394,0.0010750278768539567,0.048456642643301504
1789260111.9450283,0.6781004071235657,0.8926968574523926,-0.2793422341346741,-1.1933928728103638,0.2457108199596405,2.0537514686584473,2.008575916290283,0.6682977676391602,0.360952228307724,0.15145504474639893,0.0009360447463989396,0.044234660174789026
1789260111.978685,0.6895962953567505,0.9017437696456909,-0.2857620120048523,-1.1789814233779907,0.25220367312431335,2.0464134216308594,2.0005924701690674,0.6663689613342285,0.36798471212387085,0.1512807458639145,0.0007617458639145036,0.06852804325551864
1789260112.0122654,0.7006593942642212,0.9106347560882568,-0.2926027476787567,-1.1640739440917969,0.2587664723396301,2.039407253265381,1.9926505088806152,0.6647908091545105,0.37473544478416443,0.1515256017446518,0.0010066017446518083,0.03426402009603798
1789260112.0458367,0.7100589275360107,0.9179137945175171,-0.2974182963371277,-1.1523847579956055,0.26386386156082153,2.033360004425049,1.98631751537323,0.6628559827804565,0.3807407319545746,0.15137742459774017,0.0008584245977401872,0.0625572578997782
1789260112.0794673,0.7194017767906189,0.9257151484489441,-0.303221195936203,-1.1400070190429688,0.2692536413669586,2.0274996757507324,1.979604959487915,0.6612615585327148,0.38639870285987854,0.15127778053283691,0.0007587805328369279,0.048456642643301504
1789260112.1130764,0.7281714677810669,0.932242214679718,-0.308829128742218,-1.1288508176803589,0.2744036912918091,2.0216925144195557,1.9731727838516235,0.6596778631210327,0.39162614941596985,0.15156657993793488,0.0010475799379348893,0.05595291190411357
1789260112.1466835,0.7328749895095825,0.9354459643363953,-0.310132771730423,-1.123426914215088,0.27663785219192505,2.019362211227417,1.9700528383255005,0.6583390235900879,0.39518070220947266,0.1515597403049469,0.0010407403049469133,0.05595291190411357
1789260112.1802783,0.7371552586555481,0.9383651614189148,-0.3126246929168701,-1.1189422607421875,0.2786146104335785,2.0170605182647705,1.9668079614639282,0.6574116349220276,0.3976261615753174,0.1514841616153717,0.000965161615371718,0.048456642643301504
1789260112.2138863,0.7415267825126648,0.9406988024711609,-0.31477418541908264,-1.1151238679885864,0.2806331217288971,2.0148580074310303,1.9634418487548828,0.6562801003456116,0.4002191722393036,0.15151673555374146,0.000997735553741469,0.059347025446578223
1789260112.2475035,0.7508408427238464,0.9413217902183533,-0.31674322485923767,-1.1148051023483276,0.28149425983428955,2.0144221782684326,1.9548851251602173,0.6530325412750244,0.40543198585510254,0.15138940513134003,0.0008704051313400407,0.09691329395132914
1789260112.2810833,0.7643416523933411,0.9419313073158264,-0.31719645857810974,-1.1140929460525513,0.2826547920703888,2.0139875411987305,1.945265293121338,0.6475528478622437,0.4142209589481354,0.15126846730709076,0.0007494673070907731,0.09487278508118449
1789260112.3146296,0.7772808074951172,0.9424188137054443,-0.3176340162754059,-1.113067388534546,0.28366559743881226,2.0136806964874268,1.9358561038970947,0.6422953009605408,0.42267361283302307,0.15139076113700867,0.0008717611370086809,0.06852804325551864
1789260112.3482277,0.7923453450202942,0.9431337714195251,-0.3190333843231201,-1.1119792461395264,0.28493234515190125,2.0130615234375,1.924416184425354,0.6362603306770325,0.4319460093975067,0.15145878493785858,0.0009397849378585954,0.059347025446578223
1789260112.3818088,0.8061366081237793,0.9439124464988708,-0.32074612379074097,-1.1109472513198853,0.2862650156021118,2.0124354362487793,1.9132577180862427,0.630742073059082,0.4401674270629883,0.15149147808551788,0.0009724780855178972,0.059347025446578223
1789260112.4154627,0.8208079934120178,0.9447996616363525,-0.3220515549182892,-1.1097713708877563,0.28766167163848877,2.0117897987365723,1.9018816947937012,0.6245743036270142,0.4490913152694702,0.151456817984581,0.0009378179845810075,0.059347025446578223
1789260112.4490485,0.834999680519104,0.9456514120101929,-0.32382357120513916,-1.108812928199768,0.2890225648880005,2.011093854904175,1.8904361724853516,0.6186357140541077,0.4573526084423065,0.15140387415885925,0.0008848741588592668,0.07132624918176021
1789260112.4826555,0.8496114015579224,0.9464929103851318,-0.3252674639225006,-1.1076529026031494,0.29043981432914734,2.0104947090148926,1.878940463066101,0.6123136281967163,0.4660189151763916,0.1514187455177307,0.0008997455177307268,0.06561060592844098
1789260112.5162444,0.8644804358482361,0.947300374507904,-0.32661372423171997,-1.1065537929534912,0.29183244705200195,2.009805917739868,1.8674721717834473,0.6056891679763794,0.4747732877731323,0.1514124572277069,0.000893457227706923,0.06852804325551864
1789260112.5498283,0.8788031339645386,0.9480797648429871,-0.327924519777298,-1.1053743362426758,0.29319608211517334,2.009211778640747,1.8563640117645264,0.599223792552948,0.4831564724445343,0.15146802365779877,0.000949023657798781,0.06561060592844098
1789260112.583462,0.8940588235855103,0.9489462375640869,-0.32925650477409363,-1.1041860580444336,0.29460322856903076,2.008540153503418,1.84468412399292,0.5921654105186462,0.49198317527770996,0.15145814418792725,0.00093914418792726,0.0625572578997782
1789260112.6170678,0.908456563949585,0.9497939944267273,-0.3308974802494049,-1.1031162738800049,0.2959986627101898,2.007903814315796,1.8332524299621582,0.5855231881141663,0.5000432729721069,0.15145117044448853,0.0009321704444885393,0.05595291190411357
1789260112.6506536,0.9220159649848938,0.950674831867218,-0.3324039876461029,-1.1021568775177002,0.29725900292396545,2.0073540210723877,1.8228962421417236,0.5791476964950562,0.5075427889823914,0.1513608992099762,0.0008418992099762101,0.06561060592844098
1789260112.6842475,0.9316493272781372,0.9510433673858643,-0.3324953019618988,-1.1011489629745483,0.298094242811203,2.006786346435547,1.8164886236190796,0.5741995573043823,0.513339638710022,0.15149959921836853,0.0009805992183685441,0.06561060592844098
1789260112.7179723,0.9399444460868835,0.9516507983207703,-0.3338446617126465,-1.1004432439804077,0.29880836606025696,2.006455659866333,1.8102903366088867,0.5704001784324646,0.5176894664764404,0.15150101482868195,0.0009820148286819597,0.05233915627441309
1789260112.7516103,0.9470208883285522,0.9523812532424927,-0.3349545896053314,-1.0998839139938354,0.29954102635383606,2.0061044692993164,1.804575800895691,0.5670639872550964,0.5213587284088135,0.15131209790706635,0.0007930979070663591,0.06852804325551864
1789260112.7852046,0.9475736021995544,0.9517576694488525,-0.33433815836906433,-1.1007170677185059,0.2998134195804596,2.0063273906707764,1.7995277643203735,0.5664829611778259,0.5218344330787659,0.1513480395078659,0.0008290395078659196,0.07661668268387072
1789260112.8187935,0.9455785155296326,0.9510586857795715,-0.33542686700820923,-1.102382779121399,0.29994699358940125,2.007049560546875,1.7944992780685425,0.5679430961608887,0.5199646949768066,0.1513252556324005,0.0008062556324005266,0.07132624918176021
1789260112.8523831,0.9428839683532715,0.9503732323646545,-0.3365398943424225,-1.1046525239944458,0.30010074377059937,2.007659912109375,1.7886945009231567,0.5696647763252258,0.517489492893219,0.15101395547389984,0.0004949554738998552,0.12354070345060089
1789260112.886104,0.9369363188743591,0.9475352764129639,-0.3359234035015106,-1.1095216274261475,0.30053117871284485,2.0097312927246094,1.77504301071167,0.5724231600761414,0.5136315822601318,0.15105991065502167,0.0005409106550216813,0.1083523598284494
1789260112.919691,0.9303269386291504,0.9446575045585632,-0.336995393037796,-1.1149567365646362,0.3007431924343109,2.0120413303375244,1.7599151134490967,0.576174795627594,0.5084989070892334,0.15111620724201202,0.0005972072420120378,0.10279207254188717
1789260112.9532697,0.923322319984436,0.9415389895439148,-0.3380347490310669,-1.120663046836853,0.3010808229446411,2.0144717693328857,1.7439277172088623,0.5800612568855286,0.5031042098999023,0.15123723447322845,0.0007182344732284685,0.09278741380920028
1789260112.9868288,0.9159888029098511,0.9384070634841919,-0.33879923820495605,-1.126719355583191,0.3014690577983856,2.016953468322754,1.7272130250930786,0.5838996767997742,0.4975138306617737,0.15117910504341125,0.0006601050434112687,0.10279207254188717
1789260113.020532,0.9083951711654663,0.9352118372917175,-0.3396640121936798,-1.1330474615097046,0.3018501400947571,2.01959228515625,1.7099277973175049,0.5878434181213379,0.49163922667503357,0.1510719358921051,0.0005529358921051164,0.11190583714844751
1789260113.0541685,0.9008135199546814,0.9320919513702393,-0.34054312109947205,-1.1394113302230835,0.3022509813308716,2.022247552871704,1.6924315690994263,0.5917116403579712,0.4857123792171478,0.1508948802947998,0.00037588029479981855,0.12511453444308365
1789260113.0877326,0.8953683376312256,0.9296682476997375,-0.3416428864002228,-1.1436935663223267,0.30278831720352173,2.023932456970215,1.6802409887313843,0.5946459770202637,0.48134225606918335,0.1510753333568573,0.0005563333568573137,0.11869406681127799
1789260113.1213448,0.8918872475624084,0.9281686544418335,-0.34235042333602905,-1.146647572517395,0.3030920624732971,2.0250465869903564,1.6728626489639282,0.5964756608009338,0.4784643352031708,0.15105998516082764,0.0005409851608276506,0.12511453444308365
1789260113.1550138,0.8890329003334045,0.9267637133598328,-0.34234538674354553,-1.1491730213165283,0.30346035957336426,2.026266098022461,1.6654021739959717,0.5977810621261597,0.47640523314476013,0.1510818600654602,0.0005628600654602189,0.11190583714844751
1789260113.1886802,0.8901438117027283,0.925973117351532,-0.3458252549171448,-1.151879072189331,0.3064265251159668,2.0269675254821777,1.6594196557998657,0.5981906056404114,0.4752815067768097,0.15097808837890625,0.00045908837890626386,0.12194656246489412
1789260113.2223425,0.8942663669586182,0.925757884979248,-0.352252721786499,-1.1548538208007812,0.31227466464042664,2.027202606201172,1.65316903591156,0.5979341864585876,0.47478771209716797,0.15068642795085907,0.00016742795085908369,0.1532333996180995
1789260113.2560089,0.8983608484268188,0.9254926443099976,-0.3587982952594757,-1.1577019691467285,0.31807011365890503,2.027505397796631,1.6468535661697388,0.5977898240089417,0.4742658734321594,0.15052956342697144,1.0563426971449408e-05,0.17132016174909548
1789260113.2895956,0.9030798673629761,0.9249846935272217,-0.3676500618457794,-1.161639928817749,0.32561662793159485,2.0278944969177246,1.6382650136947632,0.5980173945426941,0.47302302718162537,0.1504182070493698,-0.00010079295063017413,0.18974563519333634
1789260113.3231614,0.910753071308136,0.9243038296699524,-0.38155412673950195,-1.1679133176803589,0.3374600112438202,2.0286474227905273,1.6246061325073242,0.5982807278633118,0.4711877703666687,0.15020014345645905,-0.00031885654354094073,0.21489135308816265
1789260113.3567812,0.9182515740394592,0.9235167503356934,-0.39445531368255615,-1.1736841201782227,0.3485272228717804,2.0292789936065674,1.6116693019866943,0.5983867049217224,0.46974247694015503,0.15020574629306793,-0.000313253706932054,0.22028696137813833
1789260113.3904037,0.9259333610534668,0.9227868914604187,-0.4081389605998993,-1.1797820329666138,0.3604053556919098,2.0299746990203857,1.5979915857315063,0.5986471176147461,0.4680507779121399,0.15022727847099304,-0.00029172152900694415,0.21939690831971592
1789260113.4241068,0.9339181184768677,0.9221571683883667,-0.4225769340991974,-1.1863917112350464,0.37256675958633423,2.0306687355041504,1.5837671756744385,0.598992109298706,0.46605634689331055,0.15015703439712524,-0.000361965602874742,0.22985018505318222
1789260113.4577613,0.9418653845787048,0.9215320348739624,-0.43648773431777954,-1.1927523612976074,0.3846433460712433,2.03139328956604,1.5697745084762573,0.5992297530174255,0.46433547139167786,0.15019993484020233,-0.0003190651597976546,0.22028696137813833
1789260113.4913335,0.9498589634895325,0.9206356406211853,-0.449770987033844,-1.198988914489746,0.39638379216194153,2.0321528911590576,1.5561039447784424,0.5993078947067261,0.4629540741443634,0.1504746526479721,-4.4347352027879205e-05,0.1866263135942662
1789260113.5249639,0.9543215036392212,0.9200327396392822,-0.4585637152194977,-1.2026114463806152,0.4036817252635956,2.0325400829315186,1.5480464696884155,0.5998465418815613,0.46162912249565125,0.15091530978679657,0.0003963097867965837,0.1412742076966625
1789260113.5586114,0.9586930871009827,0.919583797454834,-0.46671968698501587,-1.206387996673584,0.4105530083179474,2.0329437255859375,1.5404307842254639,0.6001774668693542,0.46040478348731995,0.15109816193580627,0.0005791619358062883,0.1282042487280194
1789260113.5922093,0.9632706642150879,0.9192686676979065,-0.4737201929092407,-1.2099919319152832,0.4172477126121521,2.0333588123321533,1.5328879356384277,0.5999902486801147,0.45983147621154785,0.15107804536819458,0.0005590453681945939,0.11364091540157657
1789260113.6258702,0.9660235643386841,0.9192807674407959,-0.47709307074546814,-1.211367130279541,0.42004725337028503,2.033492088317871,1.5243290662765503,0.5997032523155212,0.4599130153656006,0.15110817551612854,0.0005891755161285539,0.10653118153060223
1789260113.659453,0.9690922498703003,0.919365644454956,-0.48008835315704346,-1.2125656604766846,0.4227215647697449,2.0334842205047607,1.5133002996444702,0.5991224050521851,0.46036866307258606,0.15108473598957062,0.0005657359895706315,0.10653118153060223
1789260113.6930888,0.9721691012382507,0.9193844199180603,-0.48317885398864746,-1.2137221097946167,0.4254785478115082,2.0334930419921875,1.5014230012893677,0.5985873937606812,0.46082255244255066,0.1511501967906952,0.0006311967906952043,0.09691329395132914
1789260113.7266924,0.9761311411857605,0.9196293950080872,-0.48743388056755066,-1.2152575254440308,0.42903438210487366,2.0334997177124023,1.4847506284713745,0.5979801416397095,0.4612361490726471,0.15111418068408966,0.0005951806840896745,0.09891171693842998
1789260113.7602935,0.9803652763366699,0.9198925495147705,-0.4918421506881714,-1.2170233726501465,0.432833731174469,2.033489465713501,1.467237949371338,0.5972577929496765,0.46169590950012207,0.15100251138210297,0.00048351138210298017,0.10653118153060223
1789260113.793929,0.9848756194114685,0.9202635288238525,-0.49610787630081177,-1.2187515497207642,0.4366578757762909,2.033454418182373,1.4496338367462158,0.5963420271873474,0.46237945556640625,0.150809645652771,0.00029064565277100995,0.12033130429241841
1789260113.8274918,0.989446222782135,0.9205695986747742,-0.5003754496574402,-1.220448613166809,0.44047290086746216,2.033379077911377,1.4320306777954102,0.5954056978225708,0.4631115794181824,0.1506822258234024,0.00016322582340241865,0.12972151222939818
1789260113.8611138,0.9939518570899963,0.9208479523658752,-0.5047041773796082,-1.222131371498108,0.4443339407444,2.0332837104797363,1.414305567741394,0.5945245623588562,0.46379008889198303,0.1505996733903885,8.067339038850263e-05,0.13562092827251515
1789260113.8947828,0.998295783996582,0.9211593866348267,-0.5089373588562012,-1.2237656116485596,0.44811615347862244,2.0332064628601074,1.3972364664077759,0.5936946868896484,0.464415580034256,0.1505059003829956,-1.309961700438067e-05,0.14265252599748507
1789260113.9283414,1.002726435661316,0.92149817943573,-0.5135141611099243,-1.225550651550293,0.4520760476589203,2.0331013202667236,1.3791193962097168,0.5929257869720459,0.46490731835365295,0.1504031866788864,-0.00011581332111357256,0.14935344105781187
1789260113.9619794,1.0068755149841309,0.9218237400054932,-0.5180767774581909,-1.2272909879684448,0.45598238706588745,2.033012866973877,1.3614747524261475,0.5922995209693909,0.46524930000305176,0.15033754706382751,-0.0001814529361724715,0.15701751249847418
1789260113.9955919,1.0112603902816772,0.9221349954605103,-0.5222004055976868,-1.2289239168167114,0.45967650413513184,2.0329086780548096,1.3444600105285645,0.5914157629013062,0.4659304618835449,0.15024718642234802,-0.0002718135776519637,0.15949038294479406
1789260114.0291994,1.0159474611282349,0.9224490523338318,-0.5264533162117004,-1.2305728197097778,0.4635278284549713,2.0328266620635986,1.326693058013916,0.5904372930526733,0.46674996614456177,0.15018470585346222,-0.0003342941465377669,0.15949038294479406
1789260114.0628054,1.0204347372055054,0.9227702021598816,-0.5306852459907532,-1.2322157621383667,0.467375785112381,2.0327234268188477,1.3092952966690063,0.5895421504974365,0.4674578905105591,0.15012231469154358,-0.00039668530845640704,0.1631294174610896
1789260114.0963917,1.0249054431915283,0.923123836517334,-0.5351139307022095,-1.233959674835205,0.4711802005767822,2.032623291015625,1.2915565967559814,0.5887247323989868,0.4680248200893402,0.15004417300224304,-0.00047482699775694415,0.1666890263349369
1789260114.1300359,1.0291633605957031,0.9234594702720642,-0.5395978093147278,-1.2356877326965332,0.47506019473075867,2.0325307846069336,1.274020791053772,0.5880325436592102,0.46846121549606323,0.1500072479248047,-0.0005117520751952986,0.16785878907325083
1789260114.1636631,1.0333194732666016,0.9237684607505798,-0.5441358089447021,-1.2374404668807983,0.47883158922195435,2.0324366092681885,1.2564101219177246,0.5874195694923401,0.46879521012306213,0.1499997079372406,-0.0005192920627593856,0.16785878907325083
1789260114.1972585,1.0379159450531006,0.924126923084259,-0.548401415348053,-1.2390743494033813,0.4826384484767914,2.032339572906494,1.238813877105713,0.5864992141723633,0.4695422947406769,0.1499587744474411,-0.0005602255525588851,0.1666890263349369
1789260114.2309124,1.0423575639724731,0.9244464039802551,-0.552459180355072,-1.2405996322631836,0.4863894283771515,2.032236099243164,1.2217299938201904,0.5855882167816162,0.4703224301338196,0.14995424449443817,-0.0005647555055618148,0.15949038294479406
1789260114.2645838,1.046918511390686,0.9247406125068665,-0.5568134784698486,-1.2422945499420166,0.49037230014801025,2.032150983810425,1.2039775848388672,0.5847142934799194,0.4710226356983185,0.14997020363807678,-0.0005487963619232039,0.1480375253231069
1789260114.2981734,1.0515042543411255,0.9250835180282593,-0.5613016486167908,-1.244061827659607,0.4943716824054718,2.0320498943328857,1.1858731508255005,0.5838689208030701,0.4716472923755646,0.1499590128660202,-0.0005599871339797835,0.145369962588823
1789260114.331737,1.0556561946868896,0.9254027605056763,-0.5656548142433167,-1.2457929849624634,0.4980676472187042,2.031964063644409,1.1688247919082642,0.5832048058509827,0.4720527231693268,0.14996081590652466,-0.0005581840934753279,0.14401765375946743
1789260114.3653555,1.0598077774047852,0.9257267713546753,-0.5701905488967896,-1.2476069927215576,0.5018557906150818,2.031867742538452,1.1512614488601685,0.5826007127761841,0.47236207127571106,0.14997358620166779,-0.0005454137983322005,0.13847642022149
1789260114.3990211,1.064414381980896,0.9261218905448914,-0.5744693875312805,-1.2493001222610474,0.5057390928268433,2.0317511558532715,1.133480429649353,0.5816766023635864,0.47308704257011414,0.14993782341480255,-0.0005811765851974349,0.1370561110185936
1789260114.4326043,1.0689952373504639,0.9264616966247559,-0.5786508321762085,-1.2509081363677979,0.5095200538635254,2.031660795211792,1.1160889863967896,0.5807530879974365,0.47386491298675537,0.1499650478363037,-0.0005539521636962752,0.12354070345060089
1789260114.4662201,1.073514699935913,0.9267887473106384,-0.58295738697052,-1.252536416053772,0.5134811401367188,2.0315630435943604,1.0983446836471558,0.5798980593681335,0.4745725989341736,0.1500290334224701,-0.0004899665775298934,0.11014342980975618
1789260114.4998176,1.077847957611084,0.927117109298706,-0.5872383117675781,-1.2541754245758057,0.5171105265617371,2.031477928161621,1.0813143253326416,0.579145610332489,0.4751352071762085,0.15009187161922455,-0.0004271283807754378,0.10087055545943382
1789260114.5334454,1.0822182893753052,0.9274312853813171,-0.5918586254119873,-1.2559967041015625,0.5210288763046265,2.0313849449157715,1.0631799697875977,0.5784792304039001,0.47555267810821533,0.15017582476139069,-0.0003431752386093001,0.09065408419654447
1789260114.5671039,1.0864274501800537,0.9277618527412415,-0.5964189767837524,-1.2578458786010742,0.5249137878417969,2.031224250793457,1.0455628633499146,0.5778524875640869,0.4758787453174591,0.1502273976802826,-0.00029160231971739337,0.08392937202498843
1789260114.6007562,1.0908727645874023,0.928185760974884,-0.6005550622940063,-1.2595512866973877,0.528692901134491,2.030994176864624,1.0284653902053833,0.5769418478012085,0.4765334725379944,0.15017855167388916,-0.000340448326110826,0.08846932694105811
1789260114.634352,1.095510482788086,0.9286115765571594,-0.6048746705055237,-1.2613258361816406,0.5326533317565918,2.0307395458221436,1.010744571685791,0.5759938955307007,0.47721928358078003,0.15014976263046265,-0.00036923736953733965,0.08156468806857739
1789260114.667983,1.0999510288238525,0.9290351271629333,-0.6092333793640137,-1.2631211280822754,0.5365055799484253,2.0304348468780518,0.9932763576507568,0.5751543641090393,0.4777487814426422,0.15012836456298828,-0.0003906354370117049,0.08622923312351063
1789260114.7015784,1.1044334173202515,0.9295056462287903,-0.6137592792510986,-1.2650243043899536,0.540336012840271,2.0300419330596924,0.9756201505661011,0.5743365287780762,0.4781753122806549,0.1500726342201233,-0.0004463657798766951,0.09691329395132914
1789260114.7351527,1.1086736917495728,0.9299643039703369,-0.6183980703353882,-1.267011284828186,0.5441886782646179,2.0296363830566406,0.9580466151237488,0.5736733675003052,0.4783897399902344,0.1500275582075119,-0.0004914417924880843,0.11364091540157657
1789260114.7687523,1.1128908395767212,0.9304012656211853,-0.6230140328407288,-1.2690527439117432,0.5480389595031738,2.029238700866699,0.9404677152633667,0.5730128884315491,0.4785843789577484,0.14998137950897217,-0.0005376204910278182,0.1282042487280194
1789260114.8023267,1.1175169944763184,0.9309158325195312,-0.6273690462112427,-1.2709413766860962,0.5519767999649048,2.02882981300354,0.9228674173355103,0.5720525979995728,0.4791741371154785,0.14989027380943298,-0.0006287261905670027,0.13988230894202303
1789260114.8359568,1.1221683025360107,0.931378185749054,-0.6317299604415894,-1.2728519439697266,0.5558410882949829,2.028411626815796,0.9051029086112976,0.5710903406143188,0.4797648787498474,0.1498364508152008,-0.0006825491847991805,0.15195108845669586
1789260114.869567,1.1265448331832886,0.9318209290504456,-0.6360188126564026,-1.274728536605835,0.559579074382782,2.0280110836029053,0.8880616426467896,0.5702489018440247,0.48022788763046265,0.14980310201644897,-0.0007158979835510115,0.15949038294479406
1789260114.90317,1.1310981512069702,0.9323245882987976,-0.6406620740890503,-1.2767633199691772,0.563531219959259,2.0275888442993164,0.8698760271072388,0.5694357752799988,0.48060670495033264,0.14976100623607635,-0.0007579937639236312,0.17017419378319848
1789260114.9367793,1.1351524591445923,0.9327921271324158,-0.6452049612998962,-1.2787067890167236,0.5673485994338989,2.0272035598754883,0.852881669998169,0.5688510537147522,0.4807673692703247,0.1497691124677658,-0.000749887532234178,0.17804114001225932
1789260114.9703848,1.1393718719482422,0.933271586894989,-0.6498012542724609,-1.2807046175003052,0.5712841153144836,2.0267999172210693,0.8352569341659546,0.5681955218315125,0.4809933304786682,0.1497698575258255,-0.0007491424741744857,0.18238424868700404
1789260115.00407,1.1439987421035767,0.9337475895881653,-0.6541281342506409,-1.2825984954833984,0.5751731991767883,2.0263848304748535,0.8177359104156494,0.5672447085380554,0.48159104585647583,0.1497555524110794,-0.0007634475889205794,0.1855748884546529
1789260115.0376797,1.1486361026763916,0.9342024326324463,-0.6584819555282593,-1.2844723463058472,0.5790068507194519,2.0259690284729004,0.8000823855400085,0.5663095116615295,0.4821871817111969,0.14978007972240448,-0.0007389202775955062,0.18767184827349362
1789260115.0713098,1.1531662940979004,0.9346591234207153,-0.6629459261894226,-1.2864036560058594,0.5828948616981506,2.025559425354004,0.7824055552482605,0.5654672384262085,0.4826648533344269,0.14981919527053833,-0.0006998047294616561,0.18767184827349362
1789260115.1049168,1.1574413776397705,0.9351598024368286,-0.6673377156257629,-1.288303256034851,0.5866317749023438,2.025153160095215,0.7653605341911316,0.5647302269935608,0.48301151394844055,0.14983321726322174,-0.0006857827367782454,0.19179700087998583
1789260115.1385298,1.1617090702056885,0.9356443285942078,-0.6721583604812622,-1.2903707027435303,0.5906212329864502,2.0247490406036377,0.7472159266471863,0.5641512870788574,0.48315903544425964,0.1499141901731491,-0.0006048098268508773,0.19077407530073984
1789260115.172112,1.1660281419754028,0.9361217617988586,-0.6767135858535767,-1.29233717918396,0.5944817662239075,2.0243165493011475,0.7296186089515686,0.5634509325027466,0.48346075415611267,0.14997898042201996,-0.0005400195779800276,0.19077407530073984
1789260115.2056997,1.170526385307312,0.9365776777267456,-0.6808865666389465,-1.2941151857376099,0.5981943011283875,2.0239195823669434,0.7125018835067749,0.5625393390655518,0.4840725362300873,0.15004447102546692,-0.0004745289745330672,0.1834539611091176
1789260115.23931,1.1751887798309326,0.9370191097259521,-0.6852832436561584,-1.2960140705108643,0.6021245121955872,2.023516893386841,0.6948193311691284,0.5616205930709839,0.4846745431423187,0.15014025568962097,-0.00037874431037901446,0.17582936122100767
1789260115.2729971,1.1798062324523926,0.9374918937683105,-0.6898678541183472,-1.2980133295059204,0.6061574816703796,2.023085832595825,0.6766772866249084,0.5607830882072449,0.4851459860801697,0.1502339243888855,-0.0002850756111144881,0.16902045629320203
1789260115.3066123,1.1840883493423462,0.9379613995552063,-0.6942507028579712,-1.2999871969223022,0.6099372506141663,2.0226902961730957,0.6596932411193848,0.5600506663322449,0.48548710346221924,0.15029890835285187,-0.00022009164714811846,0.1666890263349369
1789260115.3401868,1.1882233619689941,0.938439130783081,-0.6989530324935913,-1.3020206689834595,0.6138334274291992,2.022291421890259,0.6420598030090332,0.5595143437385559,0.48561444878578186,0.1504320204257965,-8.697957420347735e-05,0.16071255014426922
1789260115.373801,1.192553162574768,0.9389487504959106,-0.7034724354743958,-1.304033875465393,0.6176546812057495,2.0218658447265625,0.624535083770752,0.5588080883026123,0.4859124422073364,0.15051069855690002,-8.301443099961725e-06,0.15701751249847418
1789260115.407396,1.1971732378005981,0.9394485950469971,-0.7078165411949158,-1.30585515499115,0.6215264201164246,2.02146577835083,0.606890857219696,0.5579066872596741,0.48652637004852295,0.15063466131687164,0.00011566131687165693,0.14265252599748507
1789260115.4409986,1.201808214187622,0.9398903846740723,-0.7122019529342651,-1.3077431917190552,0.6254282593727112,2.0210461616516113,0.5891556739807129,0.5570105314254761,0.4871194064617157,0.1507902443408966,0.0002712443408966203,0.12666881248565126
1789260115.474623,1.2061866521835327,0.9403290748596191,-0.7165272831916809,-1.3095993995666504,0.6291760206222534,2.020643949508667,0.5721144676208496,0.5562314391136169,0.4875863790512085,0.15095466375350952,0.00043566375350953535,0.11364091540157657
1789260115.5081692,1.2106893062591553,0.9408140778541565,-0.7211716771125793,-1.311655879020691,0.633198082447052,2.0202090740203857,0.5539566278457642,0.5554882884025574,0.48795050382614136,0.15110795199871063,0.0005889519987106462,0.09891171693842998
1789260115.5417655,1.2146912813186646,0.9413485527038574,-0.725751519203186,-1.3137283325195312,0.6369389891624451,2.019792079925537,0.5369604229927063,0.5549812912940979,0.4880102872848511,0.15121737122535706,0.0006983712253570695,0.10087055545943382
1789260115.5753264,1.2190301418304443,0.9420056939125061,-0.7302370071411133,-1.3158265352249146,0.6407946348190308,2.019296407699585,0.5192986130714417,0.554240882396698,0.48827192187309265,0.15121440589427948,0.0006954058942794938,0.10087055545943382
1789260115.6089568,1.2236487865447998,0.942594587802887,-0.7345401048660278,-1.3177543878555298,0.6447051167488098,2.0188376903533936,0.501800537109375,0.5533093810081482,0.48884785175323486,0.15128283202648163,0.0007638320264816423,0.09065408419654447
1789260115.642535,1.2282689809799194,0.9433431029319763,-0.7389525175094604,-1.319849967956543,0.6487306356430054,2.018284320831299,0.4840865135192871,0.5523789525032043,0.4892978370189667,0.15121722221374512,0.000698222213745131,0.09691329395132914
1789260115.6761975,1.2327945232391357,0.9441896677017212,-0.7434477210044861,-1.322134256362915,0.6527425646781921,2.0176990032196045,0.46646249294281006,0.5515088438987732,0.489568293094635,0.15104897320270538,0.0005299732027053972,0.11703392759136522
1789260115.709766,1.2370316982269287,0.944975733757019,-0.7478562593460083,-1.3243612051010132,0.6565501689910889,2.0171585083007812,0.44934913516044617,0.5507753491401672,0.4897213876247406,0.15093202888965607,0.00041302888965608076,0.12972151222939818
1789260115.743481,1.2412587404251099,0.9457658529281616,-0.7526682615280151,-1.3268061876296997,0.6605892777442932,2.016571044921875,0.43128854036331177,0.5501839518547058,0.4896603524684906,0.15085594356060028,0.0003369435606002946,0.14935344105781187
1789260115.7771297,1.2456666231155396,0.9466233253479004,-0.7571761012077332,-1.3290969133377075,0.6645507216453552,2.0160017013549805,0.41365790367126465,0.5493927597999573,0.48985353112220764,0.15071997046470642,0.00020097046470643476,0.1655109964311004
1789260115.810754,1.2500972747802734,0.9474225640296936,-0.761358380317688,-1.331178903579712,0.668342113494873,2.01543927192688,0.39657458662986755,0.5484836101531982,0.4902505874633789,0.15061552822589874,9.652822589875654e-05,0.17582936122100767
1789260115.844356,1.2547115087509155,0.9482303857803345,-0.7657774090766907,-1.333335280418396,0.6723724007606506,2.014873743057251,0.3788642883300781,0.5475679039955139,0.49066346883773804,0.15055856108665466,3.956108665467695e-05,0.17913678902801208
1789260115.8780007,1.259178638458252,0.9490070939064026,-0.7702199816703796,-1.3355579376220703,0.676232099533081,2.0143139362335205,0.3613702952861786,0.5467464923858643,0.4909431040287018,0.150515615940094,-3.3840599059919985e-06,0.18871159039859822
1789260115.9116323,1.2635420560836792,0.9498365521430969,-0.7748234272003174,-1.3378702402114868,0.6801794767379761,2.013749122619629,0.34372469782829285,0.5460330843925476,0.491074800491333,0.15046553313732147,-5.346686267851397e-05,0.19782350757194625
1789260115.945247,1.2676438093185425,0.9506977200508118,-0.7794784903526306,-1.3402327299118042,0.684198260307312,2.01318097114563,0.32606494426727295,0.5454640984535217,0.49103018641471863,0.1504046469926834,-0.0001143530073165755,0.20747905542313175
1789260115.9788115,1.2720545530319214,0.9516108632087708,-0.7839145660400391,-1.3425055742263794,0.6881609559059143,2.012603759765625,0.30858317017555237,0.5446574687957764,0.49125340580940247,0.1502891331911087,-0.00022986680889128253,0.21850322975887923
1789260116.012461,1.276698350906372,0.9524523615837097,-0.7882660627365112,-1.3445972204208374,0.6921856999397278,2.0120389461517334,0.29089707136154175,0.5437163710594177,0.49173128604888916,0.1502724289894104,-0.00024657101058958575,0.2130624551327921
1789260116.046061,1.281294345855713,0.9532548189163208,-0.7926657795906067,-1.3467564582824707,0.6961120963096619,2.0114824771881104,0.273212730884552,0.5428277254104614,0.49213260412216187,0.1502820998430252,-0.00023690015697477862,0.2121420935987288
1789260116.0795815,1.2856595516204834,0.954045832157135,-0.79703688621521,-1.3489457368850708,0.6999303698539734,2.010928153991699,0.2561465799808502,0.5420489311218262,0.4923945963382721,0.15029042959213257,-0.00022857040786741778,0.2130624551327921
1789260116.1131725,1.2900943756103516,0.9548600912094116,-0.8017693758010864,-1.351351261138916,0.7039968371391296,2.010377883911133,0.23805709183216095,0.5413665771484375,0.4925093352794647,0.15032973885536194,-0.00018926114463804766,0.20935673428581142
1789260116.146762,1.294097900390625,0.9556615948677063,-0.8062658905982971,-1.3536608219146729,0.7077879309654236,2.0098159313201904,0.22101512551307678,0.5408188104629517,0.4924781322479248,0.1503496915102005,-0.00016930848979948565,0.2130624551327921
1789260116.1803668,1.29853093624115,0.9565544724464417,-0.8107242584228516,-1.3559415340423584,0.7117660641670227,2.0092506408691406,0.20334723591804504,0.5400315523147583,0.49271613359451294,0.15032286942005157,-0.00019613057994841143,0.2130624551327921
1789260116.214107,1.3031678199768066,0.957421064376831,-0.8151093125343323,-1.3580756187438965,0.7157120704650879,2.0086746215820312,0.18560916185379028,0.5391239523887634,0.49315130710601807,0.1503531038761139,-0.00016589612388609454,0.20653381460469245
1789260116.2477324,1.3076895475387573,0.9582054018974304,-0.8194568753242493,-1.3602477312088013,0.7195757031440735,2.0081229209899902,0.16810549795627594,0.5382713079452515,0.4935276210308075,0.15042176842689514,-9.723157310484454e-05,0.1988101655906956
1789260116.2813342,1.3121932744979858,0.9590259790420532,-0.8239684700965881,-1.3624894618988037,0.7236391305923462,2.007572650909424,0.15048766136169434,0.5374836921691895,0.49383148550987244,0.15050682425498962,-1.2175745010362116e-05,0.18451747215888148
1789260116.3150449,1.316476583480835,0.9598272442817688,-0.8285776972770691,-1.3648123741149902,0.7276276350021362,2.007019281387329,0.13287708163261414,0.5368502736091614,0.493943452835083,0.15061774849891663,9.874849891663984e-05,0.17582936122100767
1789260116.348617,1.3205928802490234,0.960683286190033,-0.8331912159919739,-1.3671773672103882,0.731611430644989,2.0064358711242676,0.11535805463790894,0.5362943410873413,0.49393609166145325,0.15069101750850677,0.00017201750850678876,0.1666890263349369
1789260116.3822172,1.3250826597213745,0.9615767002105713,-0.8376275300979614,-1.3694076538085938,0.735530436038971,2.0058648586273193,0.09767362475395203,0.5354915857315063,0.49423372745513916,0.1507451981306076,0.00022619813060761884,0.16071255014426922
1789260116.4157734,1.3295568227767944,0.9623422622680664,-0.8418385982513428,-1.3714085817337036,0.7393082976341248,2.005323886871338,0.08066876232624054,0.5346323847770691,0.4947030544281006,0.1508990377187729,0.00038003771877290204,0.13988230894202303
1789260116.449382,1.3341830968856812,0.9631235599517822,-0.8462779521942139,-1.3736084699630737,0.7432963848114014,2.004753351211548,0.06290154904127121,0.5337703824043274,0.4951181411743164,0.15105555951595306,0.0005365595159530778,0.12194656246489412
1789260116.4831054,1.3387700319290161,0.9639967083930969,-0.8508853912353516,-1.3759390115737915,0.7473486065864563,2.0041401386260986,0.04480709135532379,0.5329807996749878,0.49539119005203247,0.15117360651493073,0.000654606514930739,0.1083523598284494
1789260116.516684,1.342915654182434,0.9648258686065674,-0.8553702235221863,-1.3782740831375122,0.7511879205703735,2.003559112548828,0.027736946940422058,0.5323805212974548,0.4954506754875183,0.1512908935546875,0.0007718935546875139,0.10087055545943382
1789260116.550279,1.3470637798309326,0.9657617807388306,-0.8599529266357422,-1.3807233572006226,0.7551084756851196,2.0029382705688477,0.010114206001162529,0.5318022966384888,0.4954218566417694,0.15134499967098236,0.0008259996709823747,0.09891171693842998
1789260116.5838995,1.3515255451202393,0.9668661952018738,-0.8643549680709839,-1.383197546005249,0.759003758430481,2.00219464302063,-0.007375667802989483,0.5309644341468811,0.49556854367256165,0.15123037993907928,0.0007113799390792985,0.11534989781745353
1789260116.6175137,1.3560950756072998,0.9680399298667908,-0.8685974478721619,-1.3855761289596558,0.7630476355552673,2.00136137008667,-0.02505815401673317,0.5299829840660095,0.495869517326355,0.15105845034122467,0.0005394503412246843,0.12354070345060089
1789260116.6511147,1.3606735467910767,0.9691568613052368,-0.8729581832885742,-1.3881453275680542,0.7670331597328186,2.000490188598633,-0.04270553961396217,0.5290420651435852,0.4960542321205139,0.15090326964855194,0.0003842696485519548,0.13847642022149
1789260116.684709,1.364980936050415,0.970260500907898,-0.8772614598274231,-1.3906214237213135,0.7709138989448547,1.9997080564498901,-0.059847310185432434,0.5282416343688965,0.4961501359939575,0.15078933537006378,0.0002703353700637956,0.1506578634376723
1789260116.7183015,1.3692971467971802,0.9714183807373047,-0.881963849067688,-1.3933162689208984,0.7749339938163757,1.9988802671432495,-0.07786069810390472,0.5275844931602478,0.49603426456451416,0.15071363747119904,0.0001946374711990495,0.1666890263349369
1789260116.7519073,1.3733348846435547,0.972577691078186,-0.886343777179718,-1.3959070444107056,0.7787174582481384,1.998063564300537,-0.09496861696243286,0.5269503593444824,0.49589067697525024,0.1505768746137619,5.7874613761915716e-05,0.18871159039859822
1789260116.7855327,1.3778316974639893,0.9737327098846436,-0.8906572461128235,-1.3983956575393677,0.7826467156410217,1.9972339868545532,-0.11257464438676834,0.5260558128356934,0.49607715010643005,0.15046638250350952,-5.2617496490464655e-05,0.199791951149457
1789260116.8191698,1.3825188875198364,0.9748343229293823,-0.8950029611587524,-1.4008517265319824,0.7866156697273254,1.9964123964309692,-0.13035987317562103,0.5250859260559082,0.4963846206665039,0.15042299032211304,-9.600967788694903e-05,0.20558422779686011
1789260116.8527339,1.3870251178741455,0.975939154624939,-0.8993303179740906,-1.4033185243606567,0.7905337810516357,1.9956152439117432,-0.14783434569835663,0.5242080688476562,0.4965938925743103,0.1503821462392807,-0.00013685376071928546,0.20747905542313175
1789260116.8863366,1.3914670944213867,0.9771232008934021,-0.9037851691246033,-1.405924916267395,0.7944905757904053,1.9947680234909058,-0.16547460854053497,0.5234010815620422,0.4966573119163513,0.15030090510845184,-0.00021809489154814288,0.21939690831971592
1789260116.9199698,1.3955333232879639,0.9782904982566833,-0.9082159399986267,-1.4085218906402588,0.7982994318008423,1.9939683675765991,-0.18257483839988708,0.5227921605110168,0.49652332067489624,0.15024162828922272,-0.00027737171077726885,0.23154652169551507
1789260116.953602,1.3997958898544312,0.9795746207237244,-0.9128509759902954,-1.4112709760665894,0.8024067878723145,1.9931224584579468,-0.2005843222141266,0.5221426486968994,0.4963821470737457,0.15014567971229553,-0.0003733202877044539,0.24308965745644515
1789260116.987171,1.4043267965316772,0.9807493090629578,-0.9171995520591736,-1.413813591003418,0.8064265251159668,1.992280125617981,-0.21829141676425934,0.5212553143501282,0.49657127261161804,0.1500943899154663,-0.00042461008453367755,0.24628834802245791
1789260117.0207531,1.408788800239563,0.9818296432495117,-0.9213327765464783,-1.4161298274993896,0.8102730512619019,1.9915040731430054,-0.2352255880832672,0.5203443765640259,0.4968898594379425,0.15011398494243622,-0.0004050150575637679,0.23738826096775903
1789260117.0543427,1.4133508205413818,0.9830060601234436,-0.9257200956344604,-1.4186545610427856,0.8142094612121582,1.9906593561172485,-0.25306496024131775,0.5194683074951172,0.4970819056034088,0.15010638535022736,-0.0004126146497726302,0.23984831222536715
1789260117.0879657,1.417693853378296,0.9841992259025574,-0.930123507976532,-1.4212051630020142,0.8180813193321228,1.9898592233657837,-0.2704963982105255,0.5187221765518188,0.49713706970214844,0.15010321140289307,-0.00041578859710691973,0.24066274127277762
1789260117.121546,1.4219012260437012,0.9853463172912598,-0.9347159266471863,-1.4238355159759521,0.8220148086547852,1.989052653312683,-0.28821441531181335,0.5181217789649963,0.4970477223396301,0.15018151700496674,-0.0003374829950332503,0.23738826096775903
1789260117.1551642,1.4261304140090942,0.9865140318870544,-0.9392082095146179,-1.426523208618164,0.8259593844413757,1.988218903541565,-0.3058239221572876,0.517463207244873,0.49697428941726685,0.15020371973514557,-0.0003152802648544173,0.23738826096775903
1789260117.1887739,1.4306784868240356,0.987660825252533,-0.9435219764709473,-1.428983449935913,0.829909086227417,1.9874120950698853,-0.3233613669872284,0.5165829062461853,0.4972299635410309,0.15026243031024933,-0.0002565696897506575,0.22641938826360836
1789260117.2223442,1.4353193044662476,0.988771915435791,-0.9478150606155396,-1.4314461946487427,0.8338401913642883,1.9865862131118774,-0.34103885293006897,0.5156481862068176,0.497543066740036,0.1503433734178543,-0.00017562658214567706,0.21397885808123562
1789260117.2559416,1.4396674633026123,0.9899241328239441,-0.9520339369773865,-1.433883786201477,0.8376627564430237,1.9857850074768066,-0.3579856753349304,0.5148402452468872,0.49771949648857117,0.15039606392383575,-0.00012293607616423174,0.20653381460469245
1789260117.2895336,1.444066047668457,0.9911381602287292,-0.9565201997756958,-1.43649160861969,0.8417004942893982,1.9849121570587158,-0.3758055567741394,0.5140932202339172,0.4977834224700928,0.1504645049571991,-5.449504280088946e-05,0.1958352792096712
1789260117.3231597,1.4483730792999268,0.9923006892204285,-0.9612342715263367,-1.4392306804656982,0.8457619547843933,1.9841127395629883,-0.39379802346229553,0.5135036706924438,0.49769508838653564,0.15062469244003296,0.00010569244003297285,0.18238424868700404
1789260117.3567662,1.4524595737457275,0.9934371113777161,-0.9656000137329102,-1.4418139457702637,0.8496109247207642,1.9833009243011475,-0.4109339714050293,0.5128906965255737,0.4976428151130676,0.15073131024837494,0.00021231024837495283,0.17245851507387558
1789260117.3903315,1.4569960832595825,0.9945866465568542,-0.969904363155365,-1.444315791130066,0.8535115718841553,1.9824670553207397,-0.4284851551055908,0.5120236873626709,0.497882217168808,0.15084420144557953,0.00032520144557954267,0.15701751249847418
1789260117.4239504,1.4615684747695923,0.9957383871078491,-0.9741645455360413,-1.4467159509658813,0.8574327230453491,1.981633186340332,-0.44610360264778137,0.5111221075057983,0.4982033967971802,0.15098382532596588,0.0004648253259658952,0.13847642022149
1789260117.457646,1.466070532798767,0.9969075918197632,-0.9785460829734802,-1.449214220046997,0.8613994121551514,1.9807891845703125,-0.4637662470340729,0.5103033185005188,0.4984146058559418,0.15113991498947144,0.0006209149894714494,0.11703392759136522
1789260117.4912095,1.4704935550689697,0.9980484247207642,-0.983024001121521,-1.451819896697998,0.8653313517570496,1.9799538850784302,-0.4814620614051819,0.5095699429512024,0.49851280450820923,0.15132780373096466,0.0008088037309646745,0.10279207254188717
1789260117.5248313,1.4745473861694336,0.999194860458374,-0.9873746037483215,-1.4544432163238525,0.8691580295562744,1.9790408611297607,-0.49856096506118774,0.5089593529701233,0.49843305349349976,0.15146401524543762,0.0009450152454376359,0.09278741380920028
1789260117.5584452,1.478945016860962,1.0006362199783325,-0.9917886853218079,-1.4574790000915527,0.8730901479721069,1.9779082536697388,-0.5165535807609558,0.5081501603126526,0.49827462434768677,0.15132805705070496,0.0008090570507049699,0.11014342980975618
1789260117.5920997,1.483486294746399,1.0022541284561157,-0.995841383934021,-1.460360050201416,0.8769487738609314,1.9767166376113892,-0.5342435240745544,0.5071108341217041,0.4983176589012146,0.15101446211338043,0.000495462113380446,0.13988230894202303
1789260117.6256733,1.4878690242767334,1.0037559270858765,-0.9997801184654236,-1.4630030393600464,0.8807558417320251,1.975634217262268,-0.5511656403541565,0.5061330795288086,0.4984425902366638,0.1508169025182724,0.00029790251827241376,0.15450506866003139
1789260117.6592894,1.4923843145370483,1.0052695274353027,-1.0040168762207031,-1.4658418893814087,0.8847009539604187,1.97449791431427,-0.5690182447433472,0.5051988959312439,0.4984782338142395,0.1506769359111786,0.00015793591117860273,0.17017419378319848
1789260117.6929128,1.4967235326766968,1.0067050457000732,-1.0082030296325684,-1.468668818473816,0.888590395450592,1.9733909368515015,-0.586412250995636,0.5043442249298096,0.4984549880027771,0.15057919919490814,6.019919490815595e-05,0.18130822512890998
1789260117.7264946,1.5009284019470215,1.0081888437271118,-1.0125923156738281,-1.4716482162475586,0.8924080729484558,1.9722564220428467,-0.6041933298110962,0.5036423802375793,0.4982193112373352,0.1505003422498703,-1.8657750129685846e-05,0.1988101655906956
1789260117.7601187,1.505094289779663,1.0097490549087524,-1.0168373584747314,-1.474589467048645,0.8962101340293884,1.971129059791565,-0.6217716336250305,0.5029038786888123,0.4980089068412781,0.1503508985042572,-0.000168101495742784,0.22028696137813833
1789260117.793698,1.5096362829208374,1.0112634897232056,-1.0209029912948608,-1.4773476123809814,0.9000935554504395,1.9699974060058594,-0.6393510103225708,0.5019012093544006,0.49814334511756897,0.15022411942481995,-0.00029488057518003985,0.2323900466696225
1789260117.8273263,1.5142742395401,1.0127084255218506,-1.0249959230422974,-1.48007333278656,0.9039464592933655,1.9688564538955688,-0.6569790244102478,0.5008655190467834,0.4983425438404083,0.1501670926809311,-0.00035190731906889483,0.23821110087806927
1789260117.861029,1.5188021659851074,1.0141451358795166,-1.0291759967803955,-1.4828885793685913,0.9078845381736755,1.967746376991272,-0.6746589541435242,0.4999256134033203,0.49844077229499817,0.15013794600963593,-0.00038105399036406085,0.23984831222536715
1789260117.894653,1.5230474472045898,1.015595555305481,-1.033277988433838,-1.4856910705566406,0.9116169810295105,1.966652274131775,-0.6917421817779541,0.4991106688976288,0.49839499592781067,0.1500888168811798,-0.00043018311882017657,0.24708155049174452
1789260117.9282634,1.5272718667984009,1.0171304941177368,-1.0377577543258667,-1.488728404045105,0.9155716300010681,1.9654970169067383,-0.7097697257995605,0.4984431862831116,0.49814677238464355,0.1500861793756485,-0.0004328206243514876,0.25256422621488783
1789260117.961896,1.5314602851867676,1.0186266899108887,-1.042046308517456,-1.4917573928833008,0.9194872975349426,1.9643638134002686,-0.7274590134620667,0.4977235794067383,0.4979422390460968,0.15004552900791168,-0.000473470992088304,0.25868789467819786
1789260117.995458,1.5358964204788208,1.0200889110565186,-1.0459562540054321,-1.4944111108779907,0.9232078790664673,1.9632608890533447,-0.7444167137145996,0.4967394173145294,0.4981151819229126,0.14999639987945557,-0.0005226001205444197,0.26169599974856805
1789260118.0290668,1.5405431985855103,1.0215657949447632,-1.0500664710998535,-1.4971407651901245,0.9271575808525085,1.9620871543884277,-0.7622599601745605,0.4957106411457062,0.49833449721336365,0.1500052511692047,-0.0005137488307952742,0.2571706479830235
1789260118.0626588,1.5449354648590088,1.0230045318603516,-1.0541858673095703,-1.4999035596847534,0.9309457540512085,1.9609696865081787,-0.7797015309333801,0.49483487010002136,0.49839895963668823,0.15004552900791168,-0.000473470992088304,0.25410897847036323
1789260118.0962331,1.549318790435791,1.024501085281372,-1.0584521293640137,-1.5027798414230347,0.9348046183586121,1.9598298072814941,-0.797413170337677,0.4940198063850403,0.49837037920951843,0.15009461343288422,-0.00042438656711576983,0.2486603648760226
1789260118.1297972,1.553396224975586,1.0258744955062866,-1.0626916885375977,-1.5056532621383667,0.9385946393013,1.9587403535842896,-0.8144814372062683,0.4933624267578125,0.4982178807258606,0.15021421015262604,-0.00030478984737394854,0.23821110087806927
1789260118.1634476,1.5577192306518555,1.0273178815841675,-1.067134976387024,-1.508697271347046,0.9425041675567627,1.9575947523117065,-0.8325518369674683,0.49265387654304504,0.49806106090545654,0.15034189820289612,-0.00017710179710386798,0.2272819425665676
1789260118.1970582,1.5623315572738647,1.028860330581665,-1.0712056159973145,-1.5114481449127197,0.9464589953422546,1.956429362297058,-0.8501801490783691,0.4916391968727112,0.4982685446739197,0.1503618061542511,-0.0001571938457488875,0.22028696137813833
1789260118.2306318,1.566752314567566,1.0303730964660645,-1.0750999450683594,-1.5140970945358276,0.9501450061798096,1.9552955627441406,-0.8671667575836182,0.49066784977912903,0.4984426498413086,0.15036778151988983,-0.0001512184801101546,0.21397885808123562
1789260118.2641873,1.5712246894836426,1.031920075416565,-1.079297423362732,-1.5169637203216553,0.9540278911590576,1.954157829284668,-0.8849620819091797,0.48979058861732483,0.49849140644073486,0.15043355524539948,-8.544475460051104e-05,0.20653381460469245
1789260118.2977986,1.575537919998169,1.033392071723938,-1.0835192203521729,-1.5198441743850708,0.9578939080238342,1.9530518054962158,-0.9023757576942444,0.4890124797821045,0.49846652150154114,0.1505592316389084,4.023163890840009e-05,0.18871159039859822
1789260118.3314393,1.579742431640625,1.0348796844482422,-1.0878676176071167,-1.5228142738342285,0.9618144035339355,1.9519243240356445,-0.9201109409332275,0.48833727836608887,0.4983235001564026,0.1507168859243393,0.0001978859243393083,0.16902045629320203
1789260118.3650227,1.583878755569458,1.0363436937332153,-1.0921967029571533,-1.525755763053894,0.9657369256019592,1.9508023262023926,-0.9376988410949707,0.4876904785633087,0.4981745779514313,0.15090063214302063,0.00038163214302064374,0.1480375253231069
1789260118.398626,1.5884641408920288,1.037887454032898,-1.096218466758728,-1.5284825563430786,0.9695575833320618,1.9496636390686035,-0.9553130865097046,0.4866938292980194,0.4983923137187958,0.15098683536052704,0.00046783536052705244,0.13270400689029618
1789260118.4322119,1.5931264162063599,1.0393675565719604,-1.1002676486968994,-1.5311949253082275,0.9733999967575073,1.948514461517334,-0.9729149341583252,0.48566803336143494,0.49866458773612976,0.15113158524036407,0.0006125852403640886,0.1083523598284494
1789260118.465751,1.5974621772766113,1.0407460927963257,-1.1043269634246826,-1.53389310836792,0.9771584868431091,1.9474440813064575,-0.9899535179138184,0.48483002185821533,0.49879613518714905,0.15135324001312256,0.0008342400131225725,0.08156468806857739
1789260118.4995098,1.601902723312378,1.042457938194275,-1.1084657907485962,-1.5370124578475952,0.9808233976364136,1.946118950843811,-1.0076980590820312,0.483938992023468,0.4986751675605774,0.151320680975914,0.0008016809759140153,0.09278741380920028
1789260118.5331285,1.606137752532959,1.0443979501724243,-1.1125024557113647,-1.540274977684021,0.9846408367156982,1.944645643234253,-1.0257568359375,0.4830789864063263,0.49838870763778687,0.15109620988368988,0.0005772098836898942,0.12033130429241841
1789260118.5667171,1.6101688146591187,1.0461996793746948,-1.1163952350616455,-1.5434178113937378,0.9880917072296143,1.94330632686615,-1.042807936668396,0.48230618238449097,0.4980733096599579,0.15093591809272766,0.000416918092727675,0.14670980696444608
1789260118.6003006,1.614729404449463,1.0479846000671387,-1.1201645135879517,-1.5463836193084717,0.9917042851448059,1.9418978691101074,-1.0603978633880615,0.4811957776546478,0.4981517493724823,0.1507863700389862,0.0002673700389862199,0.1655109964311004
1789260118.6339386,1.6193642616271973,1.0498390197753906,-1.1239087581634521,-1.5493048429489136,0.9953041672706604,1.9404751062393188,-1.0779908895492554,0.48003795742988586,0.49827900528907776,0.15061713755130768,9.813755130769208e-05,0.18871159039859822
1789260118.6675403,1.6238173246383667,1.0516833066940308,-1.1277762651443481,-1.5523346662521362,0.9989686608314514,1.9390735626220703,-1.0956225395202637,0.4790274202823639,0.49825531244277954,0.1504925638437271,-2.6436156272874323e-05,0.20463023449693923
1789260118.7012007,1.6281667947769165,1.0535049438476562,-1.1317518949508667,-1.55545175075531,1.0026527643203735,1.9376747608184814,-1.1133697032928467,0.47811684012413025,0.498126745223999,0.15041695535182953,-0.00010204464817045733,0.216704816531638
1789260118.7348413,1.632265567779541,1.0552674531936646,-1.135683536529541,-1.5585432052612305,1.0061942338943481,1.936353087425232,-1.1304104328155518,0.47733691334724426,0.4978969693183899,0.150377556681633,-0.00014144331836699053,0.22381178101882981
1789260118.768495,1.636644721031189,1.057146668434143,-1.1397854089736938,-1.5618054866790771,1.0098975896835327,1.9349286556243896,-1.1485435962677002,0.4764665365219116,0.49768394231796265,0.15031865239143372,-0.00020034760856627032,0.23656255899196596
1789260118.8020697,1.6411809921264648,1.059001088142395,-1.1436160802841187,-1.5647859573364258,1.013489842414856,1.9335355758666992,-1.1661287546157837,0.4754139184951782,0.49773120880126953,0.15024340152740479,-0.000275598472595201,0.24628834802245791
1789260118.835667,1.6456018686294556,1.0608896017074585,-1.1471548080444336,-1.5676671266555786,1.0170096158981323,1.9321568012237549,-1.1831644773483276,0.47430741786956787,0.49782055616378784,0.15006336569786072,-0.00045563430213926837,0.2639295804557845
1789260118.8692558,1.6501448154449463,1.0628520250320435,-1.1509804725646973,-1.5707896947860718,1.0205920934677124,1.9307596683502197,-1.2008944749832153,0.4732602834701538,0.4977886378765106,0.14992545545101166,-0.0005935445489883284,0.27976482632557653
1789260118.9029245,1.654618263244629,1.06470787525177,-1.155064344406128,-1.573993444442749,1.024377703666687,1.929363489151001,-1.218987226486206,0.4723456799983978,0.49768444895744324,0.1499451845884323,-0.0005738154115676741,0.2776586580329258
1789260118.9365356,1.658616065979004,1.0664522647857666,-1.1589728593826294,-1.5770697593688965,1.0278400182724,1.9280260801315308,-1.2360349893569946,0.47162094712257385,0.49743008613586426,0.14998969435691833,-0.0005293056430816512,0.2769530426626223
1789260118.9701335,1.6628397703170776,1.0682930946350098,-1.1629694700241089,-1.5802286863327026,1.0314686298370361,1.9266506433486938,-1.2536362409591675,0.4708099961280823,0.4972350299358368,0.15001912415027618,-0.0004998758497238021,0.27553639103081884
1789260119.0037062,1.6674144268035889,1.0701014995574951,-1.166802167892456,-1.5831559896469116,1.0351052284240723,1.925247311592102,-1.2712305784225464,0.4697461724281311,0.49735867977142334,0.15006007254123688,-0.0004589274587631087,0.26979540926805484
1789260119.0372915,1.6720211505889893,1.0718988180160522,-1.170600175857544,-1.58610200881958,1.0388000011444092,1.923850655555725,-1.2888638973236084,0.46865350008010864,0.49751052260398865,0.1500990390777588,-0.0004199609222411971,0.26318715972998474
1789260119.0708587,1.676395058631897,1.0737247467041016,-1.174250841140747,-1.589083194732666,1.0423219203948975,1.9224470853805542,-1.3059237003326416,0.4676288068294525,0.49753686785697937,0.15006159245967865,-0.00045740754032133624,0.2654081917510314
1789260119.1044953,1.6807785034179688,1.075629711151123,-1.178170084953308,-1.5922763347625732,1.0459774732589722,1.9210379123687744,-1.323631763458252,0.46671053767204285,0.4974217414855957,0.1500704288482666,-0.0004485711517333846,0.26318715972998474
1789260119.138119,1.6850227117538452,1.0774836540222168,-1.182321310043335,-1.5955473184585571,1.0496641397476196,1.9196404218673706,-1.3417397737503052,0.4659586250782013,0.4971767067909241,0.15020370483398438,-0.00031529516601561114,0.2510099675688194
1789260119.1716542,1.6891400814056396,1.079174280166626,-1.1862140893936157,-1.598616123199463,1.0531705617904663,1.9182952642440796,-1.358744502067566,0.4651765525341034,0.497029185295105,0.15035971999168396,-0.00015928000831602618,0.23406797725889517
1789260119.2052362,1.6937031745910645,1.0810041427612305,-1.1900256872177124,-1.6015419960021973,1.0568104982376099,1.9168914556503296,-1.3763788938522339,0.4641212522983551,0.4971698522567749,0.1504606008529663,-5.8399147033677545e-05,0.21939690831971592
1789260119.238777,1.698235273361206,1.0829001665115356,-1.1938557624816895,-1.6044878959655762,1.0603779554367065,1.9154959917068481,-1.393907904624939,0.46309781074523926,0.49726319313049316,0.15054985880851746,3.0858808517469916e-05,0.20653381460469245
1789260119.2723892,1.7026904821395874,1.0847997665405273,-1.1976826190948486,-1.6075499057769775,1.0640685558319092,1.9140770435333252,-1.4115856885910034,0.46210765838623047,0.4972877502441406,0.15061864256858826,9.96425685882707e-05,0.19382665722055112
1789260119.3060737,1.7071483135223389,1.0867371559143066,-1.2015395164489746,-1.6107103824615479,1.0676292181015015,1.9126522541046143,-1.4292833805084229,0.46114012598991394,0.4972362518310547,0.1506740152835846,0.0001550152835846086,0.1855748884546529
1789260119.3396828,1.7112560272216797,1.0885053873062134,-1.205413818359375,-1.6138097047805786,1.0711220502853394,1.9113293886184692,-1.4463729858398438,0.46037185192108154,0.49707868695259094,0.15084746479988098,0.0003284647998809953,0.1655109964311004
1789260119.3733003,1.715607762336731,1.0903576612472534,-1.2095245122909546,-1.6170554161071777,1.0748871564865112,1.909922480583191,-1.4644794464111328,0.45955541729927063,0.496947318315506,0.15106570720672607,0.0005467072067260881,0.13847642022149
1789260119.4069066,1.7200076580047607,1.0921434164047241,-1.2132513523101807,-1.6199097633361816,1.078442931175232,1.9085575342178345,-1.4815213680267334,0.45856449007987976,0.4970822036266327,0.1512441337108612,0.0007251337108612199,0.11190583714844751
1789260119.440557,1.7245224714279175,1.0940700769424438,-1.2168973684310913,-1.6229263544082642,1.0820168256759644,1.9070855379104614,-1.4991427659988403,0.4574756324291229,0.49718233942985535,0.15128910541534424,0.0007701054153442521,0.10087055545943382
1789260119.4741251,1.7290219068527222,1.0961289405822754,-1.2204402685165405,-1.6261309385299683,1.0854840278625488,1.905515432357788,-1.5168335437774658,0.45635461807250977,0.4971607029438019,0.15118975937366486,0.0006707593736648698,0.11190583714844751
1789260119.5077298,1.7333098649978638,1.0983424186706543,-1.2237932682037354,-1.6294397115707397,1.0887829065322876,1.9039288759231567,-1.534343957901001,0.4552821218967438,0.49697378277778625,0.15092390775680542,0.0004049077568054338,0.14401765375946743
1789260119.5413814,1.737537145614624,1.1005998849868774,-1.2272411584854126,-1.6327660083770752,1.0921330451965332,1.902340054512024,-1.551969051361084,0.45427873730659485,0.4967365562915802,0.15069440007209778,0.00017540007209779218,0.17017419378319848
1789260119.5750942,1.7418850660324097,1.102658748626709,-1.230723261833191,-1.636014461517334,1.0955150127410889,1.9007562398910522,-1.5695931911468506,0.45322057604789734,0.4966293275356293,0.15059585869312286,7.685869312287763e-05,0.18130822512890998
1789260119.6087024,1.746514081954956,1.1046836376190186,-1.2340906858444214,-1.6390190124511719,1.09882652759552,1.8991786241531372,-1.5871450901031494,0.45197126269340515,0.4967840611934662,0.15052688121795654,7.88121795655683e-06,0.18871159039859822
1789260119.6422822,1.7510915994644165,1.106829285621643,-1.2374166250228882,-1.6421490907669067,1.1022322177886963,1.8975948095321655,-1.6048129796981812,0.45073896646499634,0.4968578815460205,0.1503717303276062,-0.00014726967239378497,0.2036717727852554
1789260119.6758757,1.755338191986084,1.1090461015701294,-1.2406543493270874,-1.6452901363372803,1.105426549911499,1.8960460424423218,-1.6218608617782593,0.4496593475341797,0.4967488646507263,0.1501590758562088,-0.00035992414379118487,0.22555353545062423
1789260119.709468,1.7597053050994873,1.1113096475601196,-1.2440909147262573,-1.6486409902572632,1.108837366104126,1.8944599628448486,-1.6396195888519287,0.44859474897384644,0.49658718705177307,0.14998489618301392,-0.0005341038169860701,0.24308965745644515
1789260119.7431116,1.7639962434768677,1.113510012626648,-1.2477147579193115,-1.6520568132400513,1.1122757196426392,1.8928539752960205,-1.6577051877975464,0.44763821363449097,0.4963468015193939,0.14992375671863556,-0.0005952432813644271,0.2510099675688194
1789260119.7767153,1.7681612968444824,1.1156445741653442,-1.250974178314209,-1.6552730798721313,1.1155444383621216,1.8913233280181885,-1.6746816635131836,0.4466168284416199,0.4961977005004883,0.1497793346643448,-0.0007396653356551985,0.26466991865372924
1789260119.8102834,1.7727792263031006,1.1178861856460571,-1.25419282913208,-1.6583242416381836,1.1189475059509277,1.8897268772125244,-1.692324161529541,0.44533225893974304,0.4963386058807373,0.1496163308620453,-0.000902669137954698,0.27411241809811104
1789260119.8439429,1.7774080038070679,1.1200300455093384,-1.2575491666793823,-1.6614314317703247,1.1223758459091187,1.8881336450576782,-1.7100732326507568,0.4440959393978119,0.49645906686782837,0.1495589315891266,-0.0009600684108733992,0.27411241809811104
1789260119.8775337,1.7818301916122437,1.1221141815185547,-1.2609708309173584,-1.6646018028259277,1.1256757974624634,1.8865855932235718,-1.7275490760803223,0.4430052936077118,0.4964413642883301,0.14955933392047882,-0.0009596660795211653,0.2726810091663889
1789260119.9111426,1.786183476448059,1.1242804527282715,-1.2644201517105103,-1.6679255962371826,1.1289899349212646,1.8849914073944092,-1.7451969385147095,0.4419640600681305,0.49630308151245117,0.1495162546634674,-0.001002745336532579,0.27624562495594135
1789260119.9447193,1.7902146577835083,1.1264207363128662,-1.2677595615386963,-1.6712226867675781,1.1322288513183594,1.883443832397461,-1.7623515129089355,0.4410535395145416,0.4960504174232483,0.1494530886411667,-0.0010659113588332991,0.2818552568026587
1789260119.9783428,1.7946404218673706,1.1286197900772095,-1.2713037729263306,-1.6745940446853638,1.1356810331344604,1.8818060159683228,-1.7804144620895386,0.4400053918361664,0.4959283173084259,0.14945605397224426,-0.0010629460277557234,0.27906453641602885
1789260120.0119708,1.799128532409668,1.130632996559143,-1.274552822113037,-1.6775261163711548,1.1389087438583374,1.8802828788757324,-1.7975116968154907,0.43881478905677795,0.49609529972076416,0.14950375258922577,-0.001015247410774217,0.2676107911134112
1789260120.0455804,1.8036860227584839,1.13283371925354,-1.2778104543685913,-1.6806387901306152,1.1423536539077759,1.8786532878875732,-1.8150908946990967,0.4375830292701721,0.49620378017425537,0.149447500705719,-0.001071499294280992,0.26466991865372924
1789260120.0791712,1.8081307411193848,1.1351335048675537,-1.2812103033065796,-1.6839089393615723,1.1456513404846191,1.8770365715026855,-1.8328256607055664,0.43648597598075867,0.4961269795894623,0.14940369129180908,-0.001115308708190904,0.2654081917510314
1789260120.1128197,1.8121466636657715,1.1372156143188477,-1.2844154834747314,-1.6870590448379517,1.148807406425476,1.875555157661438,-1.8493764400482178,0.4355476200580597,0.4959748089313507,0.1493968516588211,-0.0011221483411788802,0.2609472243862704
1789260120.146472,1.813712239265442,1.1378973722457886,-1.2856980562210083,-1.6881338357925415,1.1502859592437744,1.8748588562011719,-1.857003927230835,0.43514296412467957,0.496044397354126,0.1494840830564499,-0.001034916943550096,0.24549258269372118
1789260120.3949974,1.813835620880127,1.138068675994873,-1.28585946559906,-1.6882795095443726,1.150430679321289,1.8747966289520264,-1.8577018976211548,0.43514004349708557,0.4959952235221863,0.1494629979133606,-0.0010560020866393904,0.24628834802245791
1789260120.4299598,1.8138363361358643,1.138067364692688,-1.2858625650405884,-1.6882686614990234,1.1504298448562622,1.8747981786727905,-1.857696294784546,0.43514037132263184,0.4960005283355713,0.14946743845939636,-0.0010515615406036238,0.24708155049174452
1789260120.4699063,1.8138575553894043,1.1380629539489746,-1.2858566045761108,-1.6882612705230713,1.150428056716919,1.87479567527771,-1.85769784450531,0.43512657284736633,0.4960145354270935,0.14946745336055756,-0.00105154663944243,0.24549258269372118
1789260120.5098794,1.8138484954833984,1.1380634307861328,-1.285849928855896,-1.688266396522522,1.1504312753677368,1.8747957944869995,-1.857690691947937,0.4351288378238678,0.49600949883461,0.14946293830871582,-0.0010560616912841658,0.24628834802245791
1789260120.5498827,1.8138346672058105,1.138065218925476,-1.285863995552063,-1.6882741451263428,1.150425910949707,1.8747973442077637,-1.8576937913894653,0.43514207005500793,0.4959966242313385,0.14946770668029785,-0.0010512933197021346,0.24708155049174452
1789260120.5890071,1.8138543367385864,1.1380650997161865,-1.285844326019287,-1.6882692575454712,1.1504299640655518,1.8747949600219727,-1.8576942682266235,0.4351240396499634,0.4960109293460846,0.1494589000940323,-0.0010600999059676985,0.24787221470538592
1789260120.6339679,1.8138508796691895,1.1380623579025269,-1.2858538627624512,-1.6882634162902832,1.150425910949707,1.8747940063476562,-1.8576915264129639,0.43512865900993347,0.4960106313228607,0.14946575462818146,-0.0010532453718185286,0.24708155049174452
1789260120.6730096,1.8138471841812134,1.1380633115768433,-1.2858538627624512,-1.6882675886154175,1.1504275798797607,1.8747957944869995,-1.8576933145523071,0.43513113260269165,0.49600720405578613,0.1494647115468979,-0.001054288453102098,0.24787221470538592
1789260120.7179496,1.8138428926467896,1.1380633115768433,-1.2858574390411377,-1.6882661581039429,1.1504287719726562,1.8747957944869995,-1.8576874732971191,0.4351344406604767,0.49600571393966675,0.14946673810482025,-0.0010522618951797347,0.24708155049174452
1789260120.7629411,1.8138561248779297,1.1380679607391357,-1.2858530282974243,-1.6882636547088623,1.1504275798797607,1.8747977018356323,-1.8576925992965698,0.43512672185897827,0.4960123896598816,0.14946351945400238,-0.0010554805459976058,0.24708155049174452
1789260120.8019938,1.813850998878479,1.1380631923675537,-1.2858538627624512,-1.6882654428482056,1.1504294872283936,1.8747949600219727,-1.8576918840408325,0.4351288676261902,0.4960101842880249,0.14946512877941132,-0.0010538712205886702,0.24708155049174452
1789260120.835627,1.8138352632522583,1.1380680799484253,-1.285850167274475,-1.6882692575454712,1.1504106521606445,1.8747918605804443,-1.8576898574829102,0.43513599038124084,0.4959978461265564,0.14946039021015167,-0.0010586097898483138,0.24787221470538592
1789260120.8692627,1.8138062953948975,1.138119101524353,-1.2858426570892334,-1.6882704496383667,1.1503841876983643,1.8747912645339966,-1.8576902151107788,0.4351509213447571,0.4959721267223358,0.14943717420101166,-0.0010818257989883284,0.2510099675688194
1789260120.9028323,1.8137973546981812,1.1381720304489136,-1.2858163118362427,-1.688273549079895,1.1503782272338867,1.8747936487197876,-1.857688546180725,0.4351489543914795,0.49596017599105835,0.14940384030342102,-0.0011151596965789656,0.2533377797477128
1789260120.9365559,1.8137952089309692,1.1381820440292358,-1.2858083248138428,-1.6882686614990234,1.1503691673278809,1.8747947216033936,-1.8576874732971191,0.4351477324962616,0.49595949053764343,0.14939726889133453,-0.0011217311086654524,0.25487784375809863
1789260120.9701536,1.8137931823730469,1.138176679611206,-1.285812497138977,-1.688272476196289,1.1503729820251465,1.8747929334640503,-1.8576936721801758,0.43514981865882874,0.4959576725959778,0.14940038323402405,-0.0011186167659759383,0.25487784375809863
1789260121.0037448,1.8137749433517456,1.138181447982788,-1.2858117818832397,-1.688268780708313,1.1503686904907227,1.8747937679290771,-1.8576918840408325,0.43515893816947937,0.4959500730037689,0.14939911663532257,-0.0011198833646774153,0.25564439666474065
1789260121.0373502,1.813785195350647,1.1381852626800537,-1.2858095169067383,-1.6882668733596802,1.1503701210021973,1.8747916221618652,-1.8576924800872803,0.43515250086784363,0.4959552586078644,0.14939674735069275,-0.0011222526493072371,0.25564439666474065
1789260121.071028,1.813791036605835,1.1381852626800537,-1.2858095169067383,-1.6882685422897339,1.1503721475601196,1.8747938871383667,-1.8576905727386475,0.4351501166820526,0.4959574341773987,0.1493965983390808,-0.0011224016609191756,0.25487784375809863
1789260121.1046736,1.81378173828125,1.1381891965866089,-1.285813331604004,-1.6882745027542114,1.1503676176071167,1.8747917413711548,-1.8576902151107788,0.4351564943790436,0.4959484040737152,0.14939557015895844,-0.001123429841041551,0.25564439666474065
1789260121.1383274,1.8131920099258423,1.138023853302002,-1.2854222059249878,-1.6880288124084473,1.1498889923095703,1.8753526210784912,-1.8572781085968018,0.4354153275489807,0.49584484100341797,0.14936599135398865,-0.0011530086460113387,0.2502292180346854
1789260121.172021,1.8090777397155762,1.135409951210022,-1.2818210124969482,-1.6859029531478882,1.1469593048095703,1.878157138824463,-1.8557276725769043,0.4365614950656891,0.49571889638900757,0.14927616715431213,-0.0012428328456878524,0.2130624551327921
1789260121.2056026,1.8042466640472412,1.132877230644226,-1.277855396270752,-1.6843632459640503,1.1437445878982544,1.8811938762664795,-1.8540748357772827,0.43802863359451294,0.4950043261051178,0.14888514578342438,-0.0016338542165756087,0.21028928664640814
1789260121.2391882,1.7982397079467773,1.129008173942566,-1.272361159324646,-1.682446837425232,1.138972282409668,1.8843265771865845,-1.852196455001831,0.4395093023777008,0.4941738247871399,0.14835861325263977,-0.0021603867473602156,0.25256422621488783
1789260121.272852,1.7864664793014526,1.1212975978851318,-1.2621968984603882,-1.6770808696746826,1.128172516822815,1.890376091003418,-1.847424030303955,0.4425639808177948,0.4930451512336731,0.1480741947889328,-0.002444805211067186,0.30454562610362684
1789260121.306415,1.7721620798110962,1.112876534461975,-1.2512491941452026,-1.672774076461792,1.1163218021392822,1.89662504196167,-1.8424806594848633,0.4466756582260132,0.4904130697250366,0.14756745100021362,-0.002951548999786363,0.40541819288584663
1789260121.3400674,1.758754014968872,1.1044812202453613,-1.2398924827575684,-1.668018102645874,1.1046135425567627,1.9027706384658813,-1.8375811576843262,0.4501207172870636,0.4885252118110657,0.1470460295677185,-0.0034729704322814803,0.49614013657244577
1789260121.373696,1.7444117069244385,1.0954172611236572,-1.2280722856521606,-1.6627600193023682,1.0919914245605469,1.9094746112823486,-1.8322755098342896,0.4539361894130707,0.48659276962280273,0.14684458076953888,-0.0036744192304611067,0.5517840710276737
1789260121.4073205,1.729945182800293,1.0863221883773804,-1.21554434299469,-1.6569640636444092,1.0792126655578613,1.9163485765457153,-1.8267408609390259,0.4575473666191101,0.4850372076034546,0.14658872783184052,-0.003930272168159471,0.595447855542071
1789260121.4409268,1.7156733274459839,1.0773866176605225,-1.2038098573684692,-1.6521100997924805,1.0667293071746826,1.923033356666565,-1.8215043544769287,0.4613519012928009,0.48303335905075073,0.1465263068675995,-0.003992693132400499,0.625575655219384
1789260121.474545,1.7007784843444824,1.068166971206665,-1.1914234161376953,-1.6464035511016846,1.0537335872650146,1.9301069974899292,-1.8159818649291992,0.46526333689689636,0.4813218414783478,0.14664600789546967,-0.0038729921045303206,0.6221254408910888
1789260121.5081203,1.6858305931091309,1.0588157176971436,-1.1788008213043213,-1.641005277633667,1.0405917167663574,1.9370907545089722,-1.810389518737793,0.4690971374511719,0.4795372486114502,0.14676660299301147,-0.0037523970069885115,0.6218108357894713
1789260121.5417,1.6713306903839111,1.0497822761535645,-1.167036533355713,-1.635684847831726,1.0281685590744019,1.9438620805740356,-1.8050552606582642,0.47299134731292725,0.47783899307250977,0.14723798632621765,-0.0032810136737823348,0.5743720366573491
1789260121.5752432,1.6568641662597656,1.0405304431915283,-1.154861330986023,-1.6302047967910767,1.0152298212051392,1.9507311582565308,-1.7996073961257935,0.4767457842826843,0.4763326644897461,0.14780102670192719,-0.002717973298072801,0.5200177843831438
1789260121.6089013,1.6428720951080322,1.0321837663650513,-1.1435201168060303,-1.6255121231079102,1.0034750699996948,1.9570485353469849,-1.794571876525879,0.48047149181365967,0.47452089190483093,0.1482136994600296,-0.002305300539970384,0.47312612615913474
1789260121.6424649,1.6299188137054443,1.023776650428772,-1.1321468353271484,-1.6205774545669556,0.9918410778045654,1.9631905555725098,-1.7896826267242432,0.48365381360054016,0.4733913242816925,0.1488042026758194,-0.0017147973241805892,0.40638233191796724
1789260121.6760714,1.6163010597229004,1.0153416395187378,-1.1212100982666016,-1.6156518459320068,0.9801909327507019,1.9694809913635254,-1.7847950458526611,0.4873664677143097,0.47187697887420654,0.149725079536438,-0.0007939204635619979,0.3006658966128945
1789260121.709678,1.6067276000976562,1.0095736980438232,-1.1132408380508423,-1.6116487979888916,0.9717571139335632,1.973926305770874,-1.781332015991211,0.4898897707462311,0.47108960151672363,0.15040166676044464,-0.00011733323955534503,0.216704816531638
1789260121.7432697,1.5994017124176025,1.00582754611969,-1.1068605184555054,-1.6084961891174316,0.9652144312858582,1.9767351150512695,-1.7794278860092163,0.49159908294677734,0.470445454120636,0.15050998330116272,-9.016698837266413e-06,0.2121420935987288
1789260121.7768893,1.5925655364990234,1.0024160146713257,-1.1004469394683838,-1.604996681213379,0.9590188264846802,1.9794269800186157,-1.777583122253418,0.49303653836250305,0.4702109396457672,0.15057310461997986,5.410461997987226e-05,0.201741189079591
1789260121.810518,1.585292935371399,0.9988771677017212,-1.0932916402816772,-1.6012964248657227,0.9524755477905273,1.982027530670166,-1.7758190631866455,0.4943796694278717,0.47002825140953064,0.15046602487564087,-5.2975124359117e-05,0.2112177217315485
1789260121.844122,1.5736231803894043,0.9947211742401123,-1.0818336009979248,-1.5931453704833984,0.9417430758476257,1.9852017164230347,-1.7747632265090942,0.49640342593193054,0.47042253613471985,0.15022915601730347,-0.00028984398269651934,0.24787221470538592
1789260121.8777115,1.5609358549118042,0.9905461072921753,-1.0694770812988281,-1.5857053995132446,0.9304244518280029,1.9881620407104492,-1.7736531496047974,0.49852246046066284,0.47015684843063354,0.1495037078857422,-0.0010152921142577986,0.3549819843055889
1789260121.911412,1.548496127128601,0.9863045811653137,-1.0565494298934937,-1.577603816986084,0.9191165566444397,1.9912114143371582,-1.7725584506988525,0.5003386735916138,0.47053366899490356,0.1488858014345169,-0.0016331985654830794,0.430693061809108
1789260121.9450042,1.5340821743011475,0.9815666675567627,-1.0422316789627075,-1.5687898397445679,0.9062982201576233,1.9946213960647583,-1.7713133096694946,0.502687394618988,0.4705663025379181,0.1483118087053299,-0.002207191294670091,0.5066767977169201
1789260121.978583,1.5196967124938965,0.9766450524330139,-1.0274765491485596,-1.5593065023422241,0.8929939866065979,1.998350739479065,-1.7700237035751343,0.5049740672111511,0.4710700511932373,0.14802983403205872,-0.0024891659679412703,0.5392295602369681
1789260122.012171,1.5051909685134888,0.9712616205215454,-1.0128402709960938,-1.549798607826233,0.8798203468322754,2.001980781555176,-1.7687398195266724,0.507379412651062,0.4716305136680603,0.14818304777145386,-0.0023359522285461287,0.5263757077904058
1789260122.0458193,1.4909940958023071,0.9665403962135315,-0.9985373616218567,-1.5406266450881958,0.8670756816864014,2.005566120147705,-1.7675206661224365,0.5097650289535522,0.47207191586494446,0.14818121492862701,-0.002337785071372972,0.5154826282316064
1789260122.0795279,1.4764360189437866,0.961637020111084,-0.9835426807403564,-1.5314300060272217,0.8536040782928467,2.0090293884277344,-1.7662293910980225,0.5120761394500732,0.47250622510910034,0.14815671741962433,-0.0023622825803756575,0.5211454070278755
1789260122.113107,1.4612843990325928,0.9565787315368652,-0.9685794711112976,-1.5218452215194702,0.8400861620903015,2.012782335281372,-1.7648836374282837,0.5147970914840698,0.4728783965110779,0.1485365331172943,-0.0019824668827056746,0.46688130207344036
1789260122.1466858,1.4473384618759155,0.9518334269523621,-0.9541127681732178,-1.5126683712005615,0.827305793762207,2.016223669052124,-1.7636512517929077,0.5170756578445435,0.47359412908554077,0.1489398330450058,-0.0015791669549941878,0.40686354468405955
1789260122.18028,1.4346038103103638,0.9473168849945068,-0.9416465163230896,-1.5047420263290405,0.8159456253051758,2.0193042755126953,-1.7625826597213745,0.5194607377052307,0.4739060401916504,0.14965856075286865,-0.0008604392471313338,0.320816076980128
1789260122.213991,1.4234817028045654,0.9432833194732666,-0.9296739101409912,-1.4971699714660645,0.8055179119110107,2.021972417831421,-1.7615704536437988,0.521164059638977,0.47477585077285767,0.15025782585144043,-0.00026117414855955645,0.24469422950165987
1789260122.2475986,1.4117947816848755,0.9395913481712341,-0.9183807969093323,-1.4900329113006592,0.7951123118400574,2.0247936248779297,-1.7605518102645874,0.523449182510376,0.47490423917770386,0.15088514983654022,0.00036614983654023603,0.16192549306284887
1789260122.2811866,1.400997519493103,0.9366936683654785,-0.9067748785018921,-1.4838557243347168,0.7842515110969543,2.0270214080810547,-1.7595518827438354,0.5250318050384521,0.47495049238204956,0.15067537128925323,0.00015637128925324872,0.19483355668961086
1789260122.3148615,1.389443278312683,0.9337902069091797,-0.8928826451301575,-1.4766709804534912,0.7725808620452881,2.0289461612701416,-1.7585397958755493,0.526055634021759,0.4756975769996643,0.15007935464382172,-0.00043964535617826983,0.26466991865372924
1789260122.348522,1.3771823644638062,0.9310828447341919,-0.8783877491950989,-1.4700411558151245,0.7599822282791138,2.030787944793701,-1.757479190826416,0.5271706581115723,0.47589823603630066,0.1490788608789444,-0.0014401391210555892,0.3946572422757224
1789260122.3821507,1.3650028705596924,0.9283435940742493,-0.8641613721847534,-1.4631335735321045,0.747708797454834,2.0328292846679688,-1.7564374208450317,0.5284247994422913,0.47626906633377075,0.14841555058956146,-0.0021034494104385237,0.47229825359560745
1789260122.4157193,1.3526469469070435,0.9253560304641724,-0.8501013517379761,-1.4562907218933105,0.7351498007774353,2.0348596572875977,-1.755365252494812,0.5298771262168884,0.4764959216117859,0.14804117381572723,-0.0024778261842727523,0.5260038395658844
1789260122.4493206,1.340053677558899,0.9218764901161194,-0.8352007269859314,-1.4484984874725342,0.7222579121589661,2.037099599838257,-1.754271388053894,0.5312525033950806,0.47738346457481384,0.14815373718738556,-0.002365262812614427,0.5143425912433909
1789260122.4829657,1.3273810148239136,0.918910801410675,-0.8207573294639587,-1.4415538311004639,0.709465503692627,2.039149522781372,-1.7531814575195312,0.5327720046043396,0.4776436984539032,0.1479228436946869,-0.0025961563053130965,0.5467968570998396
1789260122.5165176,1.314714789390564,0.9159899353981018,-0.8057917952537537,-1.4342453479766846,0.6964594721794128,2.0412824153900146,-1.7520633935928345,0.5341454148292542,0.47824475169181824,0.14776135981082916,-0.0027576401891708235,0.5602303033276262
1789260122.5501163,1.3018622398376465,0.9130809903144836,-0.7912123799324036,-1.4272048473358154,0.6836628913879395,2.043403148651123,-1.7509504556655884,0.535772979259491,0.47854703664779663,0.1477406620979309,-0.002778337902069078,0.5584812052529896
1789260122.5837061,1.2895245552062988,0.9098988771438599,-0.7763360142707825,-1.4197897911071777,0.6708453297615051,2.0454838275909424,-1.7498559951782227,0.5370956063270569,0.47945624589920044,0.1480550318956375,-0.002463968104362474,0.5177551717768739
1789260122.6173344,1.2766834497451782,0.9069491028785706,-0.7617959380149841,-1.4127472639083862,0.6578977704048157,2.047572612762451,-1.748752474784851,0.5388079881668091,0.47978177666664124,0.1483197957277298,-0.0021992042722701888,0.4857777725022773
1789260122.6510098,1.2643508911132812,0.9039911031723022,-0.7470151782035828,-1.405491590499878,0.6452633738517761,2.049619197845459,-1.7476574182510376,0.5401997566223145,0.4806191623210907,0.1487201750278473,-0.001798824972152696,0.4275009950788604
1789260122.6845937,1.2519888877868652,0.9009963870048523,-0.7331390380859375,-1.3986016511917114,0.6329881548881531,2.051654100418091,-1.7466212511062622,0.5419827699661255,0.4810217320919037,0.14938931167125702,-0.001129688328742967,0.34605016098091196
1789260122.7182155,1.2396613359451294,0.8978069424629211,-0.7183846235275269,-1.3912596702575684,0.6199749708175659,2.053689479827881,-1.7455202341079712,0.5434994101524353,0.4819091558456421,0.15022681653499603,-0.0002921834650039534,0.24708155049174452
1789260122.7517955,1.2297961711883545,0.8960152864456177,-0.7072761058807373,-1.3863492012023926,0.6100646257400513,2.054927349090576,-1.7446751594543457,0.5448046326637268,0.48188015818595886,0.15029138326644897,-0.00022761673355101153,0.24228338651132322
1789260122.7854064,1.2200721502304077,0.8944957852363586,-0.6952569484710693,-1.3812038898468018,0.5997907519340515,2.05594801902771,-1.7438437938690186,0.5456506013870239,0.48227226734161377,0.1500748097896576,-0.00044419021034239337,0.26687861114866307
1789260122.8190062,1.2104471921920776,0.8929052948951721,-0.6831103563308716,-1.3761109113693237,0.5894129872322083,2.0569798946380615,-1.7429739236831665,0.5464219450950623,0.482761025428772,0.14992457628250122,-0.0005944237174987654,0.2846186153678242
1789260122.8525844,1.199394702911377,0.89128577709198,-0.6693673133850098,-1.370793342590332,0.5774829983711243,2.057988166809082,-1.7420392036437988,0.5473229885101318,0.48299986124038696,0.14953982830047607,-0.000979171699523912,0.3374619443881515
1789260122.8861384,1.1878235340118408,0.8899363279342651,-0.65436190366745,-1.364986777305603,0.5647764205932617,2.058929443359375,-1.7410199642181396,0.5480170845985413,0.483510285615921,0.14893890917301178,-0.0015800908269882064,0.40541819288584663
1789260122.919759,1.1762059926986694,0.8887240290641785,-0.6402132511138916,-1.3596452474594116,0.5525144338607788,2.05975079536438,-1.740028977394104,0.5490269064903259,0.4835195541381836,0.14837239682674408,-0.0021466031732559065,0.47518949762451806
1789260122.9534392,1.164184808731079,0.8871875405311584,-0.6251306533813477,-1.3538472652435303,0.5394240617752075,2.060683250427246,-1.7389808893203735,0.5499986410140991,0.4838324189186096,0.14808115363121033,-0.002437846368789659,0.5151028962452611
1789260122.9870706,1.152454137802124,0.8857019543647766,-0.6104447841644287,-1.3480781316757202,0.5268151760101318,2.0616254806518555,-1.7379683256149292,0.5510002374649048,0.4842066764831543,0.14794979989528656,-0.002569200104713426,0.5300800423685875
1789260123.020599,1.141160011291504,0.8842122554779053,-0.596261203289032,-1.342560052871704,0.5145450234413147,2.0624520778656006,-1.7369900941848755,0.5519700646400452,0.4845719337463379,0.14793100953102112,-0.002587990468978868,0.5385033194598222
1789260123.0541437,1.1295545101165771,0.8828324675559998,-0.5812107920646667,-1.3368467092514038,0.5016658902168274,2.0633676052093506,-1.735972285270691,0.5528152585029602,0.48512008786201477,0.14782853424549103,-0.0026904657545089583,0.5475120974517762
1789260123.0877037,1.1178312301635742,0.8815527558326721,-0.5667222738265991,-1.3313857316970825,0.48923009634017944,2.0642096996307373,-1.7349568605422974,0.5539156198501587,0.4853267967700958,0.1477803885936737,-0.00273861140632628,0.5503637641180492
1789260123.1212814,1.106246829032898,0.8801413774490356,-0.5517628788948059,-1.3256807327270508,0.47644904255867004,2.0651214122772217,-1.733939290046692,0.5548535585403442,0.48589271306991577,0.14792883396148682,-0.0025901660385131697,0.5293412492354558
1789260123.1548984,1.0947027206420898,0.8787090182304382,-0.5377120971679688,-1.3201017379760742,0.4640941619873047,2.0660204887390137,-1.732940912246704,0.5561595559120178,0.48612308502197266,0.14833605289459229,-0.002182947105407701,0.4817329007172495
1789260123.1884925,1.0829854011535645,0.8771624565124512,-0.522527277469635,-1.3142973184585571,0.45130038261413574,2.066871404647827,-1.7319016456604004,0.557151198387146,0.4867810010910034,0.14877991378307343,-0.0017390862169265608,0.4288719328188791
1789260123.2221403,1.0713456869125366,0.8759711384773254,-0.5081782341003418,-1.3088831901550293,0.43882104754447937,2.067746877670288,-1.7308944463729858,0.5584079027175903,0.4869847595691681,0.1490916609764099,-0.001427339023590074,0.38512180183095585
1789260123.2557528,1.0603454113006592,0.8746182918548584,-0.49412137269973755,-1.303534746170044,0.42670026421546936,2.0685598850250244,-1.7299376726150513,0.5594848394393921,0.48747000098228455,0.149637371301651,-0.0008816286983489852,0.3189810748477827
1789260123.2894151,1.049055576324463,0.8731398582458496,-0.4799286425113678,-1.2979458570480347,0.4145374000072479,2.069474220275879,-1.728946328163147,0.560745894908905,0.48796385526657104,0.1504536122083664,-6.53877916335921e-05,0.216704816531638
1789260123.323078,1.0388522148132324,0.8722845315933228,-0.4673766493797302,-1.2936360836029053,0.40329113602638245,2.0697221755981445,-1.728041410446167,0.5618001222610474,0.48787564039230347,0.15061892569065094,9.99256906509538e-05,0.21579998972694253
1789260123.3567107,1.0295848846435547,0.8722096085548401,-0.4547099769115448,-1.2895013093948364,0.3927570879459381,2.069826602935791,-1.7272038459777832,0.5621987581253052,0.48826098442077637,0.15019561350345612,-0.0003233864965438704,0.2571706479830235
1789260123.3903372,1.0195584297180176,0.8721264004707336,-0.44224050641059875,-1.2857571840286255,0.3818475902080536,2.0698652267456055,-1.7263230085372925,0.5630350112915039,0.4879598021507263,0.14970624446868896,-0.0008127555313110213,0.31589905197193274
1789260123.42396,1.0088775157928467,0.8720294833183289,-0.42796072363853455,-1.2815622091293335,0.36979982256889343,2.069880723953247,-1.725396990776062,0.5635774731636047,0.48809775710105896,0.14918498694896698,-0.0013340130510330062,0.3753441999249234
1789260123.4575505,0.997511625289917,0.8719121813774109,-0.41321927309036255,-1.2768715620040894,0.3571350872516632,2.0698904991149902,-1.724397897720337,0.5644066333770752,0.48815104365348816,0.1489056944847107,-0.0016133055152892928,0.4073441889832797
1789260123.4911485,0.9861342310905457,0.8718265295028687,-0.39849191904067993,-1.272512674331665,0.34437814354896545,2.0698862075805664,-1.7233988046646118,0.5652307271957397,0.4880755543708801,0.14855265617370605,-0.0019663438262939315,0.4489339067758656
1789260123.5247517,0.9753087162971497,0.8717125058174133,-0.3840695321559906,-1.2680176496505737,0.3322003483772278,2.0698792934417725,-1.7224347591400146,0.5659310221672058,0.48830386996269226,0.14841651916503906,-0.0021024808349609236,0.4622481497169438
1789260123.5584762,0.9635363221168518,0.8716689348220825,-0.36910679936408997,-1.2635911703109741,0.3191411793231964,2.0698306560516357,-1.7214090824127197,0.566935658454895,0.48809924721717834,0.1482071429491043,-0.002311857050895677,0.4877876309017727
1789260123.5920854,0.9524093866348267,0.8716995120048523,-0.3541409969329834,-1.2592027187347412,0.3064035475254059,2.069746971130371,-1.7204344272613525,0.5676147937774658,0.48828125,0.1480180025100708,-0.0025009974899291854,0.5062904613314384
1789260123.6256742,0.9413080811500549,0.871694803237915,-0.3401072919368744,-1.254868984222412,0.2942332625389099,2.0696816444396973,-1.7194435596466064,0.568670928478241,0.4881250262260437,0.14804857969284058,-0.00247042030715941,0.5020211395391544
1789260123.6592784,0.9300009608268738,0.8716278672218323,-0.32519716024398804,-1.2503646612167358,0.28148460388183594,2.069581985473633,-1.7184624671936035,0.5695624947547913,0.48823681473731995,0.14817053079605103,-0.0023484692039489607,0.4861804088632339
1789260123.6928916,0.9183782935142517,0.8715364933013916,-0.31013572216033936,-1.2457287311553955,0.26842907071113586,2.069519519805908,-1.7174216508865356,0.5706390142440796,0.48825040459632874,0.1484486609697342,-0.0020703390302657942,0.4532715557058549
1789260123.7264614,0.9074569344520569,0.8714931607246399,-0.29585161805152893,-1.2413827180862427,0.2562791407108307,2.069427728652954,-1.7164479494094849,0.5716102719306946,0.4883245825767517,0.14874409139156342,-0.0017749086084365706,0.41543006954569667
1789260123.7600405,0.8963238000869751,0.8714498281478882,-0.2810615301132202,-1.2369717359542847,0.24357189238071442,2.069326162338257,-1.7154653072357178,0.5725618600845337,0.488459974527359,0.14909934997558594,-0.0014196500244140486,0.37325312220015094
1789260123.7936,0.8849883079528809,0.871497392654419,-0.2666090726852417,-1.232731580734253,0.23097029328346252,2.069218158721924,-1.7144789695739746,0.5737429857254028,0.48827484250068665,0.14943665266036987,-0.001082347339630113,0.32983799354827886
1789260123.827144,0.8739087581634521,0.8714715242385864,-0.2517736256122589,-1.2282758951187134,0.2185574620962143,2.0691046714782715,-1.7134971618652344,0.5747091174125671,0.48850351572036743,0.14997588098049164,-0.000543119019508348,0.26019629427255464
1789260123.8607352,0.8630426526069641,0.8713857531547546,-0.2380003184080124,-1.2239865064620972,0.2063259333372116,2.069052219390869,-1.7125394344329834,0.5760294795036316,0.48835304379463196,0.1506797969341278,0.00016079693412782148,0.17913678902801208
1789260123.8943934,0.8527794480323792,0.8717247247695923,-0.224607452750206,-1.2206164598464966,0.19478410482406616,2.068389415740967,-1.7115991115570068,0.5768605470657349,0.48806825280189514,0.15070725977420807,0.0001882597742080827,0.18974563519333634
1789260123.928011,0.8423728346824646,0.872610867023468,-0.21075864136219025,-1.217146396636963,0.18300092220306396,2.0677096843719482,-1.710644245147705,0.5775724053382874,0.48783499002456665,0.15040478110313416,-0.00011421889686583087,0.2220563651924133
1789260123.9616218,0.832273542881012,0.8734291791915894,-0.19801312685012817,-1.2140109539031982,0.17184822261333466,2.067007303237915,-1.7097426652908325,0.5785105228424072,0.48725882172584534,0.1501581072807312,-0.00036089271926878497,0.25410897847036323
1789260123.9951813,0.8215325474739075,0.8744534850120544,-0.18350237607955933,-1.2106637954711914,0.159282386302948,2.0661261081695557,-1.708764672279358,0.5791610479354858,0.4869769513607025,0.149776890873909,-0.0007421091260909896,0.3013159872936269
1789260124.0287764,0.8100833892822266,0.8756632804870605,-0.16897311806678772,-1.2072570323944092,0.14653541147708893,2.065239191055298,-1.707726240158081,0.5801864266395569,0.48626425862312317,0.14936445653438568,-0.001154543465614305,0.3488659211959672
1789260124.062418,0.7987200617790222,0.8768686652183533,-0.15421149134635925,-1.203900933265686,0.13376037776470184,2.064263343811035,-1.7066820859909058,0.5810866355895996,0.48568466305732727,0.14899305999279022,-0.001525940007209764,0.3936643883838593
1789260124.096106,0.7873614430427551,0.8780273199081421,-0.13941867649555206,-1.2003179788589478,0.12085572630167007,2.063347816467285,-1.7056597471237183,0.5820844173431396,0.48517751693725586,0.14884987473487854,-0.001669125265121446,0.40926112153302896
1789260124.1296966,0.7762917876243591,0.8790718913078308,-0.1252189427614212,-1.1971217393875122,0.10837548226118088,2.06239914894104,-1.7046525478363037,0.5831117033958435,0.48452189564704895,0.14872625470161438,-0.0017927452983856063,0.4297834618847051
1789260124.1633012,0.7649040222167969,0.8802775144577026,-0.10992356389760971,-1.1935880184173584,0.09534090012311935,2.0614676475524902,-1.7036010026931763,0.5839875936508179,0.4841965436935425,0.1486700028181076,-0.0018489971818923812,0.4320538712014663
1789260124.1968837,0.7533968687057495,0.8814483284950256,-0.0953100398182869,-1.1900843381881714,0.08245568722486496,2.060528039932251,-1.7025682926177979,0.5852228403091431,0.4834875762462616,0.1487419456243515,-0.0017770543756484847,0.42243616107294096
1789260124.230501,0.7427189946174622,0.8825621008872986,-0.08089561760425568,-1.1867923736572266,0.07005039602518082,2.059558629989624,-1.7015804052352905,0.5860894918441772,0.4831737279891968,0.1488463282585144,-0.0016726717414855818,0.4116447344476216
1789260124.264107,0.7310882806777954,0.8837798237800598,-0.0662415623664856,-1.1833598613739014,0.05722946301102638,2.0586256980895996,-1.7005478143692017,0.5874202847480774,0.48238635063171387,0.14901486039161682,-0.0015041396083831649,0.3881583003657882
1789260124.2976704,0.7199205756187439,0.8850061297416687,-0.0515931099653244,-1.1800886392593384,0.0445062518119812,2.057642936706543,-1.699535608291626,0.5885144472122192,0.4818294644355774,0.14918147027492523,-0.0013375297250747542,0.3669083924131978
1789260124.331293,0.7085691690444946,0.8861972689628601,-0.03683783859014511,-1.1765786409378052,0.031656067818403244,2.056694507598877,-1.6984974145889282,0.5897741317749023,0.48125410079956055,0.14957037568092346,-0.0009486243190765242,0.31836705715359415
1789260124.364908,0.6975762844085693,0.8872688412666321,-0.022627592086791992,-1.1731971502304077,0.01934981346130371,2.0558156967163086,-1.6975106000900269,0.5910676121711731,0.4806757867336273,0.15008606016635895,-0.0004329398336410384,0.25640865792940004
1789260124.398583,0.6861777305603027,0.8883913159370422,-0.007370653096586466,-1.1697311401367188,0.006200375035405159,2.054870128631592,-1.6964374780654907,0.5922646522521973,0.4802583158016205,0.1506717950105667,0.0001527950105667253,0.18767184827349362
1789260124.4321864,0.6747685074806213,0.8895373344421387,0.007009153254330158,-1.16628098487854,-0.006584936752915382,2.0539755821228027,-1.695411205291748,0.5938231945037842,0.47944021224975586,0.15132437646389008,0.0008053764638900895,0.1083523598284494
1789260124.4657981,0.6642307043075562,0.8912079930305481,0.020841743797063828,-1.163813591003418,-0.01862768828868866,2.0523760318756104,-1.6943989992141724,0.5947139859199524,0.4786023199558258,0.15113228559494019,0.0006132855949401994,0.14265252599748507
1789260124.499449,0.6527266502380371,0.8936173915863037,0.0349760502576828,-1.161311388015747,-0.031314194202423096,2.0507919788360596,-1.6933259963989258,0.5959485769271851,0.47718507051467896,0.15047098696231842,-4.801303768156573e-05,0.21028928664640814
1789260124.5330346,0.6413207650184631,0.8958991169929504,0.04959307610988617,-1.1590065956115723,-0.04424440860748291,2.049116373062134,-1.692231297492981,0.5969601273536682,0.475994735956192,0.14989279210567474,-0.0006262078943252425,0.27553639103081884
1789260124.566665,0.6300905346870422,0.898015558719635,0.06372354924678802,-1.1565507650375366,-0.0566059947013855,2.047496795654297,-1.6911855936050415,0.5981289744377136,0.47478458285331726,0.1495855748653412,-0.0009334251346587996,0.31216046066761094
1789260124.6002736,0.6183960437774658,0.9002066254615784,0.07836919277906418,-1.1539987325668335,-0.06979244202375412,2.0457799434661865,-1.690087914466858,0.5994351506233215,0.47344425320625305,0.14934910833835602,-0.001169891661643968,0.34149665741854734
1789260124.6338072,0.6068817377090454,0.9024112224578857,0.09316688030958176,-1.1514240503311157,-0.08286649733781815,2.0440683364868164,-1.6889994144439697,0.6006326079368591,0.4722936749458313,0.14920039474964142,-0.0013186052503585677,0.3588197513886266
1789260124.66749,0.5950401425361633,0.9046950340270996,0.10774530470371246,-1.1488178968429565,-0.09585925936698914,2.042336940765381,-1.687888503074646,0.602092444896698,0.47083204984664917,0.149078369140625,-0.0014406308593749861,0.3727285197772224
1789260124.7010274,0.5835358500480652,0.9070041179656982,0.1227501928806305,-1.1464606523513794,-0.10904797911643982,2.0405352115631104,-1.686779260635376,0.6032109260559082,0.46969857811927795,0.1489163488149643,-0.0016026511850356917,0.3921703946518568
1789260124.7345908,0.5719447135925293,0.9092982411384583,0.1367669701576233,-1.1440712213516235,-0.12186205387115479,2.0388541221618652,-1.6857030391693115,0.6047685742378235,0.46808087825775146,0.1488247960805893,-0.0016942039194106917,0.40007389883787753
1789260124.7681634,0.5601837038993835,0.9116559028625488,0.15207725763320923,-1.1416051387786865,-0.1351146548986435,2.0370521545410156,-1.684578537940979,0.6060070991516113,0.46692636609077454,0.1488592028617859,-0.0016597971382140975,0.3931670212438742
1789260124.8018441,0.5486901998519897,0.9138330221176147,0.1662195324897766,-1.139062762260437,-0.1479121297597885,2.0353639125823975,-1.6834962368011475,0.607610821723938,0.4654378592967987,0.1490904986858368,-0.0014285013141631941,0.36637470537647665
1789260124.8354545,0.5371352434158325,0.9160485863685608,0.18102416396141052,-1.13656485080719,-0.16106876730918884,2.0335874557495117,-1.6824027299880981,0.6090484857559204,0.46416154503822327,0.14938539266586304,-0.001133607334136949,0.3327909523355469
1789260124.8690844,0.5253350734710693,0.9182999730110168,0.1959061324596405,-1.133983850479126,-0.17400269210338593,2.031864643096924,-1.6812901496887207,0.6106213927268982,0.462797075510025,0.14978428184986115,-0.0007347181501388411,0.28254863011927855
1789260124.902664,0.5138037204742432,0.9205635190010071,0.21022161841392517,-1.1316574811935425,-0.18697530031204224,2.0300815105438232,-1.6802012920379639,0.6122309565544128,0.4612503945827484,0.15008917450904846,-0.0004298254909515242,0.24708155049174452
1789260124.9362955,0.5024536848068237,0.9229393005371094,0.2248144894838333,-1.129364013671875,-0.19991624355316162,2.028280258178711,-1.679112434387207,0.6136676073074341,0.4599224030971527,0.15039294958114624,-0.0001260504188537459,0.20842000938287997
1789260124.9699333,0.49083757400512695,0.9252869486808777,0.23892730474472046,-1.126996636390686,-0.21256494522094727,2.0264670848846436,-1.6780363321304321,0.6154300570487976,0.4582153260707855,0.15078717470169067,0.0002681747016906877,0.16192549306284887
1789260125.0035582,0.4795582592487335,0.9278523921966553,0.2532224655151367,-1.1248023509979248,-0.22543230652809143,2.0244574546813965,-1.6769371032714844,0.6169198155403137,0.45669668912887573,0.15101195871829987,0.0004929587182998796,0.13562092827251515
1789260125.0371265,0.46699783205986023,0.9310346245765686,0.26805374026298523,-1.1227349042892456,-0.23887039721012115,2.0220837593078613,-1.6758016347885132,0.6187146902084351,0.45445606112480164,0.1508113592863083,0.00029235928630830244,0.15825877775862904
1789260125.0707235,0.4552375376224518,0.9344292283058167,0.282248854637146,-1.1214885711669922,-0.251722514629364,2.019359588623047,-1.6746858358383179,0.6199964284896851,0.45229440927505493,0.15006133913993835,-0.00045766086006163165,0.2533377797477128
1789260125.104283,0.4425761103630066,0.9379997253417969,0.2968897819519043,-1.1198610067367554,-0.2653692662715912,2.016774892807007,-1.6734951734542847,0.6217623353004456,0.4497371017932892,0.1494934856891632,-0.0010255143108367781,0.3134116129266708
1789260125.1379738,0.43004608154296875,0.9414740800857544,0.31212374567985535,-1.1182200908660889,-0.2791514992713928,2.014129161834717,-1.6723006963729858,0.6233367919921875,0.44752705097198486,0.14915265142917633,-0.0013663485708236556,0.3544303396565459
1789260125.1715899,0.41795480251312256,0.9446324110031128,0.3263581097126007,-1.1164472103118896,-0.29192185401916504,2.011674404144287,-1.6711924076080322,0.6250994801521301,0.44524577260017395,0.1490907073020935,-0.0014282926979064803,0.3631561135403902
1789260125.2052221,0.40568748116493225,0.947850227355957,0.3410709500312805,-1.1147297620773315,-0.30564188957214355,2.009111166000366,-1.6700491905212402,0.6268790364265442,0.44294261932373047,0.14908896386623383,-0.0014300361337661605,0.36637470537647665
1789260125.2388568,0.3934152126312256,0.9510943293571472,0.35582759976387024,-1.1129037141799927,-0.3189796805381775,2.006624460220337,-1.6688965559005737,0.6286907196044922,0.4406950771808624,0.14921103417873383,-0.0013079658212661605,0.35110227107990044
1789260125.272495,0.3809804618358612,0.954406201839447,0.3705258369445801,-1.1110868453979492,-0.3323144316673279,2.0040388107299805,-1.6677486896514893,0.6306032538414001,0.4382714331150055,0.14934389293193817,-0.0011751070680618148,0.3363002785831761
1789260125.3061182,0.3686169385910034,0.9578116536140442,0.3853737413883209,-1.1094168424606323,-0.34596896171569824,2.0013866424560547,-1.6665925979614258,0.6324388980865479,0.43588170409202576,0.14943934977054596,-0.0010796502294540267,0.3268583580297319
1789260125.3397946,0.3564952313899994,0.9612084031105042,0.3995209336280823,-1.1078208684921265,-0.359031081199646,1.9988675117492676,-1.6654688119888306,0.6343572735786438,0.43334925174713135,0.14949768781661987,-0.001021312183380113,0.31465779040329017
1789260125.3733397,0.343974232673645,0.9647637605667114,0.41479429602622986,-1.106259822845459,-0.3726702630519867,1.9961955547332764,-1.6642991304397583,0.6361494064331055,0.43100595474243164,0.1496621072292328,-0.000856892770767198,0.29208307983949505
1789260125.4070575,0.33147814869880676,0.9681849479675293,0.4294470250606537,-1.104524850845337,-0.3861972987651825,1.9936140775680542,-1.6631476879119873,0.6382408142089844,0.42837661504745483,0.14999806880950928,-0.0005209311904907088,0.24787221470538592
1789260125.4406676,0.31972619891166687,0.9713620543479919,0.4438299536705017,-1.102955937385559,-0.3992255628108978,1.9911118745803833,-1.6620310544967651,0.6400784850120544,0.4261329770088196,0.15048469603061676,-3.4303969383225885e-05,0.19179700087998583
1789260125.4742258,0.3071100413799286,0.9748748540878296,0.4581587612628937,-1.1012827157974243,-0.41244447231292725,1.9883596897125244,-1.6608525514602661,0.6422980427742004,0.4232024550437927,0.1508142650127411,0.00029526501274110273,0.15576635622796445
1789260125.5078173,0.29509639739990234,0.9787268042564392,0.4722289741039276,-1.0999141931533813,-0.4253804683685303,1.9853456020355225,-1.6597479581832886,0.6441388130187988,0.4204676151275635,0.15076924860477448,0.00025024860477448896,0.16432452156180907
1789260125.5413744,0.28250932693481445,0.9827777147293091,0.48597458004951477,-1.0987141132354736,-0.4385724663734436,1.9820913076400757,-1.6586085557937622,0.6462417840957642,0.41709470748901367,0.1505005657672882,-1.843423271177813e-05,0.199791951149457
1789260125.5749786,0.2701626121997833,0.9870381355285645,0.49993714690208435,-1.0976099967956543,-0.4516671597957611,1.9788095951080322,-1.6574574708938599,0.6481310129165649,0.41395434737205505,0.1501491665840149,-0.00036983341598509356,0.23984831222536715
1789260125.6085618,0.2567901015281677,0.9916553497314453,0.5146862864494324,-1.0964716672897339,-0.46547427773475647,1.9753391742706299,-1.6562532186508179,0.650263249874115,0.41038888692855835,0.14976361393928528,-0.0007553860607147078,0.2811601735667408
1789260125.6421294,0.24357391893863678,0.9963123202323914,0.5294374227523804,-1.095475435256958,-0.4794159233570099,1.9717680215835571,-1.655043125152588,0.6523070335388184,0.40686309337615967,0.14936673641204834,-0.0011522635879516463,0.3268583580297319
1789260125.6757364,0.23057766258716583,1.0006035566329956,0.5435572266578674,-1.0943230390548706,-0.49275296926498413,1.9683977365493774,-1.6538574695587158,0.6545417308807373,0.40324169397354126,0.1492769420146942,-0.0012420579853057723,0.33919698372953155
1789260125.7093937,0.21735069155693054,1.0050482749938965,0.55866539478302,-1.0931967496871948,-0.5066429972648621,1.964879035949707,-1.6526259183883667,0.6566550135612488,0.3998381793498993,0.14933638274669647,-0.001182617253303514,0.33688161220047197
1789260125.7430243,0.20361588895320892,1.0094802379608154,0.5737576484680176,-1.0917741060256958,-0.5208720564842224,1.961300015449524,-1.6514028310775757,0.6591488122940063,0.39599311351776123,0.1496070921421051,-0.0009119078578948836,0.3083765484786035
1789260125.7766466,0.1909157931804657,1.0139461755752563,0.5881244540214539,-1.0908398628234863,-0.5343189239501953,1.9578479528427124,-1.6502140760421753,0.6611967086791992,0.39255017042160034,0.14958897233009338,-0.0009300276699066024,0.3102742728505004
1789260125.8102813,0.1776740998029709,1.0185813903808594,0.6024557948112488,-1.0898295640945435,-0.5479427576065063,1.9542934894561768,-1.6490291357040405,0.6634983420372009,0.38864752650260925,0.14954304695129395,-0.0009759530487060408,0.3127866623704862
1789260125.8438494,0.1652638167142868,1.0230162143707275,0.6165282726287842,-1.088865041732788,-0.5610251426696777,1.9510228633880615,-1.6479016542434692,0.6655717492103577,0.38524049520492554,0.14966753125190735,-0.0008514687480926375,0.29006636730293733
1789260125.8774455,0.1524343639612198,1.0272550582885742,0.6305151581764221,-1.0876290798187256,-0.5742553472518921,1.9476988315582275,-1.6467838287353516,0.6679990887641907,0.38143301010131836,0.15009354054927826,-0.00042545945072172686,0.24066274127277762
1789260125.9110885,0.1403408795595169,1.0312916040420532,0.6443102955818176,-1.0865355730056763,-0.5868908762931824,1.9444310665130615,-1.6456677913665771,0.6701464653015137,0.37806978821754456,0.15063875913619995,0.00011975913619996503,0.1834539611091176
1789260125.9446738,0.13273052871227264,1.033547282218933,0.6521617770195007,-1.0853930711746216,-0.594560444355011,1.9427651166915894,-1.6448386907577515,0.6719361543655396,0.3755781948566437,0.15123483538627625,0.000715835386276259,0.10467832346762979
1789260125.9782681,0.12614022195339203,1.035890817642212,0.659875750541687,-1.0852196216583252,-0.6013588309288025,1.9409350156784058,-1.644023060798645,0.672890305519104,0.3738417625427246,0.15135596692562103,0.0008369669256210466,0.09278741380920028
1789260126.01191,0.12022893875837326,1.038148283958435,0.66692715883255,-1.0850938558578491,-0.6079255938529968,1.9391494989395142,-1.643220067024231,0.6737185120582581,0.37226301431655884,0.1513821929693222,0.0008631929693222185,0.09065408419654447
1789260126.045557,0.11625037342309952,1.0395395755767822,0.6718111038208008,-1.0861148834228516,-0.6132908463478088,1.938014268875122,-1.6376599073410034,0.6739883422851562,0.37125808000564575,0.15110668540000916,0.0005876854000091691,0.12511453444308365
1789260126.079174,0.11278112977743149,1.040907859802246,0.6778834462165833,-1.0889333486557007,-0.6189889311790466,1.937347412109375,-1.626966118812561,0.6732854843139648,0.3713732659816742,0.1504947543144226,-2.4245685577378717e-05,0.18022577739447643
1789260126.1127834,0.10926132649183273,1.0420281887054443,0.6839469075202942,-1.091696858406067,-0.6245818138122559,1.9366002082824707,-1.616599678993225,0.6726481318473816,0.3714568316936493,0.15009313821792603,-0.00042586178207396075,0.22381178101882981
1789260126.1463742,0.1049777939915657,1.0434764623641968,0.6917024850845337,-1.094724416732788,-0.6319191455841064,1.9356359243392944,-1.60355544090271,0.6719619035720825,0.3716481029987335,0.14979594945907593,-0.0007230505409240584,0.25410897847036323
1789260126.1800294,0.0987691879272461,1.045412540435791,0.703032910823822,-1.0994294881820679,-0.6417690515518188,1.9344556331634521,-1.5859806537628174,0.6708205342292786,0.3721383213996887,0.1494584083557129,-0.0010605916442870955,0.2887140663131333
1789260126.213676,0.09249219298362732,1.0476051568984985,0.7137599587440491,-1.1042711734771729,-0.6519001126289368,1.9329904317855835,-1.568461298942566,0.6697338223457336,0.37223130464553833,0.14877280592918396,-0.0017461940708160262,0.362076891766538
1789260126.2472162,0.08636009693145752,1.0498329401016235,0.7246201038360596,-1.1089861392974854,-0.6619662642478943,1.931633472442627,-1.5507972240447998,0.6686322093009949,0.3725118339061737,0.1482238918542862,-0.0022951081457137923,0.41495879102025574
1789260126.28091,0.08004964143037796,1.051889181137085,0.7349367141723633,-1.1133724451065063,-0.6718015670776367,1.930382490158081,-1.5338090658187866,0.6678656339645386,0.37243133783340454,0.14784543216228485,-0.002673567837715135,0.44499387390701634
1789260126.3145485,0.07353421300649643,1.053875207901001,0.7460000514984131,-1.1179583072662354,-0.6818947196006775,1.9290975332260132,-1.5159411430358887,0.6670083999633789,0.372578501701355,0.1477077305316925,-0.0028112694683074813,0.4549950369545849
1789260126.3481429,0.06721993535757065,1.0560046434402466,0.7573233842849731,-1.122752070426941,-0.6923823952674866,1.9276975393295288,-1.4978822469711304,0.6659690141677856,0.3729548752307892,0.1475256085395813,-0.0029933914604186873,0.4685547264326191
1789260126.3817458,0.06131429597735405,1.0581481456756592,0.7680720090866089,-1.1274259090423584,-0.7021008133888245,1.926414132118225,-1.4807218313217163,0.6648772954940796,0.37342748045921326,0.14729411900043488,-0.0032248809995651107,0.48658271205967
1789260126.415309,0.05491918325424194,1.0603429079055786,0.7787987589836121,-1.1320561170578003,-0.7123051881790161,1.9249919652938843,-1.4630783796310425,0.6640358567237854,0.3734913468360901,0.1470913141965866,-0.0034276858034133773,0.4973219006472363
1789260126.448897,0.048537448048591614,1.0626730918884277,0.7894976139068604,-1.1367459297180176,-0.7223091721534729,1.9235807657241821,-1.4454177618026733,0.6631438732147217,0.3735913336277008,0.1468336284160614,-0.0036853715839385848,0.5128185996565369
1789260126.4824746,0.042251404374837875,1.0647900104522705,0.8004685044288635,-1.141457200050354,-0.7324858903884888,1.9222646951675415,-1.4277291297912598,0.6622508764266968,0.37389543652534485,0.1468702256679535,-0.003648774332046495,0.49653437043716764
1789260126.5161104,0.03605559840798378,1.0668442249298096,0.8115411996841431,-1.146175503730774,-0.7425952553749084,1.92093026638031,-1.4099477529525757,0.6613243222236633,0.37432295083999634,0.14704455435276031,-0.003474445647239671,0.4685547264326191
1789260126.5497224,0.029861070215702057,1.068901538848877,0.8221123218536377,-1.150613784790039,-0.7524589896202087,1.9196134805679321,-1.3928178548812866,0.6605926156044006,0.37451380491256714,0.14723029732704163,-0.00328870267295836,0.4347627123954492
1789260126.583329,0.02327682636678219,1.0711028575897217,0.833260178565979,-1.1553866863250732,-0.7627487182617188,1.9182146787643433,-1.3747014999389648,0.6598057746887207,0.37471041083335876,0.14743968844413757,-0.003079311555862413,0.39811273255479274
1789260126.6169991,0.017053507268428802,1.073380947113037,0.8441464900970459,-1.1601970195770264,-0.7730259299278259,1.9168064594268799,-1.3569989204406738,0.6589226722717285,0.3750312924385071,0.14757120609283447,-0.0029477939071655135,0.3653049922954136
1789260126.6506107,0.011189332231879234,1.0754393339157104,0.8547658920288086,-1.1648045778274536,-0.782752275466919,1.9155042171478271,-1.3399789333343506,0.6580418944358826,0.3755209743976593,0.14791002869606018,-0.0026089713039398055,0.31465779040329017
1789260126.6841724,0.004705857951194048,1.0774403810501099,0.8657316565513611,-1.1694544553756714,-0.792987048625946,1.9141583442687988,-1.3221021890640259,0.6574051380157471,0.3757140338420868,0.1484459489583969,-0.0020730510416030745,0.23984831222536715
1789260126.7177582,-0.0016881562769412994,1.0795307159423828,0.8763048648834229,-1.1739215850830078,-0.8028495907783508,1.9126561880111694,-1.3046795129776,0.6568151116371155,0.37577658891677856,0.14890818297863007,-0.0016108170213699202,0.18130822512890998
1789260126.7513456,-0.007881047204136848,1.0820832252502441,0.8870916366577148,-1.1789301633834839,-0.8125817775726318,1.9108185768127441,-1.2872155904769897,0.65577232837677,0.3761112689971924,0.14899194240570068,-0.0015270575942993025,0.17017419378319848
1789260126.784856,-0.013778490014374256,1.0848729610443115,0.8972036838531494,-1.184119701385498,-0.8218932747840881,1.908767819404602,-1.2704071998596191,0.6545597910881042,0.37636616826057434,0.14868362247943878,-0.0018353775205612044,0.20842000938287997
1789260126.8185008,-0.019879182800650597,1.087709665298462,0.9079589247703552,-1.1894012689590454,-0.8318936824798584,1.906717300415039,-1.2525649070739746,0.6533777117729187,0.37673255801200867,0.1486041247844696,-0.0019148752155303816,0.21489135308816265
1789260126.8521385,-0.026495646685361862,1.0906593799591064,0.9182900190353394,-1.1946890354156494,-0.8414890766143799,1.904290795326233,-1.2349300384521484,0.6523594856262207,0.37655526399612427,0.14834313094615936,-0.0021758690538406233,0.25640865792940004
1789260126.8856814,-0.03262066841125488,1.09368097782135,0.9284430146217346,-1.1999562978744507,-0.8509831428527832,1.901863932609558,-1.2178674936294556,0.6511911749839783,0.3766302168369293,0.14805102348327637,-0.002467976516723619,0.2987071358280474
1789260126.9192374,-0.03889378160238266,1.0968583822250366,0.939124345779419,-1.2055870294570923,-0.8605476021766663,1.899321436882019,-1.2000460624694824,0.6498323082923889,0.3768865168094635,0.14779268205165863,-0.0027263179483413558,0.34661514293343204
1789260126.9528468,-0.04501201584935188,1.0999913215637207,0.9495384693145752,-1.2112098932266235,-0.870150089263916,1.8968346118927002,-1.1825984716415405,0.6485078930854797,0.377128541469574,0.1475508064031601,-0.002968193596839891,0.3856295453008921
1789260126.9864867,-0.0514216274023056,1.1030246019363403,0.959977924823761,-1.2165894508361816,-0.8797789216041565,1.8943166732788086,-1.1648203134536743,0.6474308371543884,0.37715214490890503,0.1475287824869156,-0.0029902175130843978,0.4005626901348312
1789260127.0200913,-0.05783037096261978,1.105971336364746,0.9704047441482544,-1.2220582962036133,-0.8895372748374939,1.8918312788009644,-1.1472100019454956,0.6463831067085266,0.3771780729293823,0.14760373532772064,-0.002915264672279344,0.40105088571469427
1789260127.0537224,-0.06402584165334702,1.1089872121810913,0.98106449842453,-1.227454423904419,-0.8990565538406372,1.8894307613372803,-1.129509449005127,0.645240306854248,0.37747901678085327,0.14782480895519257,-0.0026941910448074202,0.3896676766123833
1789260127.0873356,-0.07017073780298233,1.1120749711990356,0.9917280673980713,-1.233080506324768,-0.908750057220459,1.8869472742080688,-1.111855387687683,0.6440108418464661,0.37781965732574463,0.14800016582012177,-0.002518834179878221,0.3820611713169772
1789260127.1209662,-0.07642386108636856,1.1152397394180298,1.0016372203826904,-1.2383792400360107,-0.9180513024330139,1.8844423294067383,-1.094694972038269,0.6430301070213318,0.3777393400669098,0.14801166951656342,-0.0025073304834365706,0.3841043013843332
1789260127.1546078,-0.08276700973510742,1.1184991598129272,1.012117862701416,-1.243998408317566,-0.9278395771980286,1.8818508386611938,-1.0769195556640625,0.6419290900230408,0.3778460919857025,0.14815175533294678,-0.002367244667053209,0.3722031779636669
1789260127.188288,-0.0892532467842102,1.1216362714767456,1.0228177309036255,-1.2496587038040161,-0.9376662373542786,1.8793050050735474,-1.0588070154190063,0.6408949494361877,0.37796759605407715,0.14851844310760498,-0.0020005568923950057,0.33861962506098686
1789260127.2219,-0.09516347944736481,1.1245557069778442,1.0331432819366455,-1.254939079284668,-0.9469591379165649,1.8769397735595703,-1.0417982339859009,0.6398736238479614,0.3783104717731476,0.1490696221590042,-0.0014493778409957747,0.2859902821318441
1789260127.2555637,-0.10162004828453064,1.1275153160095215,1.04356050491333,-1.2603373527526855,-0.9565275311470032,1.8744381666183472,-1.0242184400558472,0.6390392780303955,0.3783101737499237,0.14965622127056122,-0.0008627787294387679,0.22985018505318222
1789260127.2891748,-0.10761428624391556,1.1304819583892822,1.0536375045776367,-1.2656676769256592,-0.9656882882118225,1.872236728668213,-1.0073964595794678,0.6381146311759949,0.3785352110862732,0.15021732449531555,-0.0003016755046844344,0.17245851507387558
1789260127.322774,-0.11065488308668137,1.1321314573287964,1.0598410367965698,-1.2687749862670898,-0.9713498950004578,1.8707237243652344,-0.9968398213386536,0.6374011635780334,0.3790237009525299,0.1507355272769928,0.0002165272769928117,0.12666881248565126
1789260127.3563895,-0.11373645812273026,1.1338727474212646,1.0662046670913696,-1.2721587419509888,-0.9769355058670044,1.869350552558899,-0.9864751100540161,0.6365651488304138,0.37963375449180603,0.15122397243976593,0.000704972439765944,0.10279207254188717
1789260127.3900998,-0.11691651493310928,1.1357930898666382,1.0718218088150024,-1.2754205465316772,-0.9825998544692993,1.8679119348526,-0.9766247272491455,0.6359038949012756,0.37981995940208435,0.15135550498962402,0.0008365049896240373,0.07401874722002606
1789260127.4237003,-0.12139017134904861,1.1366431713104248,1.0737736225128174,-1.275755524635315,-0.9841279983520508,1.867020845413208,-0.9736605286598206,0.6371420621871948,0.37758323550224304,0.15148495137691498,0.0009659513769149919,0.09065408419654447
1789260127.457304,-0.13000290095806122,1.1375752687454224,1.0746980905532837,-1.2748563289642334,-0.9852237105369568,1.8660759925842285,-0.9719602465629578,0.6404908299446106,0.37206903100013733,0.15148115158081055,0.0009621515808105607,0.08622923312351063
1789260127.4909048,-0.13847437500953674,1.1385596990585327,1.075079321861267,-1.2735377550125122,-0.986255943775177,1.8651268482208252,-0.9703757166862488,0.6439660787582397,0.36631035804748535,0.15133830904960632,0.0008193090496063371,0.07132624918176021
1789260127.5244992,-0.150291308760643,1.1398831605911255,1.0762884616851807,-1.2724578380584717,-0.9874867796897888,1.863948941230774,-0.9684613347053528,0.6483278870582581,0.3587050437927246,0.15124963223934174,0.0007306322393417497,0.08622923312351063
1789260127.5581384,-0.16568094491958618,1.141330361366272,1.0775753259658813,-1.270332932472229,-0.9891298413276672,1.8623685836791992,-0.966083824634552,0.6542507410049438,0.3484342396259308,0.1513700932264328,0.0008510932264328142,0.07401874722002606
1789260127.591748,-0.1802881360054016,1.1427968740463257,1.0785667896270752,-1.2682020664215088,-0.990581750869751,1.860832691192627,-0.9638351202011108,0.6597573161125183,0.3384782373905182,0.15136182308197021,0.0008428230819702287,0.07401874722002606
1789260127.625344,-0.19483965635299683,1.1443099975585938,1.0797364711761475,-1.2660753726959229,-0.9921213984489441,1.8593491315841675,-0.9615216851234436,0.6650842428207397,0.32854896783828735,0.15140095353126526,0.0008819535312652726,0.07132624918176021
1789260127.6590116,-0.2055346816778183,1.1453255414962769,1.0804235935211182,-1.2645314931869507,-0.993044376373291,1.8583111763000488,-0.9602727293968201,0.6689096093177795,0.32115328311920166,0.15141405165195465,0.0008950516519546647,0.07661668268387072
1789260127.692627,-0.21430137753486633,1.1462424993515015,1.0810469388961792,-1.2632678747177124,-0.9938077330589294,1.8574554920196533,-0.9591043591499329,0.6719626188278198,0.31508544087409973,0.1513979583978653,0.0008789583978653093,0.08156468806857739
1789260127.7261598,-0.22230264544487,1.1470911502838135,1.0820977687835693,-1.2624809741973877,-0.9945959448814392,1.8565212488174438,-0.9579253792762756,0.6745011210441589,0.3097797632217407,0.1514609307050705,0.0009419307050705095,0.09487278508118449
1789260127.7598193,-0.22549913823604584,1.1475551128387451,1.0835850238800049,-1.2634220123291016,-0.9967410564422607,1.8560094833374023,-0.9539562463760376,0.6751145124435425,0.3081711530685425,0.15149885416030884,0.0009798541603088518,0.07661668268387072
1789260127.7933934,-0.22540399432182312,1.1478747129440308,1.0868887901306152,-1.2688236236572266,-0.9997439980506897,1.8558934926986694,-0.9471256732940674,0.6729808449745178,0.310528427362442,0.15120331943035126,0.0006843194303512712,0.1083523598284494
1789260127.827045,-0.22476224601268768,1.1481655836105347,1.0909794569015503,-1.274845838546753,-1.0026464462280273,1.8558958768844604,-0.9403521418571472,0.6703552603721619,0.31375324726104736,0.15110808610916138,0.0005890861091613908,0.12666881248565126
1789260127.8606257,-0.22536219656467438,1.1484962701797485,1.0961240530014038,-1.2821800708770752,-1.006834864616394,1.855759859085083,-0.9306640028953552,0.6676316857337952,0.3167111277580261,0.15108482539653778,0.0005658253965377946,0.1341703946898555
1789260127.894191,-0.22638507187366486,1.1491038799285889,1.1041126251220703,-1.2943992614746094,-1.0141149759292603,1.8554856777191162,-0.9140617251396179,0.6631500720977783,0.32130166888237,0.15082165598869324,0.00030265598869325117,0.15576635622796445
1789260127.9278357,-0.2266688048839569,1.149685263633728,1.1129512786865234,-1.3074322938919067,-1.0212088823318481,1.8553516864776611,-0.8975629210472107,0.6579763293266296,0.3269250988960266,0.15080291032791138,0.0002839103279113908,0.1631294174610896
1789260127.9614184,-0.22710299491882324,1.1502642631530762,1.1216963529586792,-1.3204318284988403,-1.0284308195114136,1.855103850364685,-0.8809379935264587,0.6528271436691284,0.3323171138763428,0.1508219838142395,0.0003029838142395158,0.16785878907325083
1789260127.995021,-0.2274905890226364,1.1507139205932617,1.1292952299118042,-1.3319226503372192,-1.0346800088882446,1.8548880815505981,-0.8662968873977661,0.6482422947883606,0.3369938135147095,0.1508801132440567,0.0003611132440567155,0.1655109964311004
1789260128.0287073,-0.2282111942768097,1.1511108875274658,1.1364026069641113,-1.3422666788101196,-1.040561318397522,1.8547474145889282,-0.8529815673828125,0.6442278623580933,0.34102410078048706,0.15110674500465393,0.0005877450046539445,0.13847642022149
1789260128.062319,-0.22867020964622498,1.1516977548599243,1.1433708667755127,-1.352423071861267,-1.0465009212493896,1.8545812368392944,-0.8395925164222717,0.6401610374450684,0.34509187936782837,0.15126092731952667,0.0007419273195266862,0.11364091540157657
1789260128.0959506,-0.22886072099208832,1.152256727218628,1.1472737789154053,-1.3579801321029663,-1.049920678138733,1.8542184829711914,-0.8310408592224121,0.6378439664840698,0.34732621908187866,0.1512521654367447,0.0007331654367447038,0.11014342980975618
1789260128.129535,-0.23102059960365295,1.1527918577194214,1.1502128839492798,-1.3617833852767944,-1.0523327589035034,1.8539589643478394,-0.8292621970176697,0.6369150280952454,0.3476671576499939,0.1512903869152069,0.000771386915206923,0.11014342980975618
1789260128.1631536,-0.23355698585510254,1.1534326076507568,1.1527055501937866,-1.364804983139038,-1.05508553981781,1.85356867313385,-0.8276653289794922,0.6365084052085876,0.34737491607666016,0.1512642651796341,0.0007452651796341081,0.09278741380920028
1789260128.1968577,-0.2374451607465744,1.1542948484420776,1.1554796695709229,-1.3676596879959106,-1.0578665733337402,1.8530961275100708,-0.8286788463592529,0.6365683674812317,0.34630087018013,0.1512848138809204,0.000765813880920424,0.07912937001338383
1789260128.230478,-0.24811922013759613,1.157105565071106,1.1627187728881836,-1.374671459197998,-1.063981056213379,1.85059654712677,-0.8351475596427917,0.6366729140281677,0.34300193190574646,0.15107032656669617,0.0005513265666961809,0.1370561110185936
1789260128.2641242,-0.26078617572784424,1.160204529762268,1.1696079969406128,-1.3814414739608765,-1.070671796798706,1.8479763269424438,-0.8416774272918701,0.6376029253005981,0.33818110823631287,0.1506461352109909,0.00012713521099091962,0.1958352792096712
1789260128.297709,-0.2728697955608368,1.1634135246276855,1.1764212846755981,-1.3877946138381958,-1.0772682428359985,1.845664381980896,-0.8480855822563171,0.638502299785614,0.3336896002292633,0.15030743181705475,-0.0002115681829452376,0.23069991251677843
1789260128.331393,-0.28702813386917114,1.1674448251724243,1.1853796243667603,-1.3969621658325195,-1.0852365493774414,1.8427507877349854,-0.8559896945953369,0.6386936902999878,0.32915350794792175,0.14985507726669312,-0.0006639227333068709,0.29607529771134794
1789260128.365063,-0.30147218704223633,1.171130895614624,1.1942272186279297,-1.4051543474197388,-1.093624472618103,1.8399468660354614,-0.8640043139457703,0.639521062374115,0.32415297627449036,0.14985208213329315,-0.0006669178667068343,0.29208307983949505
1789260128.3986046,-0.3163408637046814,1.1747524738311768,1.2029386758804321,-1.4135178327560425,-1.1019970178604126,1.8368974924087524,-0.8721333742141724,0.6403867602348328,0.318823903799057,0.14983507990837097,-0.0006839200916290145,0.2980513549927252
1789260128.4322455,-0.33095815777778625,1.1785989999771118,1.211936116218567,-1.4220502376556396,-1.1101828813552856,1.8339979648590088,-0.8801811337471008,0.6410167813301086,0.3138740360736847,0.14988894760608673,-0.0006300523939132552,0.29739412811819066
1789260128.4659243,-0.34522807598114014,1.1821686029434204,1.2204333543777466,-1.430192470550537,-1.1182425022125244,1.8311786651611328,-0.8879715204238892,0.6417585611343384,0.3088734745979309,0.15001927316188812,-0.0004997268381118636,0.27906453641602885
1789260128.4996104,-0.35994574427604675,1.1859444379806519,1.2294232845306396,-1.4388285875320435,-1.126602053642273,1.8281956911087036,-0.8961237668991089,0.6423780918121338,0.3038538694381714,0.15023016929626465,-0.0002888307037353377,0.25487784375809863
1789260128.5331867,-0.3753383755683899,1.1898764371871948,1.2385345697402954,-1.4473201036453247,-1.1350138187408447,1.8251960277557373,-0.904410719871521,0.6432200074195862,0.2984207570552826,0.15053096413612366,1.1964136123671087e-05,0.21760588102725667
1789260128.56682,-0.386380136013031,1.1926565170288086,1.2451746463775635,-1.4536257982254028,-1.1411175727844238,1.8231228590011597,-0.9103825688362122,0.643746554851532,0.2946193814277649,0.15082703530788422,0.00030803530788423017,0.18022577739447643
1789260128.6004956,-0.3959609568119049,1.1953108310699463,1.251116156578064,-1.4590078592300415,-1.146694302558899,1.821114420890808,-0.9161582589149475,0.6442015767097473,0.29132211208343506,0.1510881930589676,0.0005691930589676042,0.14401765375946743
1789260128.6340747,-0.4051686227321625,1.1980087757110596,1.2569947242736816,-1.4650527238845825,-1.1522610187530518,1.819013237953186,-0.922015368938446,0.6442537903785706,0.2883894145488739,0.15118640661239624,0.0006674066123962541,0.12972151222939818
1789260128.6676366,-0.4108879566192627,1.1989328861236572,1.2597038745880127,-1.4679045677185059,-1.1547118425369263,1.8182182312011719,-0.9241751432418823,0.644730806350708,0.2861224412918091,0.1513977348804474,0.0008787348804474016,0.10653118153060223
1789260128.7012212,-0.4164065718650818,1.1986346244812012,1.2602722644805908,-1.4703021049499512,-1.154857873916626,1.8184199333190918,-0.9193795323371887,0.6453917622566223,0.28336748480796814,0.15133987367153168,0.0008208736715316911,0.12194656246489412
1789260128.7347999,-0.42144325375556946,1.1983047723770142,1.2606838941574097,-1.4724559783935547,-1.1550627946853638,1.8188568353652954,-0.9143601655960083,0.64605313539505,0.28083309531211853,0.1512918323278427,0.0007728323278427263,0.12354070345060089
1789260128.7683592,-0.4283827245235443,1.1976374387741089,1.2611374855041504,-1.475180983543396,-1.1552706956863403,1.8194986581802368,-0.9071421027183533,0.6470789313316345,0.27723386883735657,0.15132462978363037,0.000805629783630385,0.11364091540157657
1789260128.8019626,-0.4412982165813446,1.1961899995803833,1.2617182731628418,-1.4813358783721924,-1.1552848815917969,1.820977807044983,-0.8932731747627258,0.6485116481781006,0.2707688808441162,0.15115509927272797,0.0006360992727279802,0.12354070345060089
1789260128.8355572,-0.45541536808013916,1.1944531202316284,1.2620114088058472,-1.4855341911315918,-1.155256748199463,1.8225417137145996,-0.8795265555381775,0.6510425209999084,0.2629026174545288,0.15138743817806244,0.0008684381780624528,0.07912937001338383
1789260128.8691626,-0.4696822762489319,1.1928893327713013,1.2622686624526978,-1.4905970096588135,-1.155092477798462,1.8240690231323242,-0.8651352524757385,0.6531118154525757,0.2551485300064087,0.15133562684059143,0.0008166268405914445,0.07661668268387072
1789260128.9027367,-0.4837128818035126,1.191239595413208,1.2628531455993652,-1.4964797496795654,-1.154801845550537,1.8258416652679443,-0.8500342965126038,0.6547196507453918,0.24792557954788208,0.1513310670852661,0.0008120670852661271,0.06561060592844098
1789260128.9363368,-0.498142272233963,1.1895195245742798,1.2634046077728271,-1.502744436264038,-1.1544983386993408,1.8274868726730347,-0.83448326587677,0.6561765670776367,0.24049685895442963,0.15124808251857758,0.0007290825185775895,0.07132624918176021
1789260128.9699383,-0.512650191783905,1.1876384019851685,1.2639081478118896,-1.508318305015564,-1.1542788743972778,1.829334020614624,-0.8189207911491394,0.657899022102356,0.23281556367874146,0.15137076377868652,0.0008517637786865373,0.044234660174789026
1789260129.00353,-0.5276056528091431,1.18564772605896,1.2643978595733643,-1.5140975713729858,-1.1539788246154785,1.83098304271698,-0.8035258054733276,0.6595234274864197,0.224847212433815,0.15147097408771515,0.0009519740877151628,0.03426402009603798
1789260129.0371397,-0.542289674282074,1.183823585510254,1.2648459672927856,-1.5197429656982422,-1.153698444366455,1.83278489112854,-0.7879754900932312,0.6610356569290161,0.21703410148620605,0.1515098363161087,0.0009908363161087175,0.03426402009603798
1789260129.0707505,-0.5566410422325134,1.182064414024353,1.2651931047439575,-1.5253500938415527,-1.1534225940704346,1.8343665599822998,-0.7730805277824402,0.6623530387878418,0.20935475826263428,0.15145283937454224,0.0009338393745422502,0.027976455118293345
1789260129.104328,-0.5712844133377075,1.1804028749465942,1.2656923532485962,-1.5313856601715088,-1.1530895233154297,1.8361778259277344,-0.7574169635772705,0.6634787917137146,0.2017115354537964,0.1513521820306778,0.0008331820306778093,0.03426402009603798
1789260129.138046,-0.5866472125053406,1.1784756183624268,1.2660841941833496,-1.5370423793792725,-1.1528249979019165,1.8379746675491333,-0.7414540648460388,0.6648397445678711,0.1934010237455368,0.15139007568359375,0.0008710756835937639,0.0
1789260129.1716974,-0.6008439064025879,1.1767324209213257,1.266614317893982,-1.5428088903427124,-1.152513861656189,1.839676022529602,-0.7264987230300903,0.6657871603965759,0.1859584003686905,0.1513763964176178,0.0008573964176178117,0.0
1789260129.2053738,-0.6155803203582764,1.1748937368392944,1.2670683860778809,-1.54843270778656,-1.1522549390792847,1.8414627313613892,-0.7110080718994141,0.666826069355011,0.17808134853839874,0.15139955282211304,0.000880552822113051,0.0
1789260129.2389963,-0.6303452849388123,1.1731274127960205,1.2675195932388306,-1.5544553995132446,-1.1519253253936768,1.8431718349456787,-0.6954153776168823,0.6675874590873718,0.1703072339296341,0.1512937992811203,0.0007747992811203142,0.019782341029446364
1789260129.2726135,-0.6448052525520325,1.1713093519210815,1.2680091857910156,-1.5600732564926147,-1.151660680770874,1.845031499862671,-0.6800364851951599,0.668393075466156,0.16264280676841736,0.15132153034210205,0.0008025303421020646,0.0
1789260129.3063238,-0.659927248954773,1.1693850755691528,1.2684235572814941,-1.5658330917358398,-1.1513681411743164,1.8467060327529907,-0.6644169688224792,0.6691341400146484,0.1545155793428421,0.1513068974018097,0.0007878974018097062,0.019782341029446364
1789260129.3399017,-0.6738537549972534,1.1677190065383911,1.2689884901046753,-1.5714881420135498,-1.1510822772979736,1.8485050201416016,-0.6495427489280701,0.6696224808692932,0.14726649224758148,0.15128125250339508,0.0007622525033950944,0.019782341029446364
1789260129.3734796,-0.6884886026382446,1.1659632921218872,1.2692904472351074,-1.576928734779358,-1.1508123874664307,1.8500843048095703,-0.6344060897827148,0.6701714992523193,0.13933436572551727,0.15118573606014252,0.000666736060142531,0.027976455118293345
1789260129.407085,-0.7022446990013123,1.1644028425216675,1.2698047161102295,-1.5827046632766724,-1.150481104850769,1.8517595529556274,-0.6196653246879578,0.6703733801841736,0.1322309970855713,0.15104396641254425,0.0005249664125442643,0.019782341029446364
1789260129.440622,-0.7157065868377686,1.1626273393630981,1.2701669931411743,-1.5879573822021484,-1.150231122970581,1.8533716201782227,-0.605656087398529,0.6706674098968506,0.12506380677223206,0.1510184407234192,0.0004994407234192033,0.0
1789260129.4741743,-0.724246084690094,1.1614758968353271,1.2703455686569214,-1.5906832218170166,-1.1499481201171875,1.8543369770050049,-0.5976218581199646,0.6710073947906494,0.12031204998493195,0.15110713243484497,0.0005881324348449846,0.027976455118293345
1789260129.5077748,-0.7294308543205261,1.1606193780899048,1.2705209255218506,-1.5932480096817017,-1.1496142148971558,1.8553342819213867,-0.5914080739021301,0.6709375977516174,0.11780650913715363,0.15110446512699127,0.0005854651269912858,0.027976455118293345
1789260129.5413558,-0.7348118424415588,1.1597850322723389,1.270678997039795,-1.596224069595337,-1.1493217945098877,1.856209397315979,-0.5851892828941345,0.6707125306129456,0.11527710407972336,0.1509856879711151,0.00046668797111512617,0.03426402009603798
1789260129.57504,-0.737369179725647,1.1574763059616089,1.2695088386535645,-1.599014163017273,-1.147486686706543,1.8584680557250977,-0.5843798518180847,0.6703653335571289,0.11427976936101913,0.15099334716796875,0.00047434716796876386,0.044234660174789026
1789260129.608664,-0.737632155418396,1.1518723964691162,1.2667168378829956,-1.6043148040771484,-1.1430987119674683,1.8629416227340698,-0.5873978734016418,0.6692211031913757,0.11522526293992996,0.15124377608299255,0.0007247760829925676,0.0625572578997782
1789260129.6422048,-0.7374674081802368,1.1462801694869995,1.264304280281067,-1.6100590229034424,-1.1386821269989014,1.8675535917282104,-0.5904901623725891,0.6678975820541382,0.11675303429365158,0.1515745222568512,0.0010555222568512101,0.09278741380920028
1789260129.6757991,-0.7378923296928406,1.1400460004806519,1.2613738775253296,-1.6156420707702637,-1.133965015411377,1.872114658355713,-0.5935742855072021,0.6667017936706543,0.11756200343370438,0.1519303172826767,0.0014113172826767106,0.10279207254188717
1789260129.70936,-0.7393249869346619,1.1295979022979736,1.255639910697937,-1.6258355379104614,-1.125535011291504,1.88102126121521,-0.5992714762687683,0.6645395755767822,0.11856411397457123,0.15201188623905182,0.0014928862390518327,0.12354070345060089
1789260129.7429574,-0.7401435375213623,1.1187744140625,1.250251054763794,-1.6368597745895386,-1.1166882514953613,1.890183925628662,-0.6048487424850464,0.6620312333106995,0.12033895403146744,0.1521938592195511,0.0016748592195511003,0.1412742076966625
1789260129.7765865,-0.7412033677101135,1.1075156927108765,1.2445027828216553,-1.647814393043518,-1.1078968048095703,1.8992561101913452,-0.610578715801239,0.6595801711082458,0.12163057923316956,0.1523243933916092,0.0018053933916092058,0.14265252599748507
1789260129.8102303,-0.7424516081809998,1.0933728218078613,1.2375123500823975,-1.6615148782730103,-1.0969369411468506,1.9104325771331787,-0.617551863193512,0.6564672589302063,0.12322674691677094,0.15250524878501892,0.0019862487850189348,0.13847642022149
1789260129.8438208,-0.7437553405761719,1.0785534381866455,1.2301747798919678,-1.6757720708847046,-1.0853849649429321,1.9224812984466553,-0.6249133944511414,0.6532466411590576,0.12478658556938171,0.15264080464839935,0.002121804648399367,0.14265252599748507
1789260129.8774412,-0.744992733001709,1.0637708902359009,1.2228996753692627,-1.6903455257415771,-1.073620080947876,1.9344241619110107,-0.6324490308761597,0.6498152017593384,0.12637959420681,0.15260662138462067,0.0020876213846206804,0.11534989781745353
1789260129.9110243,-0.7464803457260132,1.0490962266921997,1.2153079509735107,-1.7046030759811401,-1.06223726272583,1.9462817907333374,-0.6398683190345764,0.6465078592300415,0.127394437789917,0.15235844254493713,0.0018394425449371476,0.07912937001338383
1789260129.9446425,-0.7476698756217957,1.0362088680267334,1.2088203430175781,-1.7174752950668335,-1.0518569946289062,1.9569079875946045,-0.6465011239051819,0.6434213519096375,0.12849344313144684,0.15208254754543304,0.0015635475454330583,0.03956468264845247
1789260129.9782476,-0.7490185499191284,1.0221887826919556,1.2018319368362427,-1.7308615446090698,-1.041033148765564,1.9683350324630737,-0.6535343527793884,0.6403292417526245,0.12931780517101288,0.15188390016555786,0.0013649001655578752,0.0
1789260130.0119572,-0.7502778768539429,1.0092545747756958,1.1953939199447632,-1.743782639503479,-1.0307364463806152,1.9789259433746338,-0.6601189970970154,0.6372016072273254,0.13015320897102356,0.15149825811386108,0.0009792581138610978,0.05595291190411357
1789260130.045578,-0.7516450881958008,0.9956913590431213,1.1896330118179321,-1.756514072418213,-1.0204932689666748,1.9901641607284546,-0.666938304901123,0.6343568563461304,0.13107788562774658,0.151693657040596,0.0011746570405960222,0.03956468264845247
1789260130.0792112,-0.7530581951141357,0.9810450673103333,1.1839638948440552,-1.7704209089279175,-1.0097202062606812,2.0017926692962646,-0.6740112900733948,0.6311609745025635,0.13218651711940765,0.15198422968387604,0.0014652296838760515,0.027976455118293345
1789260130.1128397,-0.7543487548828125,0.9664063453674316,1.1784758567810059,-1.7835781574249268,-0.9991527199745178,2.0132524967193604,-0.6808767914772034,0.6282376050949097,0.1331087350845337,0.15245679020881653,0.0019377902088165422,0.03956468264845247
1789260130.14646,-0.7556203007698059,0.9519175887107849,1.1725735664367676,-1.7975225448608398,-0.988407552242279,2.0249531269073486,-0.687976062297821,0.6249509453773499,0.13399982452392578,0.15242807567119598,0.0019090756711959977,0.03956468264845247
1789260130.1800916,-0.7572433948516846,0.9372501373291016,1.166603922843933,-1.8111627101898193,-0.9773948192596436,2.0367300510406494,-0.6951087713241577,0.6218283176422119,0.13446512818336487,0.15245495736598969,0.001935957365989699,0.03956468264845247
1789260130.2136633,-0.7585998177528381,0.9226528406143188,1.1606398820877075,-1.82502281665802,-0.9666532278060913,2.0485637187957764,-0.702150285243988,0.6185911893844604,0.13501890003681183,0.15233606100082397,0.0018170610008239885,0.019782341029446364
1789260130.2472348,-0.7601869106292725,0.9077980518341064,1.1548620462417603,-1.8387863636016846,-0.9555954337120056,2.0604302883148193,-0.7093231678009033,0.6154242753982544,0.1353837251663208,0.15235140919685364,0.0018324091968536516,0.027976455118293345
1789260130.280866,-0.7612273693084717,0.8937679529190063,1.1494455337524414,-1.8516879081726074,-0.9454484581947327,2.0714166164398193,-0.7160258293151855,0.6124016642570496,0.13583709299564362,0.1523328274488449,0.0018138274488449235,0.0
1789260130.3144815,-0.7628699541091919,0.879330575466156,1.1436522006988525,-1.8653337955474854,-0.9347460865974426,2.083055257797241,-0.7229679822921753,0.6092232465744019,0.13589054346084595,0.1520918309688568,0.0015728309688568254,0.027976455118293345
1789260130.348079,-0.7641608715057373,0.8647004961967468,1.13761305809021,-1.879014492034912,-0.9238911271095276,2.0946900844573975,-0.7300447821617126,0.6059846878051758,0.13591958582401276,0.15175671875476837,0.0012377187547683854,0.0625572578997782
1789260130.3817055,-0.7655683755874634,0.8522336483001709,1.1331990957260132,-1.8907771110534668,-0.9143670201301575,2.1048731803894043,-0.7361064553260803,0.6032372117042542,0.13611552119255066,0.15171021223068237,0.001191212230682387,0.0625572578997782
1789260130.4153454,-0.7666254639625549,0.839124858379364,1.129091739654541,-1.903069257736206,-0.9046035408973694,2.1150832176208496,-0.7421517968177795,0.6002709269523621,0.136641725897789,0.15180088579654694,0.00128188579654695,0.06852804325551864
1789260130.448962,-0.7678741812705994,0.8256840705871582,1.125126838684082,-1.9152042865753174,-0.8946942687034607,2.125598907470703,-0.7482815384864807,0.5974715352058411,0.13702434301376343,0.15208223462104797,0.0015632346210479875,0.044234660174789026
1789260130.4825764,-0.7689792513847351,0.8120852708816528,1.1209001541137695,-1.9278039932250977,-0.8844808340072632,2.1360182762145996,-0.7545695900917053,0.5944207310676575,0.1373552531003952,0.1521194726228714,0.0016004726228714128,0.05233915627441309
1789260130.5161946,-0.7705692052841187,0.7973400950431824,1.116500735282898,-1.9415501356124878,-0.8734435439109802,2.1474428176879883,-0.7612748146057129,0.5911484956741333,0.13750097155570984,0.15215884149074554,0.0016398414907455583,0.06561060592844098
1789260130.5497847,-0.7717040181159973,0.782929003238678,1.1124582290649414,-1.9547499418258667,-0.8628178834915161,2.1585605144500732,-0.7677990198135376,0.5880020260810852,0.13785649836063385,0.15230482816696167,0.0017858281669616838,0.05233915627441309
1789260130.5833733,-0.7731719613075256,0.7678580284118652,1.1080279350280762,-1.9685429334640503,-0.8515164852142334,2.1702136993408203,-0.7746766805648804,0.5847451090812683,0.13787338137626648,0.15233618021011353,0.0018171802101135393,0.059347025446578223
1789260130.6170835,-0.7744132876396179,0.7531246542930603,1.1038382053375244,-1.982200264930725,-0.8404000401496887,2.1817047595977783,-0.7813531756401062,0.5814658999443054,0.1380191147327423,0.1523200422525406,0.0018010422525406022,0.06561060592844098
1789260130.6506686,-0.7757205367088318,0.7388454079627991,1.0996325016021729,-1.9953041076660156,-0.8298524618148804,2.192577600479126,-0.7878565788269043,0.5783469676971436,0.1378467082977295,0.1522272676229477,0.0017082676229477067,0.0625572578997782
1789260130.6842713,-0.7770601511001587,0.7240495681762695,1.0953260660171509,-2.0089941024780273,-0.8186402916908264,2.2042765617370605,-0.7946445941925049,0.5751095414161682,0.13770514726638794,0.15210729837417603,0.0015882983741760393,0.06561060592844098
1789260130.717848,-0.7784209251403809,0.7099292874336243,1.0911458730697632,-2.021683931350708,-0.8086446523666382,2.214489698410034,-0.8007156252861023,0.5721225738525391,0.13713878393173218,0.15196746587753296,0.0014484658775329728,0.07912937001338383
1789260130.7515569,-0.779382586479187,0.6980715394020081,1.0880544185638428,-2.0325591564178467,-0.7995259761810303,2.2239770889282227,-0.8061631321907043,0.5695675015449524,0.13713689148426056,0.1519671380519867,0.0014481380519867082,0.05233915627441309
1789260130.7851512,-0.7804707884788513,0.6863673329353333,1.0844357013702393,-2.0435171127319336,-0.7907101511955261,2.2329981327056885,-0.8116239309310913,0.5669417977333069,0.13666196167469025,0.1516583114862442,0.0011393114862442155,0.07912937001338383
1789260130.8187654,-0.7815255522727966,0.674962043762207,1.0814859867095947,-2.0543692111968994,-0.7817546129226685,2.2419309616088867,-0.8168470859527588,0.564287543296814,0.13651196658611298,0.15147185325622559,0.0009528532562255998,0.09278741380920028
1789260130.8524969,-0.7825199961662292,0.6624138951301575,1.0793671607971191,-2.0661966800689697,-0.7709702253341675,2.25166654586792,-0.8225242495536804,0.5612890124320984,0.13700152933597565,0.1516084372997284,0.0010894372997284074,0.11014342980975618
1789260130.8861108,-0.78318852186203,0.6533102989196777,1.0783995389938354,-2.074777603149414,-0.7634808421134949,2.258201837539673,-0.8264298439025879,0.5590341687202454,0.13753420114517212,0.15180553495883942,0.0012865349588394304,0.1282042487280194
1789260130.9259605,-0.7829940319061279,0.6513118147850037,1.0783605575561523,-2.0757956504821777,-0.7618565559387207,2.259833574295044,-0.8272565007209778,0.558924674987793,0.13784940540790558,0.15219977498054504,0.0016807749805450578,0.10279207254188717
1789260130.9708369,-0.7831876277923584,0.6515373587608337,1.078207015991211,-2.0756075382232666,-0.7618587613105774,2.2597882747650146,-0.8272297978401184,0.5590086579322815,0.13766053318977356,0.15214459598064423,0.00162559598064424,0.11190583714844751
1789260131.0098755,-0.7830342650413513,0.6515029668807983,1.0783129930496216,-2.0757644176483154,-0.761859655380249,2.2597696781158447,-0.8272190690040588,0.5589122176170349,0.13781337440013885,0.15213312208652496,0.0016141220865249772,0.11190583714844751
1789260131.0489345,-0.7831600308418274,0.651542603969574,1.0782184600830078,-2.075662612915039,-0.7618581652641296,2.2597711086273193,-0.8272221684455872,0.5589752793312073,0.1376868486404419,0.15212677419185638,0.0016077741918563981,0.11364091540157657
1789260131.0879,-0.7830948829650879,0.6515312790870667,1.0782995223999023,-2.0756583213806152,-0.7618589401245117,2.259767532348633,-0.8272175192832947,0.5589666962623596,0.13776302337646484,0.15215547382831573,0.0016364738283157487,0.11190583714844751
1789260131.1329737,-0.7830942869186401,0.6515690684318542,1.0782901048660278,-2.075706720352173,-0.7618653774261475,2.2597639560699463,-0.8272220492362976,0.5589392781257629,0.13776810467243195,0.15212509036064148,0.0016060903606414934,0.11869406681127799
1789260131.1788554,-0.7831494212150574,0.6515873074531555,1.0782428979873657,-2.075688600540161,-0.7618611454963684,2.259765625,-0.8272183537483215,0.5589545965194702,0.13771337270736694,0.15211164951324463,0.0015926495132446428,0.11534989781745353
1789260131.2145197,-0.7830787897109985,0.6516036987304688,1.0782707929611206,-2.0756876468658447,-0.7618651390075684,2.2597646713256836,-0.8272077441215515,0.5589423775672913,0.1377689242362976,0.15211530029773712,0.0015963002977371354,0.11869406681127799
1789260131.248132,-0.7830236554145813,0.6516328454017639,1.078273892402649,-2.0756940841674805,-0.7618674039840698,2.2597618103027344,-0.8271974921226501,0.558927595615387,0.1378052979707718,0.15210513770580292,0.0015861377058029313,0.12033130429241841
1789260131.2817366,-0.7830649018287659,0.6516639590263367,1.0782184600830078,-2.0756676197052,-0.7618685364723206,2.2597522735595703,-0.8271927237510681,0.5589421391487122,0.13775263726711273,0.15208715200424194,0.0015681520042419572,0.11869406681127799
1789260131.315462,-0.783041775226593,0.6516863107681274,1.0782021284103394,-2.075688362121582,-0.7618679404258728,2.2597503662109375,-0.827196478843689,0.5589265823364258,0.1377621740102768,0.15206864476203918,0.0015496447620391984,0.12354070345060089
1789260131.3490713,-0.7830426096916199,0.6516926884651184,1.0782079696655273,-2.0756778717041016,-0.7618678212165833,2.259749412536621,-0.8271860480308533,0.5589304566383362,0.13776417076587677,0.15207186341285706,0.0015528634128570695,0.12354070345060089
1789260131.3826482,-0.783062219619751,0.6516910195350647,1.0781946182250977,-2.075681209564209,-0.7618723511695862,2.259748935699463,-0.82718825340271,0.5589324235916138,0.13774597644805908,0.15206721425056458,0.001548214250564589,0.12194656246489412
1789260131.4162412,-0.7830255627632141,0.6516948342323303,1.0782122611999512,-2.07568359375,-0.7618737816810608,2.2597455978393555,-0.8271920084953308,0.5589247345924377,0.13777588307857513,0.15207022428512573,0.0015512242851257463,0.12194656246489412
1789260131.4499257,-0.7830576300621033,0.6516941785812378,1.0781886577606201,-2.075674533843994,-0.7618716359138489,2.2597410678863525,-0.8271881341934204,0.558933436870575,0.1377439647912979,0.15206597745418549,0.0015469774541854997,0.12194656246489412
1789260131.4835453,-0.7830435037612915,0.6516959071159363,1.0781954526901245,-2.0756771564483643,-0.7618716955184937,2.2597455978393555,-0.8271883726119995,0.5589305758476257,0.1377566009759903,0.15206705033779144,0.0015480503377914567,0.12194656246489412
1789260131.5171626,-0.7817482948303223,0.6508848071098328,1.0768789052963257,-2.0753417015075684,-0.760779082775116,2.2601771354675293,-0.8247228264808655,0.5590447187423706,0.13779617846012115,0.152066171169281,0.0015471711692810197,0.11190583714844751
1789260131.5508597,-0.7797722816467285,0.6492862105369568,1.0744510889053345,-2.075061321258545,-0.7584081888198853,2.261118173599243,-0.8204219341278076,0.5591654181480408,0.13771389424800873,0.15199999511241913,0.0014809951124191423,0.11364091540157657
1789260131.5844724,-0.7763137817382812,0.6464300155639648,1.069373607635498,-2.074331760406494,-0.7538437247276306,2.2628514766693115,-0.8119879364967346,0.5595134496688843,0.1371418833732605,0.1517542451620102,0.0012352451620102067,0.13270400689029618
1789260131.6180515,-0.7703638672828674,0.6419071555137634,1.0608566999435425,-2.072803497314453,-0.7462074756622314,2.2657833099365234,-0.7978571057319641,0.5602086186408997,0.13625481724739075,0.15140016376972198,0.0008811637697219987,0.17017419378319848
1789260131.6516392,-0.7641913294792175,0.6373432278633118,1.0525346994400024,-2.0717661380767822,-0.7385461330413818,2.2686264514923096,-0.7835318446159363,0.5606498122215271,0.13562394678592682,0.15098872780799866,0.0004697278079986711,0.22555353545062423
1789260131.6852422,-0.7564589977264404,0.6313349008560181,1.0421946048736572,-2.070089101791382,-0.729102611541748,2.2723495960235596,-0.7659851312637329,0.5614838600158691,0.1347920149564743,0.15079131722450256,0.00027231722450257734,0.24708155049174452
1789260131.7190142,-0.7509574890136719,0.6271715760231018,1.0342729091644287,-2.0686898231506348,-0.721762478351593,2.2751898765563965,-0.7523614168167114,0.5621899366378784,0.13395418226718903,0.1505853682756424,6.636827564240888e-05,0.2733976504176824
1789260131.7688558,-0.7495850324630737,0.6261667013168335,1.0319795608520508,-2.0683813095092773,-0.7194637656211853,2.276093006134033,-0.7480733394622803,0.5623570084571838,0.1336461752653122,0.15044339001178741,-7.560998821257159e-05,0.2980513549927252
1789260131.8078136,-0.7495788335800171,0.6261759996414185,1.0320496559143066,-2.0684001445770264,-0.7194667458534241,2.2760846614837646,-0.7481023669242859,0.5623424649238586,0.13368897140026093,0.15045307576656342,-6.592423343657061e-05,0.29739412811819066
1789260131.8528461,-0.7496298551559448,0.6262316703796387,1.0320833921432495,-2.0684220790863037,-0.7194666862487793,2.2760839462280273,-0.7481164932250977,0.562330424785614,0.13368754088878632,0.15043725073337555,-8.174926662443682e-05,0.29936148012723174
1789260131.891905,-0.7496393918991089,0.6262223124504089,1.032085657119751,-2.0684173107147217,-0.7194675803184509,2.2760844230651855,-0.7481149435043335,0.5623351335525513,0.13368168473243713,0.15044254064559937,-7.64593544006209e-05,0.2987071358280474
1789260131.933925,-0.7496156096458435,0.6262306571006775,1.032109022140503,-2.0684220790863037,-0.7194668054580688,2.276083469390869,-0.7481251955032349,0.5623276233673096,0.13370905816555023,0.15044477581977844,-7.422418022154376e-05,0.2987071358280474
1789260131.978844,-0.7496291399002075,0.6262439489364624,1.0321069955825806,-2.068429470062256,-0.7194674611091614,2.27608585357666,-0.7481244802474976,0.5623247027397156,0.13370315730571747,0.1504376381635666,-8.136183643339678e-05,0.2987071358280474
1789260132.0176182,-0.7496337890625,0.626242995262146,1.0320998430252075,-2.0684168338775635,-0.7194665670394897,2.276087522506714,-0.7481278777122498,0.5623317360877991,0.13369546830654144,0.15044033527374268,-7.866472625731036e-05,0.29936148012723174
1789260132.0512452,-0.749618411064148,0.6262807250022888,1.0320841073989868,-2.0684375762939453,-0.7194799184799194,2.276071310043335,-0.7481403946876526,0.5623137950897217,0.1336994618177414,0.15041543543338776,-0.00010356456661222979,0.3032578979737829
1789260132.0847938,-0.7496277093887329,0.6263151168823242,1.0320602655410767,-2.068460464477539,-0.7194820046424866,2.276062250137329,-0.7481409311294556,0.5622993111610413,0.13368692994117737,0.150389164686203,-0.0001298353137969832,0.3064670732398903
1789260132.1185255,-0.7496221661567688,0.62633216381073,1.032065987586975,-2.0684621334075928,-0.7194820046424866,2.2760603427886963,-0.7481420040130615,0.5622949600219727,0.13369518518447876,0.1503845900297165,-0.00013440997028349444,0.3071048841404182
1789260132.1521592,-0.7496128082275391,0.6263324022293091,1.0320847034454346,-2.0684685707092285,-0.7194861173629761,2.2760608196258545,-0.7481449842453003,0.5622904300689697,0.13371087610721588,0.1503876894712448,-0.00013131052875517413,0.30774137315829087
1789260132.185731,-0.7496367692947388,0.6263373494148254,1.0320510864257812,-2.0684690475463867,-0.7194828391075134,2.276055335998535,-0.7481454014778137,0.5622928142547607,0.13367964327335358,0.15037596225738525,-0.00014303774261473223,0.3083765484786035
1789260132.2193077,-0.7496151924133301,0.6263351440429688,1.0320695638656616,-2.0684688091278076,-0.7194831967353821,2.2760608196258545,-0.7481461763381958,0.562290608882904,0.13370205461978912,0.15038244426250458,-0.0001365557374954085,0.30774137315829087
1789260132.2528977,-0.7496246099472046,0.6263337135314941,1.0320664644241333,-2.0684633255004883,-0.7194840312004089,2.276057004928589,-0.7481446862220764,0.5622941255569458,0.13369373977184296,0.15038354694843292,-0.00013545305156706378,0.30774137315829087
1789260132.2865403,-0.7496120929718018,0.6263329982757568,1.0320689678192139,-2.068476676940918,-0.7194859981536865,2.2760555744171143,-0.7481493353843689,0.5622861385345459,0.13370321691036224,0.15037983655929565,-0.00013916344070433184,0.3071048841404182
1789260132.320107,-0.7495631575584412,0.6263120770454407,1.0320249795913696,-2.068436622619629,-0.7194939851760864,2.2760720252990723,-0.7482357621192932,0.5623058676719666,0.13370172679424286,0.15038907527923584,-0.0001299247207641463,0.3051874526224817
1789260132.3537126,-0.7478340864181519,0.6241446733474731,1.0298078060150146,-2.0680689811706543,-0.718157947063446,2.2773778438568115,-0.7504412531852722,0.5627362728118896,0.13346228003501892,0.15069982409477234,0.00018082409477235273,0.22641938826360836
1789260132.3873868,-0.7458509206771851,0.621370792388916,1.0269629955291748,-2.06797456741333,-0.7156896591186523,2.27895450592041,-0.7530569434165955,0.5630791783332825,0.13311028480529785,0.15096783638000488,0.0004488363800048967,0.17582936122100767
1789260132.4210103,-0.7408138513565063,0.6161866188049316,1.0201832056045532,-2.0684814453125,-0.708467960357666,2.2822794914245605,-0.7600476145744324,0.5631780624389648,0.13274194300174713,0.150886669754982,0.0003676697549820085,0.19281449969864173
1789260132.4546337,-0.7358433604240417,0.6117920875549316,1.0126792192459106,-2.0695667266845703,-0.7010267376899719,2.2853362560272217,-0.7670911550521851,0.562898576259613,0.1320732980966568,0.15016178786754608,-0.0003572121324539046,0.2947505664483941
1789260132.4882638,-0.7278317213058472,0.6038494110107422,1.0009765625,-2.0709853172302246,-0.6892904043197632,2.2904202938079834,-0.778465211391449,0.5627884864807129,0.13103525340557098,0.149582177400589,-0.0009368225994109969,0.38308409842940866
1789260132.5218337,-0.7196401953697205,0.5958123803138733,0.9886485934257507,-2.072378396987915,-0.6769635677337646,2.295771837234497,-0.7901691198348999,0.5627647042274475,0.1297888457775116,0.1489935666322708,-0.0015254333677291732,0.46478104910274065
1789260132.5555174,-0.7099484801292419,0.5864393711090088,0.9743665456771851,-2.0741348266601562,-0.6626899242401123,2.301723003387451,-0.8037013411521912,0.5626820921897888,0.12838320434093475,0.14838597178459167,-0.0021330282154083113,0.5588314628172141
1789260132.5890956,-0.6995262503623962,0.5764551758766174,0.9597555994987488,-2.076026439666748,-0.6478606462478638,2.30812406539917,-0.8180127739906311,0.5626612305641174,0.12719792127609253,0.14803408086299896,-0.0024849191370010237,0.6129363385357691
1789260132.6226647,-0.6896898150444031,0.5668912529945374,0.9450606107711792,-2.0775976181030273,-0.6332029104232788,2.3145477771759033,-0.8320794105529785,0.5629024505615234,0.12559594213962555,0.14777004718780518,-0.0027489528121948104,0.6407191275099949
1789260132.6562529,-0.6794216632843018,0.5572659969329834,0.9303892850875854,-2.079610586166382,-0.6183043718338013,2.32096004486084,-0.846318781375885,0.5629528760910034,0.12424996495246887,0.14751870930194855,-0.0030002906980514388,0.6720213582780179
1789260132.6898506,-0.6694796681404114,0.547308623790741,0.9156346321105957,-2.0813543796539307,-0.6034719347953796,2.327256917953491,-0.8604689240455627,0.5632830858230591,0.12254583090543747,0.1475946307182312,-0.002924369281768785,0.6614560541251902
1789260132.7233768,-0.6594379544258118,0.5376999378204346,0.9008967280387878,-2.0831704139709473,-0.5888131856918335,2.3336234092712402,-0.8746809959411621,0.5636129379272461,0.12090422958135605,0.1476709246635437,-0.002848075336456285,0.6391903117292874
1789260132.7572193,-0.6491521596908569,0.5279008746147156,0.8862869739532471,-2.0851690769195557,-0.5740000605583191,2.340001106262207,-0.8888333439826965,0.5639185905456543,0.11943484842777252,0.14792411029338837,-0.0025948897066116194,0.5961047263691928
1789260132.7907953,-0.6397588849067688,0.5185813307762146,0.8721452355384827,-2.0867807865142822,-0.559782087802887,2.346001625061035,-0.9023093581199646,0.564452588558197,0.11762149631977081,0.1483418494462967,-0.0021771505537032942,0.5304490530831516
1789260132.8244,-0.6296066045761108,0.5090107917785645,0.8575462102890015,-2.0886683464050293,-0.5450652837753296,2.3523988723754883,-0.9164818525314331,0.56494140625,0.11601743847131729,0.14882822334766388,-0.0016907766523361067,0.4467492894959524
1789260132.8581007,-0.621487021446228,0.5009667873382568,0.8455138206481934,-2.090172052383423,-0.5331811904907227,2.3574748039245605,-0.9278536438941956,0.5654485821723938,0.11446717381477356,0.14939671754837036,-0.0011222824516296248,0.3582740158310247
1789260132.8917174,-0.6145240068435669,0.4942159056663513,0.8352078199386597,-2.091123342514038,-0.522802472114563,2.361933469772339,-0.9376494884490967,0.5660640597343445,0.11314520239830017,0.15003789961338043,-0.000481100386619554,0.2571706479830235
1789260132.9253297,-0.6090874075889587,0.4890807569026947,0.8273675441741943,-2.092289924621582,-0.5150449275970459,2.3652708530426025,-0.9452305436134338,0.566328763961792,0.11222068965435028,0.15040484070777893,-0.00011415929222105548,0.19782350757194625
1789260132.9589055,-0.6045874953269958,0.48506203293800354,0.8211454153060913,-2.0928473472595215,-0.5087077617645264,2.367933511734009,-0.9511761665344238,0.566688597202301,0.11158226430416107,0.15083864331245422,0.0003196433124542375,0.13988230894202303
1789260132.9925303,-0.6013267040252686,0.48207393288612366,0.8160583972930908,-2.0934536457061768,-0.5040628910064697,2.369978189468384,-0.9556471109390259,0.5669223666191101,0.11080650985240936,0.15102434158325195,0.000505341583251967,0.10279207254188717
1789260133.0261097,-0.5997129082679749,0.47994497418403625,0.8136844038963318,-2.094223737716675,-0.5011438131332397,2.3714396953582764,-0.9588445425033569,0.566968560218811,0.1105579137802124,0.1512785702943802,0.0007595702943802018,0.08156468806857739
1789260133.0596948,-0.5988794565200806,0.47763869166374207,0.812326967716217,-2.095717191696167,-0.4985273480415344,2.372844934463501,-0.9620625972747803,0.5667452216148376,0.11044559627771378,0.15152786672115326,0.0010088667211532731,0.08156468806857739
1789260133.0932891,-0.6010419130325317,0.47376713156700134,0.8139927387237549,-2.1013121604919434,-0.4960872232913971,2.375343084335327,-0.96794193983078,0.5652374625205994,0.11055272072553635,0.15155476331710815,0.0010357633171081682,0.10279207254188717
1789260133.126848,-0.6029125452041626,0.46956536173820496,0.8162180781364441,-2.106800079345703,-0.4936295449733734,2.3777570724487305,-0.9736349582672119,0.5637472867965698,0.11108747869729996,0.15184104442596436,0.0013220444259643693,0.11703392759136522
1789260133.1604931,-0.6060452461242676,0.4626045525074005,0.8188034892082214,-2.1157612800598145,-0.488559752702713,2.3823742866516113,-0.9841306209564209,0.5614631772041321,0.11143417656421661,0.15218831598758698,0.001669315987586989,0.17245851507387558
1789260133.1940455,-0.6093504428863525,0.45444875955581665,0.8217350840568542,-2.1258440017700195,-0.4834306836128235,2.387066602706909,-0.9952065944671631,0.5588358640670776,0.11180368065834045,0.15263141691684723,0.002112416916847243,0.18871159039859822
1789260133.2275987,-0.6136491298675537,0.4446609318256378,0.8254732489585876,-2.1386263370513916,-0.4765782058238983,2.3935306072235107,-1.0099185705184937,0.5554969906806946,0.1123126819729805,0.15297110378742218,0.002452103787422194,0.2486603648760226
1789260133.2611918,-0.6186086535453796,0.43321818113327026,0.8297117352485657,-2.1533470153808594,-0.46922406554222107,2.4001927375793457,-1.0258152484893799,0.5515369772911072,0.1126561239361763,0.15327537059783936,0.0027563705978393693,0.2624426388026188
1789260133.2947688,-0.6232861876487732,0.42241111397743225,0.8339195251464844,-2.1669812202453613,-0.4618469476699829,2.4070401191711426,-1.0415518283843994,0.5479726791381836,0.1131104826927185,0.15367485582828522,0.003155855828285231,0.3064670732398903
1789260133.3284016,-0.62865149974823,0.41050267219543457,0.8382371664047241,-2.1823878288269043,-0.45407938957214355,2.414146661758423,-1.0584386587142944,0.5438180565834045,0.1131921038031578,0.15380047261714935,0.003281472617149367,0.30774137315829087
1789260133.3620596,-0.6334987282752991,0.39933595061302185,0.8426851630210876,-2.196916103363037,-0.4462603032588959,2.4213249683380127,-1.0750088691711426,0.5398905873298645,0.11361013352870941,0.15392355620861053,0.0034045562086105485,0.33919698372953155
1789260133.3957047,-0.6382220983505249,0.38802146911621094,0.8470575213432312,-2.2114531993865967,-0.439035028219223,2.427968978881836,-1.0909068584442139,0.5358725190162659,0.11387259513139725,0.15396326780319214,0.0034442678031921525,0.32020557802010025
1789260133.4292767,-0.6432103514671326,0.37660861015319824,0.8514936566352844,-2.2259747982025146,-0.43125611543655396,2.4353625774383545,-1.10755455493927,0.5319991111755371,0.11405506730079651,0.1540454626083374,0.003526462608337416,0.3304306964646186
1789260133.4629543,-0.6484888195991516,0.36474427580833435,0.8558340072631836,-2.2413687705993652,-0.4233801066875458,2.4423818588256836,-1.1243935823440552,0.5277231931686401,0.11389529705047607,0.1538425087928772,0.003323508792877211,0.29739412811819066
1789260133.496617,-0.6535009145736694,0.35365206003189087,0.8599288463592529,-2.2552475929260254,-0.41591793298721313,2.4493675231933594,-1.1403716802597046,0.524031937122345,0.11369242519140244,0.15381444990634918,0.003295449906349196,0.27836248477296915
1789260133.5302022,-0.6583923101425171,0.34228986501693726,0.8643487095832825,-2.270244598388672,-0.4082726240158081,2.4563233852386475,-1.1568245887756348,0.5197804570198059,0.11365274339914322,0.15344204008579254,0.0029230400857925554,0.24147442349920606
1789260133.5638263,-0.6633199453353882,0.330857515335083,0.8688210248947144,-2.284719467163086,-0.4006732702255249,2.4634008407592773,-1.1732757091522217,0.5157939791679382,0.11353816092014313,0.15323150157928467,0.002712501579284682,0.1988101655906956
1789260133.5974824,-0.6678705215454102,0.3199908137321472,0.8730594515800476,-2.2988121509552,-0.393494576215744,2.470034599304199,-1.1888247728347778,0.5117977261543274,0.11340857297182083,0.15283286571502686,0.0023138657150268693,0.14670980696444608
1789260133.6311176,-0.6724578738212585,0.3094073534011841,0.8769813776016235,-2.3122427463531494,-0.3864407539367676,2.4765543937683105,-1.2038447856903076,0.5080740451812744,0.11303187906742096,0.15247158706188202,0.001952587061882033,0.09891171693842998
1789260133.6646926,-0.6761066913604736,0.3014218807220459,0.8797479271888733,-2.322810649871826,-0.38119953870773315,2.4813287258148193,-1.215470314025879,0.5050563216209412,0.11248862743377686,0.1519666314125061,0.0014476314125061174,0.08156468806857739
1789260133.6982749,-0.6789587736129761,0.29460790753364563,0.882138192653656,-2.33125638961792,-0.3765932619571686,2.48577618598938,-1.225571632385254,0.5027851462364197,0.11218727380037308,0.1517564356327057,0.0012374356327057023,0.06561060592844098
1789260133.7319229,-0.6817992329597473,0.2890900671482086,0.884750247001648,-2.3387913703918457,-0.37266650795936584,2.4889039993286133,-1.2332144975662231,0.500521183013916,0.11196919530630112,0.15135253965854645,0.0008335396585464616,0.12511453444308365
1789260133.7655046,-0.6850281357765198,0.2855730354785919,0.8890084624290466,-2.3428518772125244,-0.3691207766532898,2.4913384914398193,-1.2375059127807617,0.4994531571865082,0.11255726963281631,0.15168887376785278,0.001169873767852797,0.06852804325551864
1789260133.7991035,-0.6892855763435364,0.28103306889533997,0.8939002752304077,-2.3481948375701904,-0.3652482032775879,2.4935057163238525,-1.242203950881958,0.49791333079338074,0.11281191557645798,0.1519121378660202,0.0013931378660202165,0.07401874722002606
1789260133.8326864,-0.6954144239425659,0.274698942899704,0.9016627073287964,-2.3559656143188477,-0.35916876792907715,2.4971117973327637,-1.24931001663208,0.49564328789711,0.11361818015575409,0.15222661197185516,0.0017076119718551774,0.09891171693842998
1789260133.8662786,-0.7019497156143188,0.26750144362449646,0.9099628329277039,-2.3644602298736572,-0.35291510820388794,2.5006046295166016,-1.256592035293579,0.4931085407733917,0.11435043066740036,0.1525411456823349,0.0020221456823349138,0.11869406681127799
1789260133.8998675,-0.7115412950515747,0.25841817259788513,0.9210676550865173,-2.37554931640625,-0.34372860193252563,2.5060606002807617,-1.2670615911483765,0.48997896909713745,0.11503194272518158,0.15288086235523224,0.0023618623552322526,0.2027087792782551
1789260133.9334536,-0.7216652631759644,0.24716584384441376,0.9341899752616882,-2.388564109802246,-0.33393412828445435,2.511747360229492,-1.2783453464508057,0.486111044883728,0.11615211516618729,0.1532752513885498,0.0027562513885498185,0.22293580089065076
1789260133.9670563,-0.7333000898361206,0.23532052338123322,0.9486773610115051,-2.402850389480591,-0.32257553935050964,2.5182528495788574,-1.2912567853927612,0.481849730014801,0.11716129630804062,0.1534368097782135,0.002917809778213515,0.26979540926805484
1789260134.0006437,-0.7448268532752991,0.22315913438796997,0.9629383087158203,-2.4173178672790527,-0.31157535314559937,2.524474620819092,-1.3040087223052979,0.4774695634841919,0.11789356917142868,0.1534125655889511,0.0028935655889511247,0.26019629427255464
1789260134.0342538,-0.7561689019203186,0.21166375279426575,0.977149486541748,-2.4312620162963867,-0.3005981743335724,2.530853748321533,-1.3165315389633179,0.47323545813560486,0.11867205053567886,0.1532505452632904,0.002731545263290419,0.26466991865372924
1789260134.0679348,-0.7667346596717834,0.20051012933254242,0.9901958107948303,-2.4443259239196777,-0.29045265913009644,2.5365893840789795,-1.3281316757202148,0.4692651033401489,0.11910654604434967,0.15301726758480072,0.002498267584800734,0.22028696137813833
1789260134.1015399,-0.7759063243865967,0.19124501943588257,1.001773715019226,-2.455965280532837,-0.28161317110061646,2.5416407585144043,-1.3384042978286743,0.4655865430831909,0.11955942213535309,0.1525207906961441,0.002001790696144118,0.1866263135942662
1789260134.1351936,-0.7828071713447571,0.1837437003850937,1.0102850198745728,-2.464127779006958,-0.2747669816017151,2.5456247329711914,-1.345880150794983,0.46321362257003784,0.11973202228546143,0.15242882072925568,0.0019098207292556901,0.145369962588823
1789260134.1688066,-0.789221465587616,0.17763552069664001,1.0178768634796143,-2.4723129272460938,-0.26871275901794434,2.549032688140869,-1.352879524230957,0.4605764150619507,0.11973631381988525,0.15181946754455566,0.001300467544555678,0.12511453444308365
1789260134.20253,-0.7929777503013611,0.17360565066337585,1.0227174758911133,-2.4766783714294434,-0.26503345370292664,2.5513014793395996,-1.357300043106079,0.45930635929107666,0.11990198493003845,0.151757150888443,0.001238150888443007,0.09487278508118449
1789260134.236127,-0.7966675758361816,0.16985146701335907,1.0271687507629395,-2.4812419414520264,-0.26133105158805847,2.553349733352661,-1.3610007762908936,0.45788830518722534,0.11990445852279663,0.1514950841665268,0.0009760841665268083,0.07912937001338383
1789260134.269773,-0.7987255454063416,0.16521312296390533,1.030062198638916,-2.4845423698425293,-0.25396355986595154,2.554464340209961,-1.3588767051696777,0.4569065570831299,0.1199231818318367,0.15168984234333038,0.0011708423433303972,0.11190583714844751
1789260134.3033943,-0.8010281324386597,0.15985630452632904,1.0331659317016602,-2.487943172454834,-0.2452472746372223,2.555880546569824,-1.355649471282959,0.4560081660747528,0.1198982521891594,0.1520421952009201,0.0015231952009201188,0.1480375253231069
1789260134.337087,-0.8047016263008118,0.15203462541103363,1.0380017757415771,-2.4933040142059326,-0.23271062970161438,2.5579633712768555,-1.3514760732650757,0.4545173943042755,0.11980869621038437,0.1524059772491455,0.0018869772491455217,0.19683190382077603
1789260134.3707037,-0.8085506558418274,0.14355404675006866,1.0432802438735962,-2.4994423389434814,-0.2193198949098587,2.5599756240844727,-1.3470207452774048,0.4526787996292114,0.11970456689596176,0.1526227742433548,0.0021037742433548112,0.24308965745644515
1789260134.4044714,-0.8130979537963867,0.1328379362821579,1.049739122390747,-2.5060243606567383,-0.2024947851896286,2.562859058380127,-1.3415181636810303,0.45097747445106506,0.11967424303293228,0.15327830612659454,0.0027593061265945573,0.28046336769824726
1789260134.4380658,-0.8181337118148804,0.12136264145374298,1.0569578409194946,-2.514099359512329,-0.1845257431268692,2.565673828125,-1.3354370594024658,0.44859302043914795,0.11954642832279205,0.1535298228263855,0.003010822826385512,0.31836705715359415
1789260134.471677,-0.8229044079780579,0.11083998531103134,1.0636416673660278,-2.5214767456054688,-0.16731108725070953,2.568464994430542,-1.3296971321105957,0.44646134972572327,0.11937519162893295,0.15372547507286072,0.0032064750728607316,0.3690354227376269
1789260134.5052538,-0.8280026912689209,0.09956276416778564,1.0704586505889893,-2.529080867767334,-0.14969582855701447,2.5713388919830322,-1.323759913444519,0.44434821605682373,0.11896026879549026,0.1539498120546341,0.003430812054634108,0.3866430319548
1789260134.5388412,-0.8331800103187561,0.08843319863080978,1.0770747661590576,-2.536336660385132,-0.13199202716350555,2.574294328689575,-1.3178333044052124,0.44243231415748596,0.11841557174921036,0.15420106053352356,0.0036820605335235734,0.40590054866317626
1789260134.572416,-0.838025689125061,0.07728919386863708,1.084112524986267,-2.544142484664917,-0.1144205704331398,2.5771191120147705,-1.3119163513183594,0.4401453733444214,0.11807657778263092,0.15419456362724304,0.003675563627243056,0.41211980270520265
1789260134.6060371,-0.8429811000823975,0.06616578251123428,1.0911140441894531,-2.5518598556518555,-0.0967041552066803,2.579927682876587,-1.3059875965118408,0.4379119277000427,0.11761853098869324,0.15414711833000183,0.003628118330001845,0.41590081405098006
1789260134.6396964,-0.8478288650512695,0.0553249828517437,1.0977979898452759,-2.5589966773986816,-0.0795731395483017,2.5828733444213867,-1.3002198934555054,0.435982882976532,0.1170840710401535,0.15419259667396545,0.003673596673965468,0.40590054866317626
1789260134.6733356,-0.8530402779579163,0.04390302300453186,1.1047923564910889,-2.5667786598205566,-0.06151719018816948,2.5858418941497803,-1.2941337823867798,0.43381598591804504,0.11634883284568787,0.15406961739063263,0.0035506173906326433,0.38866207707076406
1789260134.7068946,-0.857778012752533,0.033234335482120514,1.1115150451660156,-2.574359893798828,-0.04439656063914299,2.588548183441162,-1.2883573770523071,0.4315914213657379,0.11570403724908829,0.15378201007843018,0.0032630100784301896,0.3711502636014784
1789260134.7406027,-0.8629363775253296,0.02201090008020401,1.1182118654251099,-2.5818021297454834,-0.02672906406223774,2.591552257537842,-1.2824420928955078,0.4296067953109741,0.11477457731962204,0.15362201631069183,0.0031030163106918474,0.3339648250912153
1789260134.774218,-0.867911696434021,0.010751448571681976,1.1251906156539917,-2.589235544204712,-0.008884199894964695,2.594489574432373,-1.2764641046524048,0.4275648593902588,0.11397287249565125,0.15341098606586456,0.002891986065864577,0.2940859630902249
1789260134.8078415,-0.8727338910102844,-0.0002163495373679325,1.1320439577102661,-2.5968735218048096,0.008460916578769684,2.5972390174865723,-1.2707042694091797,0.42535579204559326,0.11309793591499329,0.15299807488918304,0.0024790748891830583,0.24066274127277762
1789260134.841471,-0.8772649168968201,-0.010583272203803062,1.1385135650634766,-2.6040422916412354,0.02499348297715187,2.599827766418457,-1.2652093172073364,0.42328861355781555,0.11222175508737564,0.1525765210390091,0.002057521039009108,0.18767184827349362
1789260134.8750832,-0.8810942769050598,-0.01882260851562023,1.1436320543289185,-2.609300374984741,0.03814170882105827,2.6021430492401123,-1.260683536529541,0.4219382405281067,0.11144393682479858,0.15238820016384125,0.0018692001638412614,0.15195108845669586
1789260134.9086735,-0.8847995400428772,-0.026587845757603645,1.1482529640197754,-2.614780902862549,0.050157301127910614,2.6040537357330322,-1.2563841342926025,0.42039573192596436,0.11045283824205399,0.15197598934173584,0.0014569893417358537,0.09278741380920028
1789260134.9422567,-0.8866767883300781,-0.031208280473947525,1.1512316465377808,-2.617966651916504,0.05785099416971207,2.6052775382995605,-1.2541579008102417,0.4194660484790802,0.11011002957820892,0.15175139904022217,0.0012323990402221818,0.07132624918176021
1789260134.9758537,-0.8886814713478088,-0.03560143709182739,1.1539770364761353,-2.6211235523223877,0.06486992537975311,2.6064438819885254,-1.2519259452819824,0.41855794191360474,0.1096157431602478,0.15148577094078064,0.0009667709407806535,0.044234660174789026
1789260135.0095215,-0.8919336199760437,-0.03823929652571678,1.157167911529541,-2.6222074031829834,0.06941128522157669,2.606621265411377,-1.2441227436065674,0.41833823919296265,0.10919756442308426,0.15154102444648743,0.0010220244464874406,0.05233915627441309
1789260135.0430949,-0.8956232070922852,-0.04050430655479431,1.1604321002960205,-2.6230833530426025,0.07408827543258667,2.606619358062744,-1.23481285572052,0.41817525029182434,0.10870301723480225,0.15158087015151978,0.0010618701515197893,0.05595291190411357
1789260135.076707,-0.9012160897254944,-0.04466374218463898,1.1653331518173218,-2.6246695518493652,0.08161311596632004,2.6066157817840576,-1.2216200828552246,0.4178856909275055,0.10780312865972519,0.15166708827018738,0.0011480882701873918,0.06852804325551864
1789260135.110355,-0.9075578451156616,-0.0493042878806591,1.1714626550674438,-2.626481056213379,0.09018373489379883,2.6066157817840576,-1.2055734395980835,0.41747209429740906,0.10702144354581833,0.15171822905540466,0.001199229055404677,0.06852804325551864
1789260135.1439912,-0.9145505428314209,-0.054405029863119125,1.177834153175354,-2.6283421516418457,0.09971284121274948,2.606623888015747,-1.1884013414382935,0.4171175956726074,0.10601570457220078,0.1518050581216812,0.0012860581216812272,0.08156468806857739
1789260135.1775877,-0.9216922521591187,-0.05938472971320152,1.184389352798462,-2.630484104156494,0.10920921713113785,2.6066205501556396,-1.1708745956420898,0.41660088300704956,0.10498812794685364,0.15174302458763123,0.0012240245876312394,0.07401874722002606
1789260135.2111676,-0.9285640120506287,-0.06469745188951492,1.191206455230713,-2.6324470043182373,0.11870501935482025,2.6066205501556396,-1.1533915996551514,0.4161412715911865,0.1041480153799057,0.1517694741487503,0.001250474148750319,0.07132624918176021
1789260135.2447367,-0.9352514147758484,-0.0693557858467102,1.197302222251892,-2.6342501640319824,0.12761536240577698,2.606621503829956,-1.13699209690094,0.4157452881336212,0.10318097472190857,0.15173892676830292,0.0012199267683029313,0.07661668268387072
1789260135.278343,-0.9420011043548584,-0.07411827147006989,1.2031716108322144,-2.636190414428711,0.13640350103378296,2.606614589691162,-1.1210260391235352,0.4153192639350891,0.10204730927944183,0.15166229009628296,0.0011432900962829728,0.06852804325551864
1789260135.3120308,-0.946087658405304,-0.07697059959173203,1.2073224782943726,-2.6372554302215576,0.14199845492839813,2.606623888015747,-1.1109678745269775,0.41504114866256714,0.101629339158535,0.15162289142608643,0.0011038914260864396,0.07132624918176021
1789260135.3456528,-0.949961245059967,-0.0797613337635994,1.2113337516784668,-2.6383771896362305,0.14708855748176575,2.6066269874572754,-1.1018787622451782,0.41472214460372925,0.10122386366128922,0.15154901146888733,0.001030011468887343,0.06561060592844098
1789260135.3793063,-0.9514290690422058,-0.08089438825845718,1.2129372358322144,-2.6388328075408936,0.14919236302375793,2.606632709503174,-1.0978546142578125,0.4145848751068115,0.10109273344278336,0.1515178233385086,0.0009988233385086198,0.059347025446578223
1789260135.412979,-0.9527949094772339,-0.08182778209447861,1.2134398221969604,-2.63926362991333,0.15108835697174072,2.6066298484802246,-1.0941168069839478,0.41455078125,0.10058454424142838,0.1514974683523178,0.000978468352317824,0.0625572578997782
1789260135.446623,-0.9515737891197205,-0.08203986287117004,1.2109233140945435,-2.63956880569458,0.15133428573608398,2.606640577316284,-1.0922608375549316,0.4145885109901428,0.10000227391719818,0.1515062004327774,0.0009872004327774186,0.059347025446578223
1789260135.4802158,-0.949384868144989,-0.08201579749584198,1.2069560289382935,-2.639798164367676,0.15097391605377197,2.606640577316284,-1.0907243490219116,0.41470199823379517,0.0992618128657341,0.1515500694513321,0.0010310694513321061,0.059347025446578223
1789260135.5164568,-0.9455119371414185,-0.08175801485776901,1.1996818780899048,-2.640223741531372,0.15009789168834686,2.6067111492156982,-1.088380217552185,0.41491034626960754,0.09787174314260483,0.15159931778907776,0.0010803177890777726,0.06561060592844098
1789260135.5500457,-0.9423487782478333,-0.08143899589776993,1.1932615041732788,-2.640564441680908,0.14921912550926208,2.6068224906921387,-1.0861669778823853,0.41513174772262573,0.09655551612377167,0.15164236724376678,0.0011233672437667985,0.07132624918176021
1789260135.5868926,-0.9414560794830322,-0.08134292811155319,1.1913989782333374,-2.6407113075256348,0.14897498488426208,2.6068549156188965,-1.085516333580017,0.41517409682273865,0.09615698456764221,0.15163694322109222,0.001117943221092238,0.07132624918176021
1789260135.626792,-0.9413813948631287,-0.08134578168392181,1.1915314197540283,-2.6406495571136475,0.14896613359451294,2.606849193572998,-1.0855209827423096,0.41518133878707886,0.09624997526407242,0.1516544222831726,0.0011354222831726213,0.07132624918176021
1789260135.6718285,-0.9414910674095154,-0.08134294301271439,1.1914710998535156,-2.640634775161743,0.14898444712162018,2.6068453788757324,-1.0855274200439453,0.415204256772995,0.09618310630321503,0.1516607403755188,0.0011417403755188127,0.07132624918176021
1789260135.7108493,-0.9414002299308777,-0.08134759962558746,1.1915823221206665,-2.6406402587890625,0.14897629618644714,2.606837749481201,-1.0855343341827393,0.4151798188686371,0.09626391530036926,0.15165534615516663,0.0011363461551666398,0.06852804325551864
1789260135.7549284,-0.9414944052696228,-0.08134215325117111,1.1914937496185303,-2.6406285762786865,0.14898116886615753,2.6068413257598877,-1.0855364799499512,0.41520413756370544,0.09619173407554626,0.1516616940498352,0.001142694049835219,0.07132624918176021
1789260135.793666,-0.9414165019989014,-0.08134476095438004,1.1915799379348755,-2.640625,0.1489749699831009,2.606835126876831,-1.085532784461975,0.41518810391426086,0.09625881165266037,0.15166012942790985,0.001141129427909865,0.07401874722002606
1789260135.8273041,-0.9414671063423157,-0.08133292198181152,1.1915397644042969,-2.6406075954437256,0.14898140728473663,2.606811761856079,-1.085561990737915,0.4151994585990906,0.09622544050216675,0.15166349709033966,0.0011444970903396745,0.07132624918176021
1789260135.8608747,-0.9414262771606445,-0.08131691068410873,1.1915812492370605,-2.6406149864196777,0.14898069202899933,2.60679292678833,-1.085567593574524,0.41518187522888184,0.0962599590420723,0.15165524184703827,0.001136241847038283,0.07132624918176021
1789260135.8945084,-0.9414427280426025,-0.08131957799196243,1.1915706396102905,-2.6406021118164062,0.14898227155208588,2.6067910194396973,-1.0855727195739746,0.4151906371116638,0.09625035524368286,0.15166038274765015,0.0011413827476501603,0.07132624918176021
1789260135.9281652,-0.9414417743682861,-0.08130712062120438,1.1915719509124756,-2.6406102180480957,0.14897985756397247,2.60678768157959,-1.0855717658996582,0.41518449783325195,0.09625174105167389,0.15165509283542633,0.0011360928354263444,0.06852804325551864
1789260135.961791,-0.9414486289024353,-0.08131317794322968,1.1915656328201294,-2.6406004428863525,0.14897944033145905,2.6067841053009033,-1.085573434829712,0.4151904284954071,0.09624680876731873,0.1516595035791397,0.0011405035791397233,0.07401874722002606
1789260135.9953752,-0.9414366483688354,-0.08130772411823273,1.1915740966796875,-2.640604257583618,0.14898090064525604,2.6067864894866943,-1.0855692625045776,0.41518646478652954,0.09625554084777832,0.15165717899799347,0.001138178997993483,0.07401874722002606
1789260136.0289862,-0.9414496421813965,-0.08131091296672821,1.1915642023086548,-2.6406021118164062,0.14898166060447693,2.6067841053009033,-1.0855722427368164,0.41518962383270264,0.09624593704938889,0.15165850520133972,0.0011395052013397355,0.06852804325551864
1789260136.0626357,-0.9414376020431519,-0.08130999654531479,1.1915695667266846,-2.6406002044677734,0.1489810198545456,2.6067850589752197,-1.0855730772018433,0.41518890857696533,0.09625352919101715,0.15165896713733673,0.0011399671373367448,0.07132624918176021
1789260136.0962682,-0.9414405226707458,-0.08130398392677307,1.1915632486343384,-2.640605926513672,0.14897945523262024,2.6067850589752197,-1.0855708122253418,0.4151865243911743,0.09624975919723511,0.1516561508178711,0.0011371508178711076,0.07132624918176021
1789260136.129895,-0.9409340023994446,-0.08134108781814575,1.190040946006775,-2.6407392024993896,0.14897798001766205,2.606764793395996,-1.0870692729949951,0.415237694978714,0.0958174616098404,0.15166212618350983,0.0011431261835098405,0.06852804325551864
1789260136.1635697,-0.9400790929794312,-0.08139412850141525,1.1866766214370728,-2.6410269737243652,0.14896416664123535,2.606778144836426,-1.090131163597107,0.41538673639297485,0.09475867450237274,0.1516779363155365,0.0011589363155365129,0.06852804325551864
1789260136.1972086,-0.9384732842445374,-0.0815054252743721,1.1809128522872925,-2.641724109649658,0.14899159967899323,2.606766939163208,-1.0955848693847656,0.4155195653438568,0.09297171235084534,0.151633620262146,0.00111462026214601,0.059347025446578223
1789260136.2309093,-0.9361816644668579,-0.08183377981185913,1.17304527759552,-2.6426095962524414,0.1489351987838745,2.6068146228790283,-1.1032906770706177,0.41574349999427795,0.09055785089731216,0.15163250267505646,0.0011135026750564714,0.048456642643301504
1789260136.2645824,-0.9337092041969299,-0.08205874264240265,1.1628533601760864,-2.6437301635742188,0.14897924661636353,2.6068503856658936,-1.112581729888916,0.4160415828227997,0.08726309984922409,0.15160399675369263,0.0010849967536926408,0.044234660174789026
1789260136.298238,-0.9297910928726196,-0.08255099505186081,1.1497284173965454,-2.645240068435669,0.14900460839271545,2.607001781463623,-1.1254658699035645,0.41633737087249756,0.08329234272241592,0.15158994495868683,0.0010709449586868425,0.027976455118293345
1789260136.331911,-0.9275549650192261,-0.08286808431148529,1.141188144683838,-2.6461994647979736,0.14901673793792725,2.607116937637329,-1.1338653564453125,0.41654929518699646,0.08058474957942963,0.151590958237648,0.0010719582376480241,0.03426402009603798
1789260138.831875,-0.9269720315933228,-0.08289852738380432,1.1392971277236938,-2.646357774734497,0.1489875614643097,2.6071691513061523,-1.1358368396759033,0.4166143238544464,0.08003439009189606,0.1516052484512329,0.001086248451232924,0.03956468264845247
1789260138.9089305,-0.9269700646400452,-0.08289626985788345,1.1392971277236938,-2.646352529525757,0.1489858776330948,2.6071698665618896,-1.1358286142349243,0.4166165590286255,0.08003617823123932,0.1516067087650299,0.001087708765029921,0.027976455118293345
1789260138.9488156,-0.9269703030586243,-0.08289457112550735,1.1392971277236938,-2.646350145339966,0.14898985624313354,2.6071689128875732,-1.1358379125595093,0.41661739349365234,0.08003674447536469,0.15160711109638214,0.001088111096382155,0.027976455118293345
1789260138.9878073,-0.9269677996635437,-0.08289244025945663,1.1392991542816162,-2.646350383758545,0.14898985624313354,2.607171058654785,-1.1358305215835571,0.4166170656681061,0.08003894239664078,0.15160678327083588,0.0010877832708358903,0.027976455118293345
1789260139.0268414,-0.9269737601280212,-0.0828961730003357,1.1392992734909058,-2.646355628967285,0.14898985624313354,2.6071698665618896,-1.1358392238616943,0.41661515831947327,0.0800352543592453,0.1516055315732956,0.0010865315732956071,0.03426402009603798
1789260139.0718818,-0.9269737601280212,-0.08289798349142075,1.139301061630249,-2.646355390548706,0.1489894986152649,2.6071691513061523,-1.1358314752578735,0.41661518812179565,0.0800357237458229,0.15160584449768066,0.001086844497680678,0.03426402009603798
1789260139.1107852,-0.9269703030586243,-0.08289628475904465,1.139298439025879,-2.6463534832000732,0.14898744225502014,2.607168436050415,-1.1358309984207153,0.41661569476127625,0.08003649860620499,0.1516062170267105,0.0010872170267105241,0.03426402009603798
1789260139.149901,-0.9269705414772034,-0.08289244771003723,1.1392992734909058,-2.6463494300842285,0.14898347854614258,2.607168436050415,-1.1358298063278198,0.41661718487739563,0.08003772050142288,0.15160688757896423,0.0010878875789642473,0.03426402009603798
1789260139.1888394,-0.9269703030586243,-0.08289261907339096,1.1392971277236938,-2.6463539600372314,0.14898881316184998,2.6071677207946777,-1.1358357667922974,0.4166150689125061,0.0800364762544632,0.15160536766052246,0.0010863676605224748,0.03956468264845247
1789260139.2339046,-0.9269654154777527,-0.08289799094200134,1.1392953395843506,-2.646350860595703,0.148989737033844,2.607168436050415,-1.1358340978622437,0.41661709547042847,0.08003748208284378,0.15160755813121796,0.0010885581312179704,0.03426402009603798
1789260139.2728596,-0.9269705414772034,-0.08289999514818192,1.1392992734909058,-2.6463561058044434,0.14898787438869476,2.607168436050415,-1.1358325481414795,0.4166147708892822,0.08003588020801544,0.1516059786081314,0.0010869786081314226,0.03426402009603798
1789260139.3116255,-0.92696613073349,-0.08289628475904465,1.1392992734909058,-2.6463520526885986,0.14898955821990967,2.607166051864624,-1.1358320713043213,0.4166155159473419,0.08003881573677063,0.1516065001487732,0.0010875001487732072,0.03426402009603798
1789260139.345233,-0.9269737601280212,-0.08286693692207336,1.1393009424209595,-2.646352529525757,0.14899137616157532,2.607156276702881,-1.1358368396759033,0.4166104793548584,0.08004039525985718,0.1515999287366867,0.0010809287366867204,0.027976455118293345
1789260139.378893,-0.9269670248031616,-0.08284356445074081,1.139296293258667,-2.64635968208313,0.1489858478307724,2.607145309448242,-1.1358304023742676,0.41660210490226746,0.08004339039325714,0.15159228444099426,0.0010732844409942766,0.03956468264845247
1789260139.412523,-0.926969587802887,-0.0828365832567215,1.1392954587936401,-2.6463499069213867,0.14899155497550964,2.607144832611084,-1.1358295679092407,0.41660624742507935,0.0800444707274437,0.1515943855047226,0.001075385504722609,0.03956468264845247
1789260139.4461606,-0.9269691109657288,-0.08282917737960815,1.1392974853515625,-2.646350622177124,0.1489882618188858,2.607139825820923,-1.1358232498168945,0.41660380363464355,0.08004626631736755,0.15159223973751068,0.001073239737510695,0.03426402009603798
1789260139.4797084,-0.926965057849884,-0.0828292965888977,1.139294147491455,-2.6463463306427,0.14898617565631866,2.6071414947509766,-1.1358274221420288,0.41660618782043457,0.08004710078239441,0.15159398317337036,0.0010749831733703752,0.027976455118293345
1789260139.5132976,-0.9269689917564392,-0.0828256830573082,1.1392947435379028,-2.6463520526885986,0.14898750185966492,2.6071395874023438,-1.1358215808868408,0.4166029393672943,0.08004552870988846,0.15159116685390472,0.001072166853904738,0.03426402009603798
1789260139.5469322,-0.9269704818725586,-0.0828273668885231,1.1392953395843506,-2.6463565826416016,0.14898689091205597,2.6071412563323975,-1.1358263492584229,0.4166013300418854,0.08004431426525116,0.1515900194644928,0.0010710194644928117,0.03426402009603798
1789260139.5805542,-0.9269726276397705,-0.08282722532749176,1.1392971277236938,-2.646350622177124,0.14898839592933655,2.6071412563323975,-1.135820984840393,0.416604220867157,0.08004497736692429,0.15159201622009277,0.0010730162200927873,0.03426402009603798
1789260139.6141512,-0.9269688129425049,-0.08282070606946945,1.1392971277236938,-2.646352529525757,0.14899055659770966,2.607140064239502,-1.135823130607605,0.4166020154953003,0.08004729449748993,0.15159006416797638,0.0010710641679763933,0.03956468264845247
1789260139.6477444,-0.9286574721336365,-0.08131702244281769,1.1413235664367676,-2.6452043056488037,0.14595237374305725,2.60689115524292,-1.135212779045105,0.4168988764286041,0.08043569326400757,0.15162937343120575,0.0011103734312057634,0.027976455118293345
1789260139.6814036,-0.9309492111206055,-0.07784488797187805,1.1458216905593872,-2.6433117389678955,0.13979725539684296,2.606682062149048,-1.134436011314392,0.4171808660030365,0.08186575770378113,0.15149982273578644,0.0009808227357864518,0.019782341029446364
1789260139.7150111,-0.9332190752029419,-0.07432232797145844,1.150336503982544,-2.6418297290802,0.13343693315982819,2.606282949447632,-1.1336134672164917,0.4172174632549286,0.08325883746147156,0.15121158957481384,0.0006925895748138566,0.06852804325551864
1789260139.7485862,-0.9357801675796509,-0.07014872133731842,1.155771255493164,-2.6398606300354004,0.12564276158809662,2.6060967445373535,-1.1327636241912842,0.4174075424671173,0.08502820134162903,0.15098407864570618,0.0004650786457061906,0.11190583714844751
1789260139.7821708,-0.9414103031158447,-0.061721786856651306,1.1665054559707642,-2.635802984237671,0.11060549318790436,2.6052958965301514,-1.1307660341262817,0.41780707240104675,0.08834893256425858,0.15057650208473206,5.7502084732069525e-05,0.2027087792782551
1789260139.8157294,-0.9473174214363098,-0.05268659070134163,1.1784508228302002,-2.6312997341156006,0.09440276026725769,2.6045472621917725,-1.1285663843154907,0.41828781366348267,0.09218355268239975,0.15027430653572083,-0.00024469346427916094,0.26614441693319085
1789260139.8493707,-0.9535691142082214,-0.043497178703546524,1.1907551288604736,-2.626585006713867,0.07728277891874313,2.603757619857788,-1.1262991428375244,0.41885560750961304,0.09606407582759857,0.1500992476940155,-0.0004197523059844832,0.3115330002733851
1789260139.8829641,-0.9600284695625305,-0.03372220695018768,1.2032220363616943,-2.621882915496826,0.06008058041334152,2.602907419204712,-1.1239912509918213,0.4193587899208069,0.10002709925174713,0.14991289377212524,-0.000606106227874742,0.349426350475513
1789260139.9166088,-0.966256856918335,-0.024516599252820015,1.2148804664611816,-2.617526054382324,0.04356958717107773,2.602078914642334,-1.121749758720398,0.41983136534690857,0.10366204380989075,0.14980465173721313,-0.0007143482627868514,0.3737769883456949
1789260139.9502618,-0.9724926948547363,-0.015407995320856571,1.2271106243133545,-2.6127097606658936,0.02673066221177578,2.6013431549072266,-1.1195005178451538,0.4205102324485779,0.1075887456536293,0.1499694436788559,-0.0005495563211440901,0.347742353080246
1789260139.9838727,-0.978630542755127,-0.005939325783401728,1.2395685911178589,-2.6081314086914062,0.009630820713937283,2.6004951000213623,-1.1172071695327759,0.42099303007125854,0.11167879402637482,0.15008553862571716,-0.00043346137428282305,0.32805345982048595
1789260140.0175965,-0.9848145842552185,0.003318921197205782,1.2516109943389893,-2.603483200073242,-0.007006087806075811,2.5996992588043213,-1.1149861812591553,0.4216032922267914,0.11558465659618378,0.1503632813692093,-0.0001557186307906966,0.27624562495594135
1789260140.0511913,-0.9893507361412048,0.009952317923307419,1.2598960399627686,-2.600081205368042,-0.018662432208657265,2.5991153717041016,-1.1134916543960571,0.4221312701702118,0.11821862310171127,0.1506466120481491,0.00012761204814912275,0.22555353545062423
1789260140.084907,-0.9919620156288147,0.014225025661289692,1.2652024030685425,-2.598287343978882,-0.02671780064702034,2.598698377609253,-1.112626075744629,0.42224857211112976,0.11996490508317947,0.15071076154708862,0.0001917615470886369,0.2130624551327921
1789260140.1185925,-0.9947102069854736,0.018866676837205887,1.2708451747894287,-2.5959715843200684,-0.034958548843860626,2.5983593463897705,-1.1117089986801147,0.4225776493549347,0.12192121893167496,0.15094305574893951,0.000424055748939528,0.1655109964311004
1789260140.1522057,-0.9974250793457031,0.02326362021267414,1.2762948274612427,-2.5937702655792236,-0.043120503425598145,2.5979950428009033,-1.1108053922653198,0.4228924512863159,0.12376081198453903,0.15118557214736938,0.0006665721473693986,0.12194656246489412
1789260140.1858206,-0.999858021736145,0.02502327598631382,1.279752492904663,-2.59255313873291,-0.04609154164791107,2.5976860523223877,-1.1091312170028687,0.42315873503685,0.12451311200857162,0.15140776336193085,0.000888763361930861,0.09065408419654447
1789260140.2194426,-1.0030732154846191,0.023703565821051598,1.2827812433242798,-2.5928425788879395,-0.04375564679503441,2.597625970840454,-1.1056431531906128,0.42314696311950684,0.12427237629890442,0.1514934003353119,0.0009744003353119035,0.08846932694105811
1789260140.2530403,-1.0060961246490479,0.022144483402371407,1.2860685586929321,-2.592801332473755,-0.040461424738168716,2.597626209259033,-1.1020820140838623,0.42326289415359497,0.12426311522722244,0.1517305076122284,0.0012115076122284074,0.059347025446578223
1789260140.2866337,-1.0088114738464355,0.020356936380267143,1.2893426418304443,-2.5929460525512695,-0.0372655875980854,2.5975329875946045,-1.0987638235092163,0.4232560396194458,0.1243094652891159,0.1519164741039276,0.0013974741039276262,0.044234660174789026
1789260140.3202043,-1.0140241384506226,0.017505435273051262,1.2952167987823486,-2.593207359313965,-0.03160630166530609,2.5974104404449463,-1.0926017761230469,0.4232570230960846,0.12430137395858765,0.15219978988170624,0.0016807898817062517,0.03956468264845247
1789260140.3538344,-1.0242666006088257,0.011659919284284115,1.3048850297927856,-2.594078302383423,-0.020447809249162674,2.597247362136841,-1.080886721611023,0.4233417809009552,0.12340479344129562,0.15261463820934296,0.0020956382093429704,0.027976455118293345
1789260140.3874795,-1.0340343713760376,0.005861112382262945,1.315589189529419,-2.594648599624634,-0.009083203040063381,2.597177743911743,-1.0691827535629272,0.42338234186172485,0.12320005148649216,0.15309777855873108,0.002578778558731093,0.08156468806857739
1789260140.421105,-1.0437043905258179,-0.00016046974633354694,1.3264131546020508,-2.5955278873443604,0.002270454540848732,2.59696102142334,-1.0573688745498657,0.4232237637042999,0.12299265712499619,0.15343134105205536,0.0029123410520553727,0.10279207254188717
1789260140.4546955,-1.0556455850601196,-0.00697686243802309,1.339159369468689,-2.5962915420532227,0.015813937410712242,2.596790075302124,-1.0436228513717651,0.42320460081100464,0.12259262055158615,0.15383388102054596,0.0033148810205459733,0.14670980696444608
1789260140.4883804,-1.0697263479232788,-0.015566444024443626,1.3542793989181519,-2.5975022315979004,0.03205909952521324,2.596564531326294,-1.0268586874008179,0.4230359196662903,0.12201914936304092,0.15415769815444946,0.0036386981544494768,0.17132016174909548
1789260140.521931,-1.083710789680481,-0.0238100104033947,1.3688509464263916,-2.598379373550415,0.047996241599321365,2.5964086055755615,-1.0104568004608154,0.42303764820098877,0.12133193016052246,0.15447720885276794,0.003958208852767958,0.21028928664640814
1789260140.5556166,-1.096859097480774,-0.03160691633820534,1.3831806182861328,-2.5995731353759766,0.06324001401662827,2.596132516860962,-0.9946809411048889,0.42273375391960144,0.12087323516607285,0.15454082190990448,0.004021821909904494,0.21397885808123562
1789260140.589241,-1.1109120845794678,-0.04000578075647354,1.3978683948516846,-2.600581407546997,0.07912410795688629,2.595947265625,-0.9780988693237305,0.4226153790950775,0.12012094259262085,0.1546308845281601,0.004111884528160109,0.2272819425665676
1789260140.6229377,-1.1245224475860596,-0.048056360334157944,1.4124399423599243,-2.6016738414764404,0.09467220306396484,2.595708131790161,-0.9619800448417664,0.42235293984413147,0.11951616406440735,0.15456323325634003,0.004044233256340041,0.2272819425665676
1789260140.6565137,-1.1384631395339966,-0.0562821626663208,1.4271600246429443,-2.6027040481567383,0.1106027141213417,2.5955216884613037,-0.9455226063728333,0.42213281989097595,0.11881022900342941,0.15443654358386993,0.003917543583869948,0.22641938826360836
1789260140.6901298,-1.152279257774353,-0.0645330548286438,1.4417264461517334,-2.6038665771484375,0.12640181183815002,2.595276117324829,-0.9292017221450806,0.42181622982025146,0.11803951114416122,0.15416595339775085,0.0036469533977508684,0.20747905542313175
1789260140.723714,-1.1659907102584839,-0.07259766012430191,1.4564114809036255,-2.604947328567505,0.14217959344387054,2.595079183578491,-0.9129218459129333,0.42147770524024963,0.11738552898168564,0.15381813049316406,0.0032991304931640764,0.19077407530073984
1789260140.7573802,-1.176838755607605,-0.07923945784568787,1.4684747457504272,-2.605811595916748,0.1546698659658432,2.5948965549468994,-0.9000668525695801,0.42113974690437317,0.11699142307043076,0.15346895158290863,0.0029499515829086442,0.1631294174610896
1789260140.7910051,-1.1872979402542114,-0.08532945066690445,1.479655385017395,-2.606576681137085,0.16658973693847656,2.594754457473755,-0.8877978324890137,0.4208722710609436,0.11647174507379532,0.1531001776456833,0.0025811776456833024,0.14265252599748507
1789260140.824556,-1.1973429918289185,-0.09140678495168686,1.4904588460922241,-2.6074535846710205,0.1781577467918396,2.594578504562378,-0.8759191632270813,0.420530766248703,0.11592733860015869,0.1526489555835724,0.0021299555835724016,0.11190583714844751
1789260140.8582306,-1.2071640491485596,-0.09714900702238083,1.4998114109039307,-2.608297109603882,0.1891063004732132,2.594428062438965,-0.8639839887619019,0.4203392565250397,0.11490826308727264,0.1522071361541748,0.0016881361541748185,0.08622923312351063
1789260140.8918376,-1.2107096910476685,-0.09933128207921982,1.5043154954910278,-2.6086156368255615,0.19362109899520874,2.5943217277526855,-0.8596065044403076,0.420105904340744,0.11499883234500885,0.15198376774787903,0.0014647677478790422,0.07912937001338383
1789260140.9254699,-1.2136539220809937,-0.10116421431303024,1.5077002048492432,-2.6087424755096436,0.19685037434101105,2.594304084777832,-0.8562936186790466,0.42003947496414185,0.11493135988712311,0.15186356008052826,0.0013445600805282731,0.06561060592844098
1789260140.9590812,-1.2167415618896484,-0.10278509557247162,1.5110280513763428,-2.609020471572876,0.20015934109687805,2.594255208969116,-0.8529492616653442,0.41990476846694946,0.11479009687900543,0.15167683362960815,0.0011578336296081682,0.0625572578997782
1789260140.9926805,-1.2192802429199219,-0.1043970063328743,1.5130244493484497,-2.609283208847046,0.20304493606090546,2.594193696975708,-0.8496923446655273,0.4198867380619049,0.11432035267353058,0.15154992043972015,0.0010309204397201677,0.05233915627441309
1789260141.0263314,-1.2173497676849365,-0.10416318476200104,1.509902000427246,-2.6097307205200195,0.20304805040359497,2.5941781997680664,-0.8476116061210632,0.4198494553565979,0.11380676925182343,0.15152283012866974,0.0010038301286697526,0.06561060592844098
1789260141.059919,-1.2141923904418945,-0.10411953181028366,1.504396677017212,-2.610332489013672,0.20224608480930328,2.5942609310150146,-0.8455204367637634,0.4199463129043579,0.11274434626102448,0.1515641212463379,0.0010451212463379045,0.048456642643301504
1789260141.093608,-1.2112324237823486,-0.10380435734987259,1.498639464378357,-2.61079740524292,0.20142188668251038,2.5944724082946777,-0.8434398770332336,0.4201682507991791,0.11156869679689407,0.15166409313678741,0.0011450931367874284,0.048456642643301504
1789260141.1271987,-1.208025574684143,-0.10341642051935196,1.4922720193862915,-2.611431837081909,0.20056846737861633,2.5946366786956787,-0.8413746356964111,0.42034268379211426,0.1102263554930687,0.15172219276428223,0.0012031927642822404,0.044234660174789026
1789260141.1608384,-1.2020857334136963,-0.10285776108503342,1.4813427925109863,-2.6124415397644043,0.19913439452648163,2.5950608253479004,-0.8366218209266663,0.4206562340259552,0.10810627788305283,0.15186217427253723,0.0013431742725372453,0.05233915627441309
1789260141.1944542,-1.1948519945144653,-0.10224665701389313,1.4675469398498535,-2.613886833190918,0.1972266137599945,2.5954747200012207,-0.8311522603034973,0.4209613800048828,0.10526981204748154,0.15196438133716583,0.0014453813371658464,0.05233915627441309
1789260141.2280555,-1.187574863433838,-0.10148313641548157,1.453527808189392,-2.615187883377075,0.19532431662082672,2.5959863662719727,-0.8255643248558044,0.42134347558021545,0.10241426527500153,0.15211737155914307,0.0015983715591430803,0.06852804325551864
1789260141.2616382,-1.180383324623108,-0.10088496655225754,1.4406397342681885,-2.616520881652832,0.19350269436836243,2.596421718597412,-0.820342481136322,0.42155852913856506,0.09995941072702408,0.15220406651496887,0.001685066514968886,0.07661668268387072
1789260141.2952464,-1.1726311445236206,-0.1001758947968483,1.4262670278549194,-2.617950677871704,0.19151847064495087,2.596925973892212,-0.8146159648895264,0.4218308627605438,0.09713021665811539,0.15230971574783325,0.0017907157478332658,0.09065408419654447
1789260141.3288374,-1.1650890111923218,-0.09937646239995956,1.4113659858703613,-2.6194610595703125,0.18949803709983826,2.597444534301758,-0.8087518215179443,0.42211565375328064,0.09399884939193726,0.15239253640174866,0.001873536401748671,0.10653118153060223
1789260141.3624728,-1.1571457386016846,-0.09859184175729752,1.396757960319519,-2.620936155319214,0.18744832277297974,2.5979745388031006,-0.8028082251548767,0.42232421040534973,0.09116347879171371,0.15246543288230896,0.0019464328823089738,0.11364091540157657
1789260141.3961167,-1.149057388305664,-0.09786728024482727,1.3822290897369385,-2.622417688369751,0.18537980318069458,2.5984697341918945,-0.7969194650650024,0.4224814176559448,0.0884137824177742,0.15252338349819183,0.0020043834981918474,0.12511453444308365
1789260141.429771,-1.1416630744934082,-0.09710071235895157,1.3677551746368408,-2.6238067150115967,0.1834237426519394,2.5990183353424072,-0.7911511659622192,0.42272159457206726,0.08542221039533615,0.15260113775730133,0.0020821377573013444,0.13847642022149
1789260141.4634955,-1.1335996389389038,-0.09629235416650772,1.3527318239212036,-2.6253232955932617,0.18133749067783356,2.599531650543213,-0.7850655913352966,0.4228624701499939,0.08247366547584534,0.15263667702674866,0.002117677026748671,0.1412742076966625
1789260141.4970796,-1.1255946159362793,-0.0956030786037445,1.3381991386413574,-2.626768112182617,0.17925125360488892,2.6000730991363525,-0.7791851162910461,0.42298486828804016,0.07969851046800613,0.15268094837665558,0.0021619483766555925,0.1532333996180995
1789260141.5306532,-1.1179307699203491,-0.09487199038267136,1.3240766525268555,-2.6281402111053467,0.17724023759365082,2.6005845069885254,-0.773488461971283,0.42309799790382385,0.07697149366140366,0.15271638333797455,0.002197383337974562,0.16192549306284887
1789260141.5642614,-1.1102381944656372,-0.09404228627681732,1.3090535402297974,-2.62965989112854,0.1751723736524582,2.6011221408843994,-0.7675284743309021,0.42319318652153015,0.07388292998075485,0.1527138501405716,0.002194850140571608,0.1631294174610896
1789260141.5978937,-1.1020522117614746,-0.09331107884645462,1.2942135334014893,-2.631190538406372,0.1729995757341385,2.6016488075256348,-0.7614754438400269,0.4232099652290344,0.07106300443410873,0.15269885957241058,0.0021798595724105974,0.1631294174610896
1789260141.6315033,-1.0942884683609009,-0.09263081103563309,1.280072569847107,-2.632617950439453,0.17092075943946838,2.602158784866333,-0.7557633519172668,0.4232242703437805,0.06836623698472977,0.15268750488758087,0.0021685048875808854,0.16432452156180907
1789260141.6650422,-1.0867435932159424,-0.09183789789676666,1.2651447057724,-2.634103536605835,0.16894413530826569,2.6027071475982666,-0.749809205532074,0.42326420545578003,0.06527060270309448,0.1526620239019394,0.002143023901939406,0.16192549306284887
1789260141.698617,-1.0787450075149536,-0.09108373522758484,1.2507069110870361,-2.6355931758880615,0.16684474050998688,2.6032040119171143,-0.743947446346283,0.4232008159160614,0.06256391108036041,0.15260562300682068,0.0020866230068206926,0.15701751249847418
1789260141.7321787,-1.0708380937576294,-0.0903729721903801,1.236052393913269,-2.637072801589966,0.1647702008485794,2.6037464141845703,-0.7380399107933044,0.4231545627117157,0.059729401022195816,0.15255938470363617,0.0020403847036361833,0.15450506866003139
1789260141.7658522,-1.0633039474487305,-0.08962327986955643,1.2218170166015625,-2.638498544692993,0.16277852654457092,2.6042449474334717,-0.7323511242866516,0.42308950424194336,0.05693038925528526,0.15249581634998322,0.001976816349983229,0.14670980696444608
1789260141.7994313,-1.055483341217041,-0.08878152072429657,1.2069177627563477,-2.639972686767578,0.16069535911083221,2.6047799587249756,-0.7263712286949158,0.4230063557624817,0.05398990213871002,0.1524154394865036,0.001896439486503615,0.1370561110185936
1789260141.8330564,-1.0472108125686646,-0.08808223903179169,1.1921418905258179,-2.6414315700531006,0.15851567685604095,2.6053194999694824,-0.7203368544578552,0.42288723587989807,0.05127333849668503,0.15234717726707458,0.0018281772670745988,0.13270400689029618
1789260141.8666406,-1.039580225944519,-0.08737558126449585,1.1779052019119263,-2.642864227294922,0.15647581219673157,2.6058480739593506,-0.7145912647247314,0.4227532744407654,0.0485219843685627,0.15225613117218018,0.0017371311721801896,0.12354070345060089
1789260141.900323,-1.0319889783859253,-0.08651566505432129,1.1630340814590454,-2.644388198852539,0.15445436537265778,2.6063663959503174,-0.708655595779419,0.422574520111084,0.04551362618803978,0.1521150767803192,0.0015960767803192277,0.10467832346762979
1789260141.933983,-1.0238673686981201,-0.08579058200120926,1.148454189300537,-2.6459085941314697,0.15233343839645386,2.6068897247314453,-0.7027086615562439,0.4223451316356659,0.0428323894739151,0.15197759866714478,0.0014585986671447893,0.08846932694105811
1789260141.9675958,-1.0160455703735352,-0.08506713062524796,1.13395357131958,-2.6473162174224854,0.15030544996261597,2.607454776763916,-0.6969162225723267,0.4221661388874054,0.04007602110505104,0.1518697887659073,0.0013507887659073015,0.07912937001338383
1789260142.0012023,-1.0083587169647217,-0.08437218517065048,1.1190478801727295,-2.6484591960906982,0.1483181118965149,2.6078429222106934,-0.6909968852996826,0.42208588123321533,0.03712063282728195,0.1518464833498001,0.0013274833498001237,0.07132624918176021
1789260142.034836,-1.000791072845459,-0.08378535509109497,1.104827880859375,-2.6495378017425537,0.1463676542043686,2.6082592010498047,-0.6853032112121582,0.42200028896331787,0.03439171984791756,0.15183691680431366,0.0013179168043136735,0.07401874722002606
1789260142.0684774,-0.992548942565918,-0.08315983414649963,1.090029001235962,-2.650710344314575,0.14426283538341522,2.6086723804473877,-0.679280161857605,0.421845942735672,0.031707070767879486,0.15179426968097687,0.0012752696809768815,0.06852804325551864
1789260142.10207,-0.9848658442497253,-0.08255375921726227,1.0751696825027466,-2.6518070697784424,0.14228203892707825,2.6091039180755615,-0.6733756065368652,0.42173221707344055,0.02877289056777954,0.15177516639232635,0.0012561663923263688,0.07132624918176021
1789260142.1356452,-0.9773961305618286,-0.08205568790435791,1.0609523057937622,-2.652527093887329,0.14033623039722443,2.609339475631714,-0.6676790118217468,0.42173150181770325,0.026029232889413834,0.15186470746994019,0.0013457074699401994,0.07401874722002606
1789260142.1692607,-0.9693384170532227,-0.08168572932481766,1.0463865995407104,-2.653271436691284,0.13827720284461975,2.6096200942993164,-0.6618068218231201,0.4217182397842407,0.02336796745657921,0.15197937190532684,0.0014603719053268571,0.09691329395132914
1789260142.2029352,-0.9613466262817383,-0.08120949566364288,1.0313103199005127,-2.654036521911621,0.13621799647808075,2.609905242919922,-0.6558188199996948,0.4216825067996979,0.02048601396381855,0.15207016468048096,0.001551164680480971,0.10653118153060223
1789260142.2365525,-0.953995406627655,-0.08073697984218597,1.0169075727462769,-2.654788017272949,0.13428205251693726,2.6101737022399902,-0.650153398513794,0.4216184616088867,0.017618684098124504,0.15213657915592194,0.00161757915592195,0.11364091540157657
1789260142.270148,-0.9461644291877747,-0.08029135316610336,1.0023528337478638,-2.655557870864868,0.13222120702266693,2.6104483604431152,-0.6443291306495667,0.42152294516563416,0.01488535013049841,0.15219897031784058,0.00167997031784059,0.12354070345060089
1789260142.303756,-0.938197910785675,-0.07987510412931442,0.9879058003425598,-2.656351327896118,0.13020968437194824,2.6107161045074463,-0.6385000348091125,0.4213920533657074,0.012253114022314548,0.1522478610277176,0.0017288610277176042,0.12972151222939818
1789260142.337375,-0.9306771159172058,-0.079409159719944,0.9729372262954712,-2.6570968627929688,0.1282365620136261,2.611006498336792,-0.6326180100440979,0.421279639005661,0.009232398122549057,0.15230946242809296,0.0017904624280929704,0.1370561110185936
1789260142.3710113,-0.9227623343467712,-0.07895246148109436,0.9583150744438171,-2.657874584197998,0.1262216717004776,2.6112794876098633,-0.6267315745353699,0.42111435532569885,0.006520105060189962,0.15234212577342987,0.0018231257734298845,0.14265252599748507
1789260142.404551,-0.9150958061218262,-0.0785367488861084,0.9442114233970642,-2.6586415767669678,0.12423735111951828,2.61153507232666,-0.6210945248603821,0.4209274351596832,0.0039160000160336494,0.15236490964889526,0.0018459096488952775,0.145369962588823
1789260142.4382117,-0.9071494340896606,-0.07808295637369156,0.9291129112243652,-2.6594369411468506,0.12223126739263535,2.6118266582489014,-0.6150983572006226,0.420722097158432,0.0010280925780534744,0.15238893032073975,0.00186993032073976,0.1480375253231069
1789260142.4718144,-0.8996870517730713,-0.07760925590991974,0.9148087501525879,-2.660208225250244,0.12026678025722504,2.6120927333831787,-0.6094207167625427,0.4204895496368408,-0.0017275589052587748,0.15238462388515472,0.001865623885154738,0.1480375253231069
1789260142.505452,-0.891830563545227,-0.07717370986938477,0.9003089666366577,-2.6609840393066406,0.11821408569812775,2.612356424331665,-0.6036070585250854,0.4202396869659424,-0.004401735495775938,0.15238496661186218,0.0018659666118621965,0.1480375253231069
1789260142.5390759,-0.8838374614715576,-0.07675936818122864,0.8855881690979004,-2.6617348194122314,0.11616180092096329,2.612642765045166,-0.5976988673210144,0.4199908971786499,-0.007107614539563656,0.15239888429641724,0.0018798842964172502,0.1506578634376723
1789260142.5726206,-0.8764786720275879,-0.07627533376216888,0.8707438707351685,-2.662473440170288,0.11424634605646133,2.6129322052001953,-0.5918591022491455,0.4197140336036682,-0.010112028568983078,0.1523926854133606,0.0018736854133606096,0.15195108845669586
1789260142.6062014,-0.8684375882148743,-0.07584110647439957,0.8562450408935547,-2.663252353668213,0.11218824237585068,2.613194704055786,-0.5860083699226379,0.41940104961395264,-0.012695210054516792,0.15236656367778778,0.0018475636777877946,0.145369962588823
1789260142.639787,-0.860832929611206,-0.07540655881166458,0.8420502543449402,-2.664001703262329,0.11027827113866806,2.6134612560272217,-0.580358624458313,0.4190797507762909,-0.015327613800764084,0.15233565866947174,0.0018166586694717546,0.1412742076966625
1789260142.6733599,-0.8529425263404846,-0.0749325230717659,0.826927125453949,-2.6647610664367676,0.10823924094438553,2.613748073577881,-0.574383020401001,0.4187304973602295,-0.018214106559753418,0.1523047238588333,0.0017857238588333268,0.13847642022149
1789260142.7069669,-0.8451611995697021,-0.07445549964904785,0.8122129440307617,-2.665522813796997,0.10626133531332016,2.614015817642212,-0.5684900283813477,0.41835445165634155,-0.02097134478390217,0.15225201845169067,0.0017330184516906877,0.12972151222939818
1789260142.7405212,-0.8375191688537598,-0.0740380808711052,0.7982045412063599,-2.666226863861084,0.10432372987270355,2.6142866611480713,-0.5628470182418823,0.417999804019928,-0.023500757291913033,0.15221348404884338,0.0016944840488433976,0.1282042487280194
1789260142.7741263,-0.8296248316764832,-0.07361213117837906,0.7834109663963318,-2.6670002937316895,0.10234425961971283,2.614560127258301,-0.5569400787353516,0.41758501529693604,-0.026240037754178047,0.15215715765953064,0.0016381576595306535,0.11869406681127799
1789260142.8077343,-0.822303831577301,-0.07310954481363297,0.7688691020011902,-2.6677234172821045,0.10044314712285995,2.6148366928100586,-0.5512263178825378,0.41715383529663086,-0.029098546132445335,0.15208180248737335,0.001562802487373366,0.11014342980975618
1789260142.8413417,-0.8146068453788757,-0.07270990312099457,0.7548449039459229,-2.66850209236145,0.09844346344470978,2.6150920391082764,-0.5456488728523254,0.41670286655426025,-0.0315995030105114,0.15199747681617737,0.001478476816177382,0.09891171693842998
1789260142.8749466,-0.8072085976600647,-0.0722876712679863,0.7406429052352905,-2.669243335723877,0.0965447649359703,2.6153483390808105,-0.5401363372802734,0.4162358343601227,-0.03428629785776138,0.15191546082496643,0.0013964608249664445,0.09065408419654447
1789260142.9085405,-0.7999130487442017,-0.0718335211277008,0.7263820171356201,-2.6699624061584473,0.0946243479847908,2.6156208515167236,-0.534583568572998,0.4157531261444092,-0.03703153505921364,0.1518259346485138,0.0013069346485138078,0.07912937001338383
1789260142.9421544,-0.7937911152839661,-0.0714406818151474,0.7146284580230713,-2.6706039905548096,0.09308456629514694,2.6158604621887207,-0.5300271511077881,0.41531988978385925,-0.039240166544914246,0.15172433853149414,0.0012053385314941545,0.0625572578997782
1789260142.9757082,-0.7902554869651794,-0.07120982557535172,0.7078160047531128,-2.670895576477051,0.09214165806770325,2.615952730178833,-0.5275225639343262,0.41509175300598145,-0.04052525386214256,0.15168601274490356,0.0011670127449035783,0.05595291190411357
1789260143.0093255,-0.7867591977119446,-0.07109656929969788,0.7009183764457703,-2.6712841987609863,0.09119418263435364,2.6160812377929688,-0.5249032974243164,0.4148283004760742,-0.04187377542257309,0.15165449678897858,0.0011354967889785905,0.059347025446578223
1789260143.0429702,-0.7833476066589355,-0.07085726410150528,0.6937795281410217,-2.671628713607788,0.09027191996574402,2.6162171363830566,-0.5222517848014832,0.4145555794239044,-0.043338000774383545,0.15160119533538818,0.0010821953353881975,0.05233915627441309
1789260143.076613,-0.7800679802894592,-0.07058165967464447,0.6901243329048157,-2.6718735694885254,0.08957388252019882,2.616347312927246,-0.5194413065910339,0.4144380986690521,-0.043438900262117386,0.15150463581085205,0.0009856358108520646,0.03956468264845247
1789260143.110225,-0.7735192775726318,-0.07029501348733902,0.6903833150863647,-2.67167592048645,0.08930844813585281,2.616386890411377,-0.5126187801361084,0.41479063034057617,-0.040597159415483475,0.1514795869588852,0.0009605869588852067,0.03956468264845247
1789260143.1438928,-0.7662239074707031,-0.07011637836694717,0.6914423108100891,-2.6715269088745117,0.08903170377016068,2.616394519805908,-0.5057553052902222,0.4151575565338135,-0.037130411714315414,0.15145516395568848,0.0009361639556884904,0.03956468264845247
1789260143.1775396,-0.7597849369049072,-0.06991391628980637,0.6918059587478638,-2.6712217330932617,0.08882492780685425,2.616394281387329,-0.4990091621875763,0.4155227541923523,-0.03429559990763664,0.15148988366127014,0.0009708836612701555,0.048456642643301504
1789260143.2111292,-0.7494314908981323,-0.06938903033733368,0.6919186115264893,-2.67085862159729,0.08861508965492249,2.6163926124572754,-0.4886200428009033,0.4159691333770752,-0.02989223226904869,0.1514447033405304,0.0009257033405304094,0.048456642643301504
1789260143.2446842,-0.7347345352172852,-0.06897101551294327,0.6935749053955078,-2.6703150272369385,0.08808387815952301,2.6163549423217773,-0.47456440329551697,0.4165950119495392,-0.023070035502314568,0.1514665186405182,0.0009475186405182023,0.048456642643301504
1789260143.2782977,-0.7194619178771973,-0.06847512722015381,0.6950300335884094,-2.6697254180908203,0.08762640506029129,2.6162350177764893,-0.4597235321998596,0.4171122908592224,-0.016063524410128593,0.1514759063720703,0.0009569063720703264,0.044234660174789026
1789260143.3120227,-0.7050866484642029,-0.06791308522224426,0.6959177851676941,-2.6690993309020996,0.08719639480113983,2.616142511367798,-0.4451303482055664,0.41751760244369507,-0.009643197990953922,0.15148955583572388,0.0009705558357238908,0.048456642643301504
1789260143.345648,-0.6912416815757751,-0.06729301810264587,0.6967106461524963,-2.668562173843384,0.08680025488138199,2.616011381149292,-0.4310295879840851,0.41776198148727417,-0.003467652015388012,0.15145160257816315,0.0009326025781631608,0.044234660174789026
1789260143.3792653,-0.6760954856872559,-0.06682787835597992,0.6982501149177551,-2.667968273162842,0.08626089245080948,2.6158721446990967,-0.41645053029060364,0.4179515540599823,0.003540832782164216,0.1514700949192047,0.0009510949192047258,0.044234660174789026
1789260143.4129066,-0.6611490249633789,-0.06624527275562286,0.6993305683135986,-2.6673245429992676,0.08580194413661957,2.6157498359680176,-0.4014787971973419,0.4180455803871155,0.010301245376467705,0.15147791802883148,0.0009589180288314958,0.048456642643301504
1789260143.4464853,-0.6468780040740967,-0.06574780493974686,0.7004988789558411,-2.666743516921997,0.0853334367275238,2.6156165599823,-0.38733696937561035,0.4180184006690979,0.016807030886411667,0.1514890342950821,0.0009700342950821061,0.048456642643301504
1789260143.4800935,-0.6323995590209961,-0.06517595797777176,0.7015123963356018,-2.666149377822876,0.08488751202821732,2.615487575531006,-0.3728417158126831,0.4178864061832428,0.02334737777709961,0.15148398280143738,0.0009649828014373918,0.05233915627441309
1789260143.5137014,-0.6176871657371521,-0.06466646492481232,0.7027636766433716,-2.6655821800231934,0.08442051708698273,2.615346670150757,-0.3582914471626282,0.4176296889781952,0.030073631554841995,0.15148474276065826,0.000965742760658278,0.05595291190411357
1789260143.5472825,-0.6029766798019409,-0.06413163989782333,0.7039507627487183,-2.6649982929229736,0.08394108712673187,2.615222454071045,-0.3437524139881134,0.41727572679519653,0.03677422180771828,0.15148596465587616,0.0009669646558761735,0.05233915627441309
1789260143.5808437,-0.5883445739746094,-0.0635608583688736,0.7049759030342102,-2.6644394397735596,0.08349969983100891,2.615093946456909,-0.3290824294090271,0.4168069660663605,0.04337570071220398,0.151469424366951,0.0009504243669510026,0.05595291190411357
1789260143.6145215,-0.5740824341773987,-0.06303763389587402,0.7061728239059448,-2.6638808250427246,0.08304210752248764,2.614956855773926,-0.3149314522743225,0.41624802350997925,0.04988203942775726,0.15146471560001373,0.0009457156000137468,0.05233915627441309
1789260143.6480823,-0.5591163635253906,-0.062452077865600586,0.7072491645812988,-2.6632680892944336,0.08257582783699036,2.6148290634155273,-0.3000745475292206,0.41557449102401733,0.05663590133190155,0.15146209299564362,0.0009430929956436296,0.059347025446578223
1789260143.6816618,-0.5447254776954651,-0.0619434118270874,0.7085555791854858,-2.66268253326416,0.08208974450826645,2.614691972732544,-0.2859047055244446,0.41480863094329834,0.06322501599788666,0.15147031843662262,0.0009513184366226335,0.06561060592844098
1789260143.715286,-0.5301978588104248,-0.06138334795832634,0.7095977067947388,-2.6621012687683105,0.08164475113153458,2.614560127258301,-0.27133700251579285,0.413939505815506,0.06975968927145004,0.1514655500650406,0.0009465500650406022,0.06852804325551864
1789260143.7488348,-0.5154982805252075,-0.060837384313344955,0.7108281254768372,-2.6615233421325684,0.08118204027414322,2.6144216060638428,-0.25686779618263245,0.41293835639953613,0.07642722874879837,0.15146073698997498,0.0009417369899749894,0.07132624918176021
1789260143.7824566,-0.5029785633087158,-0.06046002358198166,0.7117883563041687,-2.661120891571045,0.08094926923513412,2.614301919937134,-0.2448987066745758,0.41197776794433594,0.082046277821064,0.15145468711853027,0.0009356871185302873,0.07132624918176021
1789260143.8160677,-0.4930367171764374,-0.06026675924658775,0.712353527545929,-2.6609044075012207,0.08077516406774521,2.6142663955688477,-0.23533257842063904,0.41115784645080566,0.08640124648809433,0.15145635604858398,0.0009373560485839982,0.07132624918176021
1789260143.8496664,-0.4836918115615845,-0.059992026537656784,0.7127606868743896,-2.6606369018554688,0.08069860935211182,2.614243507385254,-0.22628366947174072,0.41037487983703613,0.09045656770467758,0.15145361423492432,0.0009346142349243303,0.08156468806857739
1789260143.883268,-0.47431474924087524,-0.05976667255163193,0.713825523853302,-2.6603751182556152,0.08051222562789917,2.6141607761383057,-0.21671827137470245,0.4094768464565277,0.09477034956216812,0.1514487862586975,0.0009297862586975236,0.08392937202498843
1789260143.9168906,-0.47209233045578003,-0.05831320211291313,0.7150558829307556,-2.658557653427124,0.07789302617311478,2.613339900970459,-0.21262811124324799,0.4096277356147766,0.0964261144399643,0.15152977406978607,0.0010107740697860856,0.05233915627441309
1789260143.9504802,-0.4734645485877991,-0.05432067811489105,0.7157817482948303,-2.654083013534546,0.07279444485902786,2.612478017807007,-0.20927613973617554,0.41105180978775024,0.09689352661371231,0.1517362743616104,0.0012172743616104265,0.07132624918176021
1789260143.9840865,-0.47454333305358887,-0.049852900207042694,0.7170794606208801,-2.650397300720215,0.06737565249204636,2.6111013889312744,-0.205771341919899,0.411828875541687,0.09761259704828262,0.15145854651927948,0.0009395465192794938,0.08622923312351063
1789260144.017656,-0.4752357602119446,-0.04567757993936539,0.7187553644180298,-2.6464452743530273,0.062056079506874084,2.609964609146118,-0.2023436725139618,0.4127558767795563,0.09866368025541306,0.15138612687587738,0.0008671268758773942,0.10653118153060223
1789260144.0512693,-0.4771513342857361,-0.03820609301328659,0.721281111240387,-2.6389200687408447,0.05174432694911957,2.6077957153320312,-0.19603534042835236,0.4147289991378784,0.10009613633155823,0.1514146476984024,0.0008956476984024186,0.12354070345060089
1789260144.0848408,-0.47999632358551025,-0.02754749357700348,0.7244973182678223,-2.6281578540802,0.03816865012049675,2.604999542236328,-0.18789787590503693,0.41767263412475586,0.10196322947740555,0.151502326130867,0.0009833261308670183,0.14401765375946743
1789260144.1184857,-0.48294180631637573,-0.016487568616867065,0.7279717326164246,-2.6178195476531982,0.023671137169003487,2.601747989654541,-0.17917388677597046,0.4202556312084198,0.10379864275455475,0.15127652883529663,0.0007575288352966447,0.21850322975887923
1789260144.1520414,-0.4856797158718109,-0.005359475500881672,0.7314752340316772,-2.6071054935455322,0.009352979250252247,2.5988168716430664,-0.17065757513046265,0.42306241393089294,0.10577995330095291,0.15119847655296326,0.0006794765529632707,0.25564439666474065
1789260144.1856117,-0.4887998104095459,0.006988096050918102,0.7351926565170288,-2.595229387283325,-0.006662944331765175,2.595522403717041,-0.16122885048389435,0.42620617151260376,0.10783171653747559,0.15111444890499115,0.0005954489049911638,0.2887140663131333
1789260144.2191591,-0.492357075214386,0.020706743001937866,0.7394664287567139,-2.5819380283355713,-0.02426421269774437,2.5917673110961914,-0.1505686491727829,0.4297400414943695,0.11010435223579407,0.1510605365037918,0.0005415365037918229,0.31465779040329017
1789260144.2528079,-0.49583831429481506,0.03389063477516174,0.7436891198158264,-2.568952798843384,-0.041719429194927216,2.587991952896118,-0.14004632830619812,0.43322592973709106,0.11226420104503632,0.15108507871627808,0.00056607871627809,0.32142541640391115
1789260144.2864351,-0.4992750883102417,0.047512173652648926,0.7481047511100769,-2.5558292865753174,-0.059300437569618225,2.5841903686523438,-0.12935173511505127,0.43670138716697693,0.11453039199113846,0.15103115141391754,0.0005121514139175554,0.3304306964646186
1789260144.3200617,-0.5027581453323364,0.060825616121292114,0.7522264719009399,-2.542711019515991,-0.07662434130907059,2.580517530441284,-0.11891096830368042,0.4403080344200134,0.11658847332000732,0.15109917521476746,0.0005801752147674699,0.3071048841404182
1789260144.3536396,-0.5060152411460876,0.07347182929515839,0.7561797499656677,-2.5307164192199707,-0.09303977340459824,2.5769853591918945,-0.10915593802928925,0.4435119926929474,0.1184876337647438,0.15100738406181335,0.0004883840618133684,0.3039024440955947
1789260144.387248,-0.5093305706977844,0.08618135750293732,0.7601183652877808,-2.5181901454925537,-0.10958404093980789,2.573547601699829,-0.09923596680164337,0.44701364636421204,0.12037263065576553,0.15110723674297333,0.0005882367429733415,0.25640865792940004
1789260144.420989,-0.5125390887260437,0.09893948584794998,0.7641770839691162,-2.506070613861084,-0.126215398311615,2.5699355602264404,-0.08932346850633621,0.450274795293808,0.12226302921772003,0.1510469913482666,0.0005279913482666154,0.23069991251677843
1789260144.4545562,-0.5152623653411865,0.10958369076251984,0.7677273750305176,-2.495089292526245,-0.14002959430217743,2.5669751167297363,-0.08064612746238708,0.4534297287464142,0.12395022809505463,0.15133309364318848,0.0008140936431884904,0.1506578634376723
1789260144.488125,-0.5171515345573425,0.11641272157430649,0.7695299386978149,-2.4891107082366943,-0.1489572525024414,2.5649936199188232,-0.07539719343185425,0.4550049304962158,0.1246185302734375,0.15111160278320312,0.0005926027832031389,0.16192549306284887
1789260144.521666,-0.5186781287193298,0.12258056551218033,0.7715792059898376,-2.4831418991088867,-0.15686796605587006,2.5633835792541504,-0.07045069336891174,0.45667076110839844,0.12556278705596924,0.15115244686603546,0.0006334468660354753,0.12511453444308365
1789260144.5552266,-0.520260214805603,0.12857240438461304,0.7736157178878784,-2.477119207382202,-0.16500680148601532,2.561642646789551,-0.06522680819034576,0.458382248878479,0.12643471360206604,0.1512637734413147,0.0007447734413147111,0.08846932694105811
1789260144.5888596,-0.5217971205711365,0.13366267085075378,0.7753918766975403,-2.471409559249878,-0.17158009111881256,2.559903144836426,-0.062149956822395325,0.4600897431373596,0.12714378535747528,0.15155614912509918,0.001037149125099196,0.027976455118293345
1789260144.622497,-0.5240049958229065,0.13956841826438904,0.776268482208252,-2.4651541709899902,-0.1786983609199524,2.556380033493042,-0.0663384348154068,0.4617868661880493,0.12705466151237488,0.15157729387283325,0.0010582938728332658,0.08156468806857739
1789260144.6560423,-0.5263142585754395,0.14668196439743042,0.776986300945282,-2.4574170112609863,-0.18592143058776855,2.5530447959899902,-0.07148483395576477,0.4640834331512451,0.1270621418952942,0.15173795819282532,0.0012189581928253312,0.07661668268387072
1789260144.6896203,-0.5286204814910889,0.15338334441184998,0.7776934504508972,-2.4507243633270264,-0.19292598962783813,2.5495617389678955,-0.07640949636697769,0.4659164249897003,0.12691091001033783,0.15164093673229218,0.0011219367322921892,0.12972151222939818
1789260144.723293,-0.5309832692146301,0.16193810105323792,0.7787275314331055,-2.441944122314453,-0.2015465646982193,2.545940637588501,-0.08198533952236176,0.4684445858001709,0.12711697816848755,0.15167823433876038,0.0011592343387603898,0.1412742076966625
1789260144.7568507,-0.5348913669586182,0.17445307970046997,0.7805660367012024,-2.428706645965576,-0.21476858854293823,2.5393853187561035,-0.09106326848268509,0.47213947772979736,0.12719157338142395,0.1517777144908905,0.0012587144908905168,0.19382665722055112
1789260144.7904727,-0.5390989780426025,0.18734747171401978,0.7819008231163025,-2.4149880409240723,-0.22820903360843658,2.5332820415496826,-0.0999298021197319,0.47621288895606995,0.12687799334526062,0.15192243456840515,0.0014034345684051652,0.2112177217315485
1789260144.824053,-0.5435421466827393,0.2006792426109314,0.7833573222160339,-2.4014182090759277,-0.24228614568710327,2.5264971256256104,-0.1091776117682457,0.4800662100315094,0.126352921128273,0.1517968624830246,0.001277862483024611,0.26906917401866154
1789260144.8576128,-0.5477108955383301,0.21404622495174408,0.7849152684211731,-2.3873250484466553,-0.2558673024177551,2.5203440189361572,-0.11824169009923935,0.4842526316642761,0.12601664662361145,0.15189827978610992,0.0013792797861099382,0.27906453641602885
1789260144.8912344,-0.5520997643470764,0.22795666754245758,0.7867928147315979,-2.373035192489624,-0.2707188129425049,2.51332426071167,-0.12806138396263123,0.4883282780647278,0.12555237114429474,0.15181684494018555,0.0012978449401855607,0.3051874526224817
1789260144.9248803,-0.5565138459205627,0.24200601875782013,0.7885627746582031,-2.358102321624756,-0.2853896915912628,2.5065221786499023,-0.13780760765075684,0.49276620149612427,0.12497558444738388,0.1519172340631485,0.0013982340631485124,0.29739412811819066
1789260144.9585328,-0.5609766244888306,0.25590619444847107,0.7903101444244385,-2.343722105026245,-0.3000886142253876,2.499580144882202,-0.14755213260650635,0.4969651699066162,0.12419277429580688,0.15183548629283905,0.0013164862928390642,0.30001439728971957
1789260144.9921463,-0.5654709935188293,0.2699704170227051,0.7919937968254089,-2.3288843631744385,-0.3147673010826111,2.492683172225952,-0.15722870826721191,0.5013965964317322,0.12327784299850464,0.1518423706293106,0.0013233706293106218,0.28046336769824726
1789260145.0257876,-0.5694360136985779,0.28242093324661255,0.7933778762817383,-2.3159191608428955,-0.3274640142917633,2.4869017601013184,-0.16564929485321045,0.5053142309188843,0.12235728651285172,0.15178553760051727,0.0012665376005172868,0.26019629427255464
1789260145.0593853,-0.5733584761619568,0.2945973873138428,0.7946773767471313,-2.30370831489563,-0.3401361405849457,2.4809305667877197,-0.1738966405391693,0.5088900327682495,0.12126126885414124,0.15150536596775055,0.0009863659677505632,0.2594431906973403
1789260145.0930111,-0.5770276784896851,0.3068075180053711,0.7962990999221802,-2.290764331817627,-0.35274189710617065,2.4751691818237305,-0.18235541880130768,0.5128024816513062,0.12041475623846054,0.15151914954185486,0.0010001495418548723,0.21489135308816265
1789260145.126619,-0.5806483626365662,0.31765154004096985,0.797757625579834,-2.278953790664673,-0.36478137969970703,2.4694128036499023,-0.19027076661586761,0.5163840651512146,0.11930163949728012,0.1515795737504959,0.0010605737504959245,0.15450506866003139
1789260145.1601768,-0.5833703875541687,0.32531216740608215,0.7992031574249268,-2.271372079849243,-0.37236255407333374,2.4657933712005615,-0.1956656277179718,0.5185981392860413,0.11869833618402481,0.1514233946800232,0.0009043946800232072,0.15195108845669586
1789260145.1938837,-0.585303783416748,0.3305867612361908,0.8010997176170349,-2.266580581665039,-0.3786349892616272,2.4626731872558594,-0.2001410573720932,0.519770622253418,0.11859933286905289,0.15121303498744965,0.0006940349874496599,0.1631294174610896
1789260145.227536,-0.5872005224227905,0.3358382284641266,0.8030439019203186,-2.2611618041992188,-0.3845292031764984,2.4599194526672363,-0.2045939415693283,0.521300196647644,0.11858657747507095,0.15128286182880402,0.00076386182880403,0.1341703946898555
1789260145.2610855,-0.5893506407737732,0.3412264883518219,0.8049277663230896,-2.2562098503112793,-0.3906211853027344,2.456913471221924,-0.20906727015972137,0.5225850939750671,0.11837238073348999,0.15110252797603607,0.0005835279760360856,0.1480375253231069
1789260145.2946656,-0.592440128326416,0.34743234515190125,0.8098734021186829,-2.2510197162628174,-0.39846470952033997,2.452693462371826,-0.21570660173892975,0.5235717296600342,0.11917521059513092,0.15101131796836853,0.0004923179683685441,0.1866263135942662
1789260145.328258,-0.5967572331428528,0.3566717803478241,0.8174566626548767,-2.2434613704681396,-0.4095779061317444,2.4470901489257812,-0.2251046597957611,0.525040328502655,0.1207132339477539,0.15093903243541718,0.00042003243541718915,0.21489135308816265
1789260145.3618455,-0.600674569606781,0.365843802690506,0.8244839906692505,-2.236614465713501,-0.42032748460769653,2.4417238235473633,-0.23387275636196136,0.5262322425842285,0.12217424809932709,0.15061667561531067,9.76756153106828e-05,0.26979540926805484
1789260145.3954725,-0.6049327254295349,0.3751797378063202,0.8315086364746094,-2.229797840118408,-0.43121227622032166,2.436067819595337,-0.2430640012025833,0.52740478515625,0.12340568006038666,0.1502387672662735,-0.0002802327337264876,0.33861962506098686
1789260145.429095,-0.6103627681732178,0.3878740966320038,0.84141606092453,-2.220416307449341,-0.44627735018730164,2.4286749362945557,-0.25531694293022156,0.5290886163711548,0.12543247640132904,0.1499127298593521,-0.0006062701406478743,0.38765386898692206
1789260145.462695,-0.6166480183601379,0.40243592858314514,0.8529691696166992,-2.2093236446380615,-0.46324774622917175,2.4204208850860596,-0.2694385051727295,0.5312631726264954,0.12780147790908813,0.14980871975421906,-0.000710280245780931,0.3926690241331743
1789260145.4963396,-0.623325526714325,0.416770875453949,0.864361047744751,-2.198603630065918,-0.48056933283805847,2.4116196632385254,-0.2838006913661957,0.5333420038223267,0.12969830632209778,0.14968430995941162,-0.000834690040588365,0.41543006954569667
1789260145.5299666,-0.6298777461051941,0.4313735365867615,0.875533401966095,-2.187467098236084,-0.4976259768009186,2.4030373096466064,-0.298067182302475,0.5356810092926025,0.13151952624320984,0.14970208704471588,-0.0008169129552841048,0.3990945203347715
1789260145.563547,-0.635892391204834,0.44526374340057373,0.8865204453468323,-2.1771092414855957,-0.514061689376831,2.395071268081665,-0.31144705414772034,0.5378502607345581,0.1335044801235199,0.14981268346309662,-0.0007063165369033675,0.3577274477315911
1789260145.5971415,-0.6405436396598816,0.45626404881477356,0.8948113918304443,-2.1693201065063477,-0.5266242623329163,2.388519525527954,-0.3219873905181885,0.5393715500831604,0.1348734050989151,0.1497223824262619,-0.0007966175737380843,0.36045200059642807
1789260145.6308403,-0.6450685858726501,0.4664676785469055,0.9032756090164185,-2.16157865524292,-0.538962185382843,2.3826167583465576,-0.3321254849433899,0.541100263595581,0.13636676967144012,0.15004196763038635,-0.0004770323696136336,0.28803553499889245
1789260145.664511,-0.6501254439353943,0.4771444499492645,0.9116681814193726,-2.153116464614868,-0.5516344904899597,2.3763134479522705,-0.3427588641643524,0.5431667566299438,0.1374344676733017,0.15046358108520508,-5.5418914794908014e-05,0.2036717727852554
1789260145.6980968,-0.6541876196861267,0.4855303168296814,0.9182335138320923,-2.1466064453125,-0.5617188811302185,2.370832920074463,-0.3514043092727661,0.5446855425834656,0.13810209929943085,0.15073373913764954,0.00021473913764955,0.16192549306284887
1789260145.7317147,-0.6560085415840149,0.4895496070384979,0.921470046043396,-2.143789052963257,-0.566619873046875,2.3683831691741943,-0.35527852177619934,0.5452895164489746,0.13855986297130585,0.1508011370897293,0.00028213708972932294,0.145369962588823
1789260145.7652698,-0.6577905416488647,0.4936343729496002,0.9252829551696777,-2.1408450603485107,-0.5715359449386597,2.3661625385284424,-0.35934337973594666,0.5459442734718323,0.1393766701221466,0.15104101598262787,0.0005220159826278825,0.09487278508118449
1789260145.7989302,-0.6596626043319702,0.49752864241600037,0.9288074374198914,-2.1377928256988525,-0.5765032172203064,2.3637468814849854,-0.3634001910686493,0.5466865301132202,0.1399235725402832,0.15131840109825134,0.0007994010982513566,0.05233915627441309
1789260145.8325486,-0.660712718963623,0.5003576874732971,0.9301431179046631,-2.134995222091675,-0.5795202851295471,2.361666679382324,-0.3663949966430664,0.5474607944488525,0.13978128135204315,0.1514427214860916,0.0009237214860916276,0.044234660174789026
1789260145.8661578,-0.6571608185768127,0.5021015405654907,0.9265744090080261,-2.1300854682922363,-0.5785889029502869,2.360157012939453,-0.3665342330932617,0.5489788055419922,0.13956891000270844,0.15169775485992432,0.0011787548599243303,0.019782341029446364
1789260145.899744,-0.6531988978385925,0.5039130449295044,0.9220767617225647,-2.1252076625823975,-0.5771225690841675,2.35872745513916,-0.366690456867218,0.550460934638977,0.13912326097488403,0.15172110497951508,0.0012021049795150895,0.019782341029446364
1789260145.9333425,-0.6487758159637451,0.5058228969573975,0.9173629283905029,-2.1203958988189697,-0.5755831003189087,2.357100248336792,-0.3668464124202728,0.5518069863319397,0.13880395889282227,0.1516169160604477,0.0010979160604477067,0.03956468264845247
1789260145.9669173,-0.644029438495636,0.5081149339675903,0.9114945530891418,-2.114095449447632,-0.5739989280700684,2.3554439544677734,-0.36702340841293335,0.5538198351860046,0.13797780871391296,0.15165427327156067,0.0011352732715606828,0.03426402009603798
1789260146.0005245,-0.6341772675514221,0.5124263763427734,0.9010137319564819,-2.1011722087860107,-0.5701928734779358,2.3517422676086426,-0.3674391508102417,0.5577819347381592,0.13715215027332306,0.15216097235679626,0.0016419723567962785,0.06561060592844098
1789260146.0341532,-0.6232168078422546,0.5177565813064575,0.8891403675079346,-2.0880110263824463,-0.5662720799446106,2.347670793533325,-0.3678324818611145,0.5615495443344116,0.13620710372924805,0.15201418101787567,0.0014951810178756852,0.11190583714844751
1789260146.0678654,-0.6130177974700928,0.5224687457084656,0.8770720958709717,-2.0745949745178223,-0.5624004602432251,2.3438613414764404,-0.36824333667755127,0.5656590461730957,0.13464957475662231,0.15214012563228607,0.0016211256322860856,0.12511453444308365
1789260146.101541,-0.602268636226654,0.5274691581726074,0.8650669455528259,-2.061244487762451,-0.5585448741912842,2.339923620223999,-0.3686845898628235,0.5695638060569763,0.13343334197998047,0.152104914188385,0.0015859141883850236,0.14670980696444608
1789260146.1351266,-0.5906211137771606,0.5325864553451538,0.8522856831550598,-2.0463662147521973,-0.5541943907737732,2.335667848587036,-0.3691338300704956,0.5739734768867493,0.13217946887016296,0.15235650539398193,0.0018375053939819475,0.15949038294479406
1789260146.1687553,-0.5788631439208984,0.5379747152328491,0.8395170569419861,-2.031895160675049,-0.5499704480171204,2.3312435150146484,-0.36962971091270447,0.5780797004699707,0.13100263476371765,0.15230827033519745,0.0017892703351974626,0.16902045629320203
1789260146.2023358,-0.5671083927154541,0.5433860421180725,0.8265771865844727,-2.0172431468963623,-0.545601487159729,2.3268990516662598,-0.3700922727584839,0.582246720790863,0.12971846759319305,0.15225696563720703,0.0017379656372070451,0.17582936122100767
1789260146.2359354,-0.555553138256073,0.548974871635437,0.813408613204956,-2.002498149871826,-0.541293740272522,2.3226158618927,-0.37057992815971375,0.5864452123641968,0.1281803846359253,0.15209153294563293,0.0015725329456329484,0.17693870661400976
1789260146.2695556,-0.5444796085357666,0.5539910793304443,0.8012241721153259,-1.9887181520462036,-0.5373368263244629,2.3185336589813232,-0.37100502848625183,0.590313732624054,0.12692534923553467,0.15202178061008453,0.0015027806100845476,0.16071255014426922
1789260146.303168,-0.5330548286437988,0.5591723322868347,0.7883027195930481,-1.9739141464233398,-0.5330364108085632,2.3142848014831543,-0.37145349383354187,0.5945380330085754,0.125382661819458,0.15206724405288696,0.0015482440528869768,0.13847642022149
1789260146.3367558,-0.5219529271125793,0.5641037821769714,0.7763745188713074,-1.960237741470337,-0.5290346741676331,2.3102223873138428,-0.3718934655189514,0.5982905626296997,0.12427843362092972,0.15201841294765472,0.001499412947654738,0.11190583714844751
1789260146.370355,-0.5108373761177063,0.5693768858909607,0.7639004588127136,-1.946030616760254,-0.5248160362243652,2.306098222732544,-0.37232643365859985,0.6022028923034668,0.12285313010215759,0.15187300741672516,0.0013540074167251726,0.09278741380920028
1789260146.4039612,-0.5033597946166992,0.572909414768219,0.7553136944770813,-1.9366381168365479,-0.5223280191421509,2.303420066833496,-0.3728777766227722,0.6047900319099426,0.12176541984081268,0.15167690813541412,0.0011579081354141374,0.06561060592844098
1789260146.4375734,-0.4985802173614502,0.5753770470619202,0.7495980858802795,-1.9305064678192139,-0.5205370783805847,2.3012940883636475,-0.37351369857788086,0.6063865423202515,0.12091332674026489,0.15141184628009796,0.0008928462800979753,0.08156468806857739
1789260146.4711926,-0.4932701587677002,0.5779294967651367,0.7441839575767517,-1.9235891103744507,-0.518671989440918,2.2994136810302734,-0.3741414248943329,0.6082724332809448,0.12053824216127396,0.1514873057603836,0.0009683057603836198,0.06561060592844098
1789260146.504836,-0.4885009229183197,0.580083429813385,0.7390145659446716,-1.9172987937927246,-0.5169371366500854,2.297358274459839,-0.37478476762771606,0.6099631190299988,0.11996598541736603,0.15155044198036194,0.0010314419803619523,0.059347025446578223
1789260146.538441,-0.4858250319957733,0.5839851498603821,0.7361542582511902,-1.910545825958252,-0.516455352306366,2.294118881225586,-0.3824358582496643,0.6115444898605347,0.11937423050403595,0.15133295953273773,0.0008139595327377458,0.11534989781745353
1789260146.5720384,-0.4831988513469696,0.5894153118133545,0.7329367995262146,-1.8999295234680176,-0.5164101123809814,2.290095090866089,-0.3945307731628418,0.6144775748252869,0.11821866035461426,0.15168416500091553,0.0011651650009155412,0.08156468806857739
1789260146.605679,-0.48103249073028564,0.5946450233459473,0.7294645309448242,-1.890058159828186,-0.5164569616317749,2.2860279083251953,-0.40631183981895447,0.6171582937240601,0.1166394054889679,0.15177203714847565,0.0012530371484756608,0.07912937001338383
1789260146.6392717,-0.478625625371933,0.60029536485672,0.7260231375694275,-1.8797693252563477,-0.5165310502052307,2.2819409370422363,-0.4186110496520996,0.6199018359184265,0.11520052701234818,0.1517976075410843,0.0012786075410843034,0.09065408419654447
1789260146.67289,-0.4751339554786682,0.6078914999961853,0.7216345071792603,-1.8653359413146973,-0.5166297554969788,2.276590585708618,-0.4349428713321686,0.6238051056861877,0.11349502950906754,0.15209521353244781,0.0015762135324478288,0.09065408419654447
1789260146.70646,-0.4714497923851013,0.6153220534324646,0.7168563008308411,-1.8510137796401978,-0.516625702381134,2.270873546600342,-0.4514203369617462,0.6275699734687805,0.11160478740930557,0.15228015184402466,0.001761151844024672,0.09278741380920028
1789260146.7401004,-0.46772125363349915,0.6230283379554749,0.7118420600891113,-1.8362934589385986,-0.5166432857513428,2.265045166015625,-0.468348890542984,0.6314067840576172,0.10953345149755478,0.15237998962402344,0.0018609896240234514,0.09691329395132914
1789260146.773681,-0.46376875042915344,0.6309757232666016,0.706935703754425,-1.821966290473938,-0.516687273979187,2.259150981903076,-0.4853251874446869,0.6349529027938843,0.10768251866102219,0.15218396484851837,0.0016649648485183854,0.10653118153060223
1789260146.807275,-0.4602310061454773,0.638671338558197,0.7018452882766724,-1.8072891235351562,-0.5167254209518433,2.2532565593719482,-0.5022285580635071,0.6386980414390564,0.10536558926105499,0.15217463672161102,0.0016556367216110368,0.09691329395132914
1789260146.84087,-0.456542044878006,0.6462836265563965,0.6970253586769104,-1.7925618886947632,-0.516759991645813,2.247572898864746,-0.5190491676330566,0.6424465775489807,0.103282630443573,0.1522727757692337,0.0017537757692337175,0.09065408419654447
1789260146.87449,-0.4528787136077881,0.6537855863571167,0.6923487782478333,-1.7786847352981567,-0.5168017745018005,2.2419679164886475,-0.5352808237075806,0.6458238959312439,0.10132812708616257,0.15210506319999695,0.001586063199996962,0.08622923312351063
1789260146.908034,-0.44899827241897583,0.6617882251739502,0.6873748898506165,-1.7637248039245605,-0.5168392062187195,2.23610258102417,-0.5523812770843506,0.6494717597961426,0.09919653087854385,0.15196385979652405,0.0014448597965240617,0.08156468806857739
1789260146.941629,-0.4459913969039917,0.6682157516479492,0.6832525730133057,-1.7512201070785522,-0.5168631076812744,2.231307029724121,-0.5669716000556946,0.6525702476501465,0.09724704176187515,0.15197791159152985,0.00145891159152986,0.06561060592844098
1789260146.9752612,-0.4442934989929199,0.6722040176391602,0.6805357336997986,-1.7438045740127563,-0.516863226890564,2.228578805923462,-0.5755249857902527,0.6543999314308167,0.09588276594877243,0.15182612836360931,0.0013071283636093278,0.048456642643301504
1789260147.0088935,-0.4425460398197174,0.6755587458610535,0.6780198812484741,-1.736804485321045,-0.5168606638908386,2.2258522510528564,-0.583845317363739,0.6561388969421387,0.0946662425994873,0.1518988460302353,0.0013798460302353044,0.027976455118293345
1789260147.0424726,-0.4407883584499359,0.6791152358055115,0.6754850149154663,-1.730228304862976,-0.5168466567993164,2.2230758666992188,-0.5920450687408447,0.6576486229896545,0.09350098669528961,0.1516789346933365,0.0011599346933365007,0.03956468264845247
1789260147.076101,-0.43910732865333557,0.6820963621139526,0.6745172142982483,-1.7256152629852295,-0.5171029567718506,2.2205986976623535,-0.5963566303253174,0.6584736108779907,0.0934353619813919,0.15138937532901764,0.000870375329017653,0.09065408419654447
1789260147.1096566,-0.43638941645622253,0.6853882670402527,0.6775931715965271,-1.7230459451675415,-0.5213990807533264,2.2178359031677246,-0.593599796295166,0.6583497524261475,0.09636275470256805,0.1510309875011444,0.000511987501144423,0.145369962588823
1789260147.143284,-0.4328952133655548,0.6890127062797546,0.6826262474060059,-1.7204781770706177,-0.5261460542678833,2.2151944637298584,-0.589924693107605,0.658072829246521,0.10098487883806229,0.1509600132703781,0.00044101327037812665,0.15949038294479406
1789260147.1769283,-0.4295556843280792,0.6923795938491821,0.6876213550567627,-1.7179509401321411,-0.5309143662452698,2.2125167846679688,-0.586324155330658,0.6578081250190735,0.1054510846734047,0.1510172039270401,0.000498203927040114,0.16432452156180907
1789260147.2106009,-0.42622828483581543,0.6969524025917053,0.6935027241706848,-1.7148720026016235,-0.5368034243583679,2.209583282470703,-0.5822210907936096,0.6575309038162231,0.11032553017139435,0.150823712348938,0.00030471234893800214,0.17582936122100767
1789260147.244235,-0.4187682569026947,0.7058578729629517,0.7036792039871216,-1.7072895765304565,-0.5485554337501526,2.202516555786133,-0.5730635523796082,0.6572792530059814,0.11929339915513992,0.15068426728248596,0.00016526728248597577,0.216704816531638
1789260147.2778728,-0.4101508557796478,0.7160106897354126,0.7160812616348267,-1.7010128498077393,-0.5610739588737488,2.1952106952667236,-0.5638720393180847,0.6559278964996338,0.13044923543930054,0.14994271099567413,-0.0005762890043258528,0.3102742728505004
1789260147.3115408,-0.4016439616680145,0.725896954536438,0.7287213802337646,-1.693973183631897,-0.5737404227256775,2.1881508827209473,-0.5545234680175781,0.6548563241958618,0.14150074124336243,0.14980743825435638,-0.0007115617456436019,0.32625916551478834
1789260147.3451617,-0.39343440532684326,0.7361651062965393,0.7415962815284729,-1.6866908073425293,-0.5868008136749268,2.1810083389282227,-0.5449848771095276,0.653728187084198,0.15236756205558777,0.14969445765018463,-0.0008245423498153548,0.3286493810354792
1789260147.3788273,-0.3837786614894867,0.7476844787597656,0.75578773021698,-1.6776844263076782,-0.6019545793533325,2.172224521636963,-0.5338240265846252,0.6525110006332397,0.16436362266540527,0.14985191822052002,-0.0006670817794799666,0.31775185295763164
1789260147.4124606,-0.37409716844558716,0.7594730854034424,0.7701486945152283,-1.6694879531860352,-0.6169645190238953,2.1639161109924316,-0.5228561758995056,0.6508110761642456,0.17654088139533997,0.14974749088287354,-0.000771509117126451,0.3140353198057528
1789260147.446085,-0.36413848400115967,0.771327793598175,0.7847006916999817,-1.661283254623413,-0.6320188045501709,2.1552324295043945,-0.5116727948188782,0.6488218307495117,0.18884240090847015,0.1497384011745453,-0.000780598825454698,0.31589905197193274
1789260147.4797466,-0.3549889028072357,0.7822278738021851,0.7983739972114563,-1.652921438217163,-0.6462768912315369,2.1470351219177246,-0.5010362267494202,0.6471751928329468,0.2000488042831421,0.15019448101520538,-0.00032451898479460284,0.2594431906973403
1789260147.5134344,-0.3480008542537689,0.7908207774162292,0.8090280294418335,-1.64768385887146,-0.6566184759140015,2.1416008472442627,-0.4938066899776459,0.6453694105148315,0.208955317735672,0.15017086267471313,-0.0003481373252868514,0.24549258269372118
1789260147.5470595,-0.34283968806266785,0.7971241474151611,0.8166422843933105,-1.6427956819534302,-0.6648586988449097,2.1367037296295166,-0.4875015318393707,0.6443600654602051,0.21505533158779144,0.15043507516384125,-8.392483615873858e-05,0.2121420935987288
1789260147.580707,-0.3376960754394531,0.8030915856361389,0.8241873383522034,-1.637787938117981,-0.6729302406311035,2.132209300994873,-0.4814969301223755,0.6434865593910217,0.2211058884859085,0.15096350014209747,0.000444500142097487,0.1412742076966625
1789260147.61436,-0.3320698142051697,0.8089950084686279,0.8310989141464233,-1.6329054832458496,-0.6810227036476135,2.1275975704193115,-0.4752814769744873,0.6424818634986877,0.22706203162670135,0.1513008177280426,0.0007818177280426164,0.08846932694105811
1789260147.647982,-0.3302386999130249,0.8114162087440491,0.8345112800598145,-1.631491780281067,-0.6848471164703369,2.126315116882324,-0.47370705008506775,0.6419917941093445,0.2296123504638672,0.15146242082118988,0.0009434208211898942,0.03956468264845247
1789260147.681599,-0.33390700817108154,0.8127917051315308,0.8374590873718262,-1.631435751914978,-0.687174916267395,2.1251204013824463,-0.4736987054347992,0.6422988176345825,0.22860418260097504,0.15155668556690216,0.0010376855669021745,0.044234660174789026
1789260147.7152255,-0.33723536133766174,0.8143959641456604,0.8402347564697266,-1.6316124200820923,-0.690097451210022,2.123812198638916,-0.47369125485420227,0.6424451470375061,0.22767841815948486,0.15138620138168335,0.0008672013816833635,0.0625572578997782
1789260147.7488654,-0.3403733968734741,0.8160086870193481,0.8436431288719177,-1.6318329572677612,-0.6931178569793701,2.122797966003418,-0.4737170338630676,0.6425139307975769,0.22726795077323914,0.15142369270324707,0.0009046927032470842,0.05595291190411357
1789260147.7824805,-0.3496171832084656,0.818403959274292,0.8507441878318787,-1.6343692541122437,-0.6986145377159119,2.12146258354187,-0.4756067991256714,0.6426090598106384,0.22502663731575012,0.15135155618190765,0.0008325561819076677,0.08622923312351063
1789260147.8160965,-0.36308497190475464,0.8214935660362244,0.8587501645088196,-1.6368472576141357,-0.705819845199585,2.1186270713806152,-0.4781546890735626,0.643371045589447,0.2202378213405609,0.151123046875,0.0006040468750000139,0.12972151222939818
1789260147.8497345,-0.3765767812728882,0.8247262835502625,0.8658252358436584,-1.638939380645752,-0.7129918932914734,2.1165454387664795,-0.4806782007217407,0.6444671154022217,0.21497894823551178,0.1507648378610611,0.00024583786106111005,0.14935344105781187
1789260147.883329,-0.38993093371391296,0.8283107280731201,0.8742183446884155,-1.6417025327682495,-0.7203989028930664,2.114335298538208,-0.4833689033985138,0.6450416445732117,0.21061058342456818,0.1504361778497696,-8.282215023039385e-05,0.18767184827349362
1789260147.9169736,-0.40394970774650574,0.8318080902099609,0.8831680417060852,-1.6445183753967285,-0.7283411622047424,2.112083911895752,-0.4862416386604309,0.6457276344299316,0.20606498420238495,0.15035897493362427,-0.00016002506637571856,0.19483355668961086
1789260147.9506207,-0.4180092513561249,0.8350905776023865,0.8919581770896912,-1.6472054719924927,-0.7362018823623657,2.109806776046753,-0.48914119601249695,0.6465035080909729,0.20137211680412292,0.15043103694915771,-8.79630508422713e-05,0.18451747215888148
1789260147.9842603,-0.4328727722167969,0.8385124206542969,0.9011631608009338,-1.6498284339904785,-0.7443035840988159,2.1075353622436523,-0.49219051003456116,0.647419810295105,0.19636113941669464,0.1506408154964447,0.00012181549644471601,0.15949038294479406
1789260148.0179236,-0.447923868894577,0.8420621156692505,0.9104132652282715,-1.6527708768844604,-0.7527390122413635,2.105079174041748,-0.4953022301197052,0.6481965184211731,0.19124187529087067,0.15072482824325562,0.0002058282432556291,0.1412742076966625
1789260148.0515862,-0.46115225553512573,0.8453144431114197,0.9186511635780334,-1.655402660369873,-0.7599067091941833,2.1030173301696777,-0.49799489974975586,0.6488114595413208,0.1868533343076706,0.1508057415485382,0.00028674154853822187,0.1370561110185936
1789260148.0852294,-0.473239541053772,0.8479353785514832,0.9257245659828186,-1.6574466228485107,-0.766298770904541,2.101290464401245,-0.5005300641059875,0.6496107578277588,0.18254078924655914,0.1510717123746872,0.0005527123746872087,0.10653118153060223
1789260148.1188207,-0.485023558139801,0.8506425619125366,0.9329467415809631,-1.659713625907898,-0.7726705074310303,2.0995616912841797,-0.5030695796012878,0.6502230763435364,0.17854507267475128,0.15129981935024261,0.0007808193502426286,0.09065408419654447
1789260148.152447,-0.496955543756485,0.8533458113670349,0.940166711807251,-1.6621484756469727,-0.7789579033851624,2.0978097915649414,-0.5055898427963257,0.6507697701454163,0.17447970807552338,0.15150150656700134,0.0009825065670013566,0.09891171693842998
1789260148.186045,-0.504411518573761,0.8555551767349243,0.9449275135993958,-1.6632156372070312,-0.7841992974281311,2.095668077468872,-0.5069171190261841,0.6511491537094116,0.1717619150876999,0.1515391767024994,0.0010201767024994035,0.044234660174789026
1789260148.2197018,-0.5071192383766174,0.859912633895874,0.9503397345542908,-1.6620957851409912,-0.7898267507553101,2.092273473739624,-0.5030187368392944,0.6510970592498779,0.17209136486053467,0.1514059156179428,0.0008869156179428239,0.059347025446578223
1789260148.2532997,-0.5095422863960266,0.8646467328071594,0.9561145305633545,-1.661362648010254,-0.7957538366317749,2.0885260105133057,-0.4985250234603882,0.6507393717765808,0.1728111356496811,0.15107712149620056,0.0005581214962005754,0.1083523598284494
1789260148.2869956,-0.5125362277030945,0.8691350221633911,0.9613632559776306,-1.6601817607879639,-0.8015419244766235,2.0849804878234863,-0.494112491607666,0.6507636308670044,0.17280404269695282,0.1508675217628479,0.00034852176284791425,0.12972151222939818
1789260148.3205798,-0.5166884660720825,0.8755621314048767,0.968555212020874,-1.657856822013855,-0.809687077999115,2.0800909996032715,-0.48803213238716125,0.6510924100875854,0.17261335253715515,0.15070655941963196,0.00018755941963197187,0.14401765375946743
1789260148.3541527,-0.5232369303703308,0.8863584399223328,0.9811874032020569,-1.654606580734253,-0.823431670665741,2.0714404582977295,-0.4770309329032898,0.6512623429298401,0.17285598814487457,0.15045368671417236,-6.531328582762286e-05,0.18767184827349362
1789260148.3877645,-0.5292326211929321,0.8976463079452515,0.9936414361000061,-1.6516653299331665,-0.83737713098526,2.062708854675293,-0.46627986431121826,0.6512109637260437,0.17335551977157593,0.14988867938518524,-0.0006303206148147444,0.25868789467819786
1789260148.4213881,-0.5353707671165466,0.9088481664657593,1.0067399740219116,-1.6484544277191162,-0.8515604734420776,2.0539462566375732,-0.4554440379142761,0.6513768434524536,0.17393481731414795,0.14978891611099243,-0.0007300838890075545,0.27836248477296915
1789260148.4550598,-0.5415845513343811,0.9204827547073364,1.020319938659668,-1.6451367139816284,-0.8661199808120728,2.0451481342315674,-0.44420325756073,0.6516231298446655,0.17460189759731293,0.14980250597000122,-0.0007164940299987654,0.27836248477296915
1789260148.4887044,-0.5477672815322876,0.9311012625694275,1.0326937437057495,-1.6417182683944702,-0.8795595169067383,2.0367777347564697,-0.43374520540237427,0.6521309018135071,0.17464010417461395,0.14999030530452728,-0.0005286946954727034,0.2594431906973403
1789260148.5223942,-0.553809404373169,0.9419488310813904,1.045211911201477,-1.6386243104934692,-0.8931841850280762,2.0284855365753174,-0.4233446717262268,0.6525365710258484,0.174838125705719,0.15011978149414062,-0.00039921850585936114,0.23984831222536715
1789260148.556021,-0.5597983598709106,0.9529696702957153,1.0576331615447998,-1.635641098022461,-0.906746506690979,2.020033121109009,-0.41283661127090454,0.6528986692428589,0.1749608814716339,0.1501697450876236,-0.00034925491237638995,0.23406797725889517
1789260148.5896473,-0.5649999976158142,0.9614311456680298,1.0680450201034546,-1.6328288316726685,-0.9180452823638916,2.012531280517578,-0.40353184938430786,0.6534631848335266,0.17468418180942535,0.15069006383419037,0.0001710638341903825,0.18871159039859822
1789260148.623255,-0.5676548480987549,0.9665791988372803,1.0734295845031738,-1.6310395002365112,-0.9243452548980713,2.008928060531616,-0.3990790843963623,0.6538769006729126,0.17453011870384216,0.15075044333934784,0.00023144333934785322,0.16071255014426922
1789260148.6568456,-0.5698596835136414,0.9711374044418335,1.0782384872436523,-1.6298578977584839,-0.9296359419822693,2.005624532699585,-0.39493846893310547,0.6540139317512512,0.17459848523139954,0.15070463716983795,0.00018563716983796552,0.16071255014426922
1789260148.6904914,-0.5717239379882812,0.9751953482627869,1.0830761194229126,-1.6286547183990479,-0.9346814751625061,2.002401828765869,-0.39100757241249084,0.6541730761528015,0.17487569153308868,0.15092501044273376,0.0004060104427337785,0.14401765375946743
1789260148.7240374,-0.5736748576164246,0.9783154726028442,1.0871474742889404,-1.6273032426834106,-0.9391934871673584,1.9992808103561401,-0.3871985673904419,0.6545315980911255,0.17465470731258392,0.15131671726703644,0.0007977172670364518,0.10087055545943382
1789260148.7576385,-0.5771563053131104,0.9775739312171936,1.0872944593429565,-1.6293470859527588,-0.9390796422958374,2.0002362728118896,-0.3871241509914398,0.654541015625,0.1729837954044342,0.15120260417461395,0.0006836041746139665,0.10653118153060223
1789260148.7912621,-0.5812566876411438,0.9757184386253357,1.0864677429199219,-1.631862759590149,-0.9376690983772278,2.002002000808716,-0.3875354528427124,0.6546261310577393,0.17068630456924438,0.15112146735191345,0.000602467351913466,0.1083523598284494
1789260148.8248668,-0.5851591229438782,0.9734147787094116,1.0857434272766113,-1.6342374086380005,-0.9363001585006714,2.003774404525757,-0.3879384398460388,0.6547990441322327,0.1684872955083847,0.1513257622718811,0.0008067622718811174,0.08392937202498843
1789260148.8585787,-0.5896840691566467,0.9703407287597656,1.0853246450424194,-1.6373831033706665,-0.9347668886184692,2.005690336227417,-0.3883945941925049,0.6548687815666199,0.1661655455827713,0.1517888456583023,0.001269845658302321,0.03956468264845247
1789260148.8921475,-0.6006612181663513,0.9640797972679138,1.0836106538772583,-1.6461389064788818,-0.9303608536720276,2.0111289024353027,-0.3899419903755188,0.6544124484062195,0.1607481688261032,0.15180303156375885,0.001284031563758864,0.06561060592844098
1789260148.925706,-0.6139276027679443,0.9568884372711182,1.0811058282852173,-1.6544922590255737,-0.9256415963172913,2.0169379711151123,-0.3916364014148712,0.6545830965042114,0.15333187580108643,0.15203459560871124,0.0015155956087112565,0.048456642643301504
1789260148.9593124,-0.6274776458740234,0.9492998123168945,1.0786374807357788,-1.663364291191101,-0.9206287264823914,2.0230050086975098,-0.3934013843536377,0.6545588970184326,0.14588198065757751,0.15230055153369904,0.0017815515336990495,0.044234660174789026
1789260148.9929988,-0.6408500671386719,0.9412184357643127,1.076525092124939,-1.6725623607635498,-0.9155631065368652,2.029179096221924,-0.3952298164367676,0.6543656587600708,0.13875873386859894,0.15281197428703308,0.002292974287033095,0.07661668268387072
1789260149.0265796,-0.6543762683868408,0.9332636594772339,1.0743191242218018,-1.6828678846359253,-0.9101830720901489,2.0357067584991455,-0.39719659090042114,0.6536585092544556,0.13183385133743286,0.15289370715618134,0.0023747071561813493,0.09278741380920028
1789260149.0601776,-0.6688245534896851,0.9249641299247742,1.071606993675232,-1.693076491355896,-0.9045674800872803,2.0426788330078125,-0.39926448464393616,0.6531058549880981,0.12406953424215317,0.15295591950416565,0.0024369195041656633,0.11190583714844751
1789260149.0938761,-0.6840508580207825,0.9161218404769897,1.068984031677246,-1.7032543420791626,-0.8987691402435303,2.049522876739502,-0.40135952830314636,0.6525869965553284,0.11576942354440689,0.15325286984443665,0.0027338698444366594,0.13122123336572936
1789260149.1274455,-0.6984334588050842,0.9078256487846375,1.0664637088775635,-1.7133727073669434,-0.8932364583015442,2.0563011169433594,-0.4034041464328766,0.6518192887306213,0.10807456076145172,0.15333154797554016,0.002812547975540175,0.14265252599748507
1789260149.1610763,-0.7132911682128906,0.8994677066802979,1.063707947731018,-1.7236804962158203,-0.8875913023948669,2.0632565021514893,-0.40549054741859436,0.6509367227554321,0.10001969337463379,0.15326842665672302,0.0027494266567230363,0.14670980696444608
1789260149.1946685,-0.7273269891738892,0.8910052180290222,1.061489224433899,-1.7336087226867676,-0.8820697069168091,2.069904088973999,-0.4074896275997162,0.6500057578086853,0.0926150307059288,0.15351749956607819,0.0029984995660782,0.16785878907325083
1789260149.2282677,-0.7424001097679138,0.8823747038841248,1.0587157011032104,-1.7440392971038818,-0.8762543797492981,2.0769643783569336,-0.4096204340457916,0.6489063501358032,0.0844370573759079,0.15346889197826385,0.002949891978263869,0.16902045629320203
1789260149.2618306,-0.7570894360542297,0.8740585446357727,1.0561052560806274,-1.754483699798584,-0.8706517219543457,2.083858013153076,-0.41170433163642883,0.6476067900657654,0.07658998668193817,0.15330012142658234,0.0027811214265823503,0.16192549306284887
1789260149.2954142,-0.7713464498519897,0.8656599521636963,1.0535999536514282,-1.7642728090286255,-0.8652151823043823,2.0903985500335693,-0.4137047231197357,0.6463940739631653,0.06884721666574478,0.15334980189800262,0.0028308018980026384,0.15825877775862904
1789260149.3290024,-0.7860641479492188,0.85719233751297,1.051106572151184,-1.774528980255127,-0.8593971729278564,2.097470283508301,-0.41580459475517273,0.6449880003929138,0.06103058531880379,0.15330272912979126,0.0027837291297912736,0.17132016174909548
1789260149.3626113,-0.8005600571632385,0.8488245606422424,1.0484979152679443,-1.7846481800079346,-0.8538641333580017,2.104224443435669,-0.41787683963775635,0.6434585452079773,0.05321205407381058,0.15315663814544678,0.002637638145446791,0.15825877775862904
1789260149.3962271,-0.815284013748169,0.8402312397956848,1.0458340644836426,-1.7950522899627686,-0.848254382610321,2.1109695434570312,-0.41994020342826843,0.6417316794395447,0.045276716351509094,0.15296243131160736,0.0024434313116073747,0.1341703946898555
1789260149.429875,-0.8293518424034119,0.8320872783660889,1.043496012687683,-1.8048650026321411,-0.8427557945251465,2.1177845001220703,-0.421920508146286,0.6400873064994812,0.03784614056348801,0.1528729945421219,0.002353994542121901,0.14265252599748507
1789260149.4635446,-0.8444159626960754,0.823613703250885,1.0406452417373657,-1.8152530193328857,-0.8370710611343384,2.124621868133545,-0.423999160528183,0.6381341814994812,0.02964896336197853,0.1525200754404068,0.002001075440406813,0.11364091540157657
1789260149.4972057,-0.8585531711578369,0.8152137994766235,1.0382940769195557,-1.8253192901611328,-0.8315625786781311,2.131425619125366,-0.42602717876434326,0.6362035870552063,0.02222142368555069,0.1523936539888382,0.0018746539888382097,0.11014342980975618
1789260149.5308309,-0.8728093504905701,0.8069276213645935,1.03583562374115,-1.8349641561508179,-0.8262482285499573,2.1379125118255615,-0.4279899001121521,0.6342678070068359,0.014527150429785252,0.15226532518863678,0.0017463251886367936,0.09065408419654447
1789260149.5643766,-0.8856163024902344,0.7996921539306641,1.033568263053894,-1.8442515134811401,-0.821370005607605,2.143615961074829,-0.4297219514846802,0.6321331262588501,0.0077898851595819,0.1518137902021408,0.001294790202140822,0.0625572578997782
1789260149.5979664,-0.8931451439857483,0.7953810691833496,1.0320868492126465,-1.8484305143356323,-0.8186479806900024,2.1470439434051514,-0.4306706488132477,0.6313530802726746,0.0034052329137921333,0.15193259716033936,0.0014135971603393693,0.059347025446578223
1789260149.631594,-0.8992481231689453,0.7916086912155151,1.0311403274536133,-1.8535391092300415,-0.8161295056343079,2.1499991416931152,-0.4315825402736664,0.6300957798957825,0.00045464973663911223,0.15167935192584991,0.0011603519258499284,0.048456642643301504
1789260149.6651843,-0.9056451320648193,0.7875743508338928,1.0301762819290161,-1.858389139175415,-0.8135400414466858,2.1532835960388184,-0.4324951469898224,0.6290044784545898,-0.002751109190285206,0.15162970125675201,0.001110701256752028,0.05595291190411357
1789260149.6987169,-0.910520613193512,0.7852382063865662,1.0301038026809692,-1.8627761602401733,-0.8122355341911316,2.155689001083374,-0.43302056193351746,0.6278980374336243,-0.004641009494662285,0.15129722654819489,0.0007782265481948991,0.08156468806857739
1789260149.732348,-0.9123030304908752,0.7837381958961487,1.0345691442489624,-1.8699344396591187,-0.8148983716964722,2.156938314437866,-0.431490033864975,0.6261116862297058,-0.0019215948414057493,0.15121491253376007,0.0006959125337600847,0.059347025446578223
1789260149.7659369,-0.913372278213501,0.782164990901947,1.0408674478530884,-1.8788237571716309,-0.8177054524421692,2.158259391784668,-0.4297960102558136,0.6238368153572083,0.0026216385886073112,0.15124613046646118,0.0007271304664611955,0.09065408419654447
1789260149.7995348,-0.9147076606750488,0.7803770303726196,1.046848177909851,-1.8865013122558594,-0.8204460144042969,2.1596601009368896,-0.42812904715538025,0.6220088601112366,0.006481379270553589,0.151648610830307,0.0011296108303070207,0.06852804325551864
1789260149.833163,-0.9172816276550293,0.778365969657898,1.054169774055481,-1.8975557088851929,-0.8238937854766846,2.161078453063965,-0.42614489793777466,0.6190086007118225,0.011010420508682728,0.15151505172252655,0.0009960517225265642,0.09487278508118449
1789260149.8667848,-0.9199562668800354,0.7763322591781616,1.0607832670211792,-1.9076968431472778,-0.82674640417099,2.1627485752105713,-0.4246368408203125,0.616278886795044,0.014937044121325016,0.1514601856470108,0.0009411856470108171,0.12033130429241841
1789260149.9003692,-0.9232926368713379,0.7742506265640259,1.0668561458587646,-1.9169572591781616,-0.8296664953231812,2.1645448207855225,-0.4230303466320038,0.6138670444488525,0.01793329417705536,0.1515255868434906,0.0010065868434906144,0.11014342980975618
1789260149.9340174,-0.9265970587730408,0.7722492218017578,1.0729029178619385,-1.9263813495635986,-0.8325850367546082,2.1662371158599854,-0.4214307367801666,0.6113324761390686,0.020961690694093704,0.15148958563804626,0.0009705856380462785,0.11190583714844751
1789260149.9675913,-0.9310441017150879,0.7701919078826904,1.0787187814712524,-1.935348391532898,-0.8352205157279968,2.1680333614349365,-0.420046329498291,0.6089730262756348,0.023079877719283104,0.15154442191123962,0.0010254219112396379,0.10653118153060223
1789260150.0012558,-0.9412299990653992,0.7667111158370972,1.0856534242630005,-1.9472625255584717,-0.8375632166862488,2.17132568359375,-0.4198307693004608,0.6060133576393127,0.022997358813881874,0.15166674554347992,0.0011477455434799333,0.09065408419654447
1789260150.0348556,-0.9526249170303345,0.7625343799591064,1.092948317527771,-1.9601606130599976,-0.8399772644042969,2.174647808074951,-0.41960179805755615,0.6027654409408569,0.022516751661896706,0.1518196314573288,0.0013006314573288102,0.07401874722002606
1789260150.068511,-0.9631447792053223,0.7590276002883911,1.1005369424819946,-1.9736838340759277,-0.842422366142273,2.1779160499572754,-0.41938430070877075,0.5991584658622742,0.022968770936131477,0.15162968635559082,0.0011106863555908342,0.1083523598284494
1789260150.102116,-0.9738721251487732,0.7553995251655579,1.108254075050354,-1.9871296882629395,-0.8448554873466492,2.1812684535980225,-0.4191472828388214,0.5955978631973267,0.02334367297589779,0.15153759717941284,0.0010185971794128557,0.12354070345060089
1789260150.13569,-0.9830915927886963,0.7523415684700012,1.1148879528045654,-1.9992135763168335,-0.8469402194023132,2.183793306350708,-0.41894590854644775,0.5922244191169739,0.023771388456225395,0.1512286365032196,0.0007096365032196184,0.18022577739447643
1789260150.169266,-0.9912401437759399,0.7495307326316833,1.1209993362426758,-2.008985757827759,-0.8489606976509094,2.186549663543701,-0.41871118545532227,0.5897426009178162,0.02408202365040779,0.15139181911945343,0.000872819119453444,0.1532333996180995
1789260150.2028465,-0.999860405921936,0.7466211318969727,1.1267437934875488,-2.0192596912384033,-0.8509888648986816,2.188900947570801,-0.4185098707675934,0.5869523882865906,0.023996766656637192,0.15125274658203125,0.0007337465820312639,0.16785878907325083
1789260150.2364764,-1.0075962543487549,0.7440608739852905,1.132201910018921,-2.0287065505981445,-0.8529864549636841,2.1914544105529785,-0.4183068871498108,0.5844488739967346,0.024173056706786156,0.15117377042770386,0.0006547704277038713,0.16192549306284887
1789260150.2700872,-1.0137474536895752,0.740191638469696,1.1341644525527954,-2.0349035263061523,-0.8517381548881531,2.195364236831665,-0.4187749922275543,0.5831181406974792,0.023039689287543297,0.15139001607894897,0.0008710160789489885,0.11869406681127799
1789260150.3036985,-1.0214885473251343,0.7349380254745483,1.1343222856521606,-2.041175603866577,-0.8488243818283081,2.1993000507354736,-0.4197936952114105,0.581646203994751,0.020063726231455803,0.15135258436203003,0.0008335843620300432,0.12033130429241841
1789260150.3372662,-1.0287469625473022,0.7295783758163452,1.1348812580108643,-2.0475401878356934,-0.8457575440406799,2.203494071960449,-0.4208599030971527,0.580186128616333,0.017623325809836388,0.15145911276340485,0.00094011276340486,0.11014342980975618
1789260150.3709285,-1.035814881324768,0.7239221334457397,1.1358336210250854,-2.054784059524536,-0.84267657995224,2.207550287246704,-0.42196038365364075,0.5783699154853821,0.015645207837224007,0.15147660672664642,0.0009576067266464372,0.12194656246489412
1789260150.4045334,-1.0461257696151733,0.716062605381012,1.1367319822311401,-2.0644237995147705,-0.8385425209999084,2.213357448577881,-0.42326363921165466,0.5760035514831543,0.012311391532421112,0.15147168934345245,0.0009526893434524675,0.12194656246489412
1789260150.4381669,-1.0572984218597412,0.7075839638710022,1.137814998626709,-2.073820114135742,-0.8340888023376465,2.2198569774627686,-0.4246843159198761,0.5738869309425354,0.008534425869584084,0.1517958641052246,0.0012768641052246232,0.07132624918176021
1789260150.4717836,-1.0672105550765991,0.7004508972167969,1.1388500928878784,-2.0834903717041016,-0.8298585414886475,2.2256734371185303,-0.42604848742485046,0.5713716149330139,0.00564813194796443,0.15155044198036194,0.0010314419803619523,0.10653118153060223
1789260150.5053596,-1.077963948249817,0.6925181746482849,1.139728307723999,-2.09324049949646,-0.8255302906036377,2.2317960262298584,-0.42742717266082764,0.5688940286636353,0.002149074338376522,0.15143655240535736,0.0009175524053573747,0.11190583714844751
1789260150.5390007,-1.0864473581314087,0.6846066117286682,1.1416263580322266,-2.1032609939575195,-0.8204603791236877,2.239004135131836,-0.4256136119365692,0.5665178894996643,0.0007055961759760976,0.15161272883415222,0.0010937288341522355,0.09691329395132914
1789260150.5725732,-1.095967411994934,0.6745113134384155,1.1440848112106323,-2.1162617206573486,-0.8149451613426208,2.247098684310913,-0.4223392903804779,0.5632174611091614,-0.0005457825609482825,0.15161892771720886,0.0010999277172088762,0.09691329395132914
1789260150.606157,-1.1062504053115845,0.663862943649292,1.1464530229568481,-2.1289796829223633,-0.8092761039733887,2.255488634109497,-0.4189600944519043,0.5600792765617371,-0.0023931683972477913,0.15178000926971436,0.0012610092697143693,0.06561060592844098
1789260150.6397643,-1.115781545639038,0.6539746522903442,1.1486953496932983,-2.1411633491516113,-0.8037057518959045,2.263554096221924,-0.4156559705734253,0.5570059418678284,-0.003939313814043999,0.15177960693836212,0.0012606069383621354,0.06852804325551864
1789260150.673419,-1.126905083656311,0.6425614953041077,1.1508862972259521,-2.1553120613098145,-0.7975987792015076,2.272322654724121,-0.41205209493637085,0.5532539486885071,-0.006064015906304121,0.15150359272956848,0.0009845927295684953,0.048456642643301504
1789260150.707052,-1.137416124343872,0.6318209171295166,1.1533854007720947,-2.168691635131836,-0.791606068611145,2.2812719345092773,-0.40856441855430603,0.5498102307319641,-0.007773932069540024,0.15133734047412872,0.000818340474128737,0.044234660174789026
1789260150.7406898,-1.1475974321365356,0.6212235689163208,1.1558899879455566,-2.1819674968719482,-0.7858291268348694,2.2895588874816895,-0.4051617383956909,0.5462512969970703,-0.00940067507326603,0.1510378122329712,0.0005188122329712053,0.03426402009603798
1789260150.7742758,-1.1582937240600586,0.610285758972168,1.158272385597229,-2.195258855819702,-0.7796440124511719,2.298480272293091,-0.4015795886516571,0.5427479147911072,-0.011332512833178043,0.15075862407684326,0.00023962407684327558,0.03956468264845247
1789260150.8079178,-1.1666123867034912,0.6019700765609741,1.1602890491485596,-2.206141710281372,-0.7750869393348694,2.305050849914551,-0.39883387088775635,0.5397020578384399,-0.012663743458688259,0.15028488636016846,-0.0002341136398315291,0.08156468806857739
1789260150.8415852,-1.1707464456558228,0.5969419479370117,1.1615185737609863,-2.211543321609497,-0.7723268270492554,2.309108018875122,-0.3972700536251068,0.5383925437927246,-0.01324856374412775,0.15036603808403015,-0.00015296191596983477,0.059347025446578223
1789260150.8751876,-1.1754460334777832,0.592362642288208,1.1623039245605469,-2.217540979385376,-0.7696918845176697,2.312770128250122,-0.3957158327102661,0.5366601347923279,-0.014193394221365452,0.14998482167720795,-0.0005341783227920394,0.09278741380920028
1789260150.9087949,-1.1800274848937988,0.5875953435897827,1.1633026599884033,-2.2229957580566406,-0.7670269012451172,2.3166701793670654,-0.3941786587238312,0.5352383255958557,-0.01510380208492279,0.14988625049591064,-0.0006327495040893416,0.09065408419654447
1789260150.9424193,-1.184578776359558,0.5853315591812134,1.1648519039154053,-2.2276642322540283,-0.7655796408653259,2.3192481994628906,-0.39312779903411865,0.5338498950004578,-0.015721596777439117,0.14951972663402557,-0.0009992733659744124,0.11014342980975618
1789260150.9760067,-1.193770408630371,0.5853201150894165,1.1695152521133423,-2.231658458709717,-0.7675673365592957,2.3196051120758057,-0.3931392729282379,0.5325974225997925,-0.017583832144737244,0.14952878654003143,-0.000990213459968553,0.11014342980975618
1789260151.009623,-1.2048109769821167,0.5852364897727966,1.1737765073776245,-2.2354443073272705,-0.7698689103126526,2.319920301437378,-0.39326727390289307,0.5313587784767151,-0.02070251666009426,0.14951013028621674,-0.0010088697137832503,0.11014342980975618
1789260151.0432494,-1.215948224067688,0.5853186249732971,1.178397297859192,-2.2389168739318848,-0.7722249031066895,2.320439338684082,-0.3934329152107239,0.5303076505661011,-0.023716218769550323,0.14967425167560577,-0.0008447483243942122,0.07401874722002606
1789260151.0769079,-1.228081464767456,0.5852628350257874,1.183916449546814,-2.2438323497772217,-0.7747761607170105,2.320767402648926,-0.39361318945884705,0.5286702513694763,-0.026529405266046524,0.14963389933109283,-0.0008851006689071517,0.08392937202498843
1789260151.1105092,-1.2412879467010498,0.5852593183517456,1.1897616386413574,-2.2488949298858643,-0.7776157259941101,2.321322202682495,-0.3937436640262604,0.5270130038261414,-0.02969260700047016,0.14964745938777924,-0.0008715406122207503,0.07132624918176021
1789260151.1442027,-1.2550561428070068,0.5853331685066223,1.1956734657287598,-2.254127025604248,-0.7806025147438049,2.321861982345581,-0.3938891589641571,0.5252519249916077,-0.033056385815143585,0.14961253106594086,-0.0009064689340591292,0.06852804325551864
1789260151.1778476,-1.2686243057250977,0.585268497467041,1.2015076875686646,-2.2593185901641846,-0.7835743427276611,2.322347402572632,-0.39402997493743896,0.5234812498092651,-0.03636544197797775,0.14959557354450226,-0.0009234264554977278,0.06561060592844098
1789260151.211419,-1.2804181575775146,0.5854442119598389,1.2068336009979248,-2.264169454574585,-0.7865525484085083,2.3228542804718018,-0.39407816529273987,0.5218322277069092,-0.039003074169158936,0.14950929582118988,-0.0010097041788101058,0.06852804325551864
1789260151.2450175,-1.2851942777633667,0.584702730178833,1.2084816694259644,-2.2648608684539795,-0.7865689992904663,2.323312759399414,-0.3970189094543457,0.5216838121414185,-0.040644362568855286,0.1499139815568924,-0.0006050184431075911,0.044234660174789026
1789260151.2785747,-1.2879778146743774,0.5841604471206665,1.2085219621658325,-2.265470027923584,-0.7860157489776611,2.323626756668091,-0.4013996124267578,0.521375834941864,-0.041942138224840164,0.14986027777194977,-0.0006587222280502181,0.03956468264845247
1789260151.3121629,-1.2912359237670898,0.583590030670166,1.2084311246871948,-2.2659690380096436,-0.7854239344596863,2.3239898681640625,-0.4057896137237549,0.5210829973220825,-0.043572064489126205,0.1498156487941742,-0.0007033512058257918,0.05233915627441309
1789260151.3456879,-1.294456958770752,0.5829214453697205,1.207793951034546,-2.2658851146698,-0.7844976186752319,2.3244738578796387,-0.41271665692329407,0.5209777355194092,-0.04556223005056381,0.14983737468719482,-0.0006816253128051619,0.03956468264845247
1789260151.3793218,-1.298589825630188,0.5804036855697632,1.2047457695007324,-2.2646076679229736,-0.7806172370910645,2.325330972671509,-0.4286177456378937,0.5210447311401367,-0.04949586093425751,0.1499699503183365,-0.0005490496816634993,0.05595291190411357
1789260151.4128697,-1.303795337677002,0.578271210193634,1.2011469602584839,-2.2628631591796875,-0.7765035629272461,2.3264238834381104,-0.4460734724998474,0.5211669206619263,-0.054262179881334305,0.1500609964132309,-0.00045800358676909014,0.059347025446578223
1789260151.4464028,-1.3083226680755615,0.5762169361114502,1.197755217552185,-2.2612123489379883,-0.7726534008979797,2.3273673057556152,-0.4625629186630249,0.5212579965591431,-0.0585833378136158,0.15015839040279388,-0.00036060959720610186,0.05595291190411357
1789260151.4800348,-1.3125152587890625,0.5739495754241943,1.1947993040084839,-2.259899616241455,-0.7686463594436646,2.3283894062042236,-0.4795249104499817,0.5212801098823547,-0.06246190890669823,0.15031997859477997,-0.00019902140522001788,0.0625572578997782
1789260151.513686,-1.316824197769165,0.5716021060943604,1.1917369365692139,-2.258253574371338,-0.7646047472953796,2.3295021057128906,-0.4966582655906677,0.5214133858680725,-0.06654895097017288,0.15059202909469604,7.302909469605878e-05,0.048456642643301504
1789260151.5472772,-1.3213906288146973,0.5693392157554626,1.1883865594863892,-2.2566745281219482,-0.7605257034301758,2.330476760864258,-0.5137815475463867,0.5213962197303772,-0.07088480144739151,0.1507471203804016,0.0002281203804016252,0.059347025446578223
1789260151.5809128,-1.3260338306427002,0.567080557346344,1.1849408149719238,-2.25504732131958,-0.7564647793769836,2.331484794616699,-0.531043529510498,0.5213534235954285,-0.07532178610563278,0.15090420842170715,0.0003852084217071672,0.06852804325551864
1789260151.6144958,-1.3305827379226685,0.5649052262306213,1.1815547943115234,-2.2534408569335938,-0.7524966597557068,2.3324427604675293,-0.5474588871002197,0.5212756395339966,-0.07967865467071533,0.15105849504470825,0.0005394950447082658,0.07401874722002606
1789260151.648083,-1.3336632251739502,0.5638118982315063,1.1798477172851562,-2.252751588821411,-0.7506325840950012,2.333016872406006,-0.559351921081543,0.5211321711540222,-0.0822581797838211,0.1511080265045166,0.0005890265045166154,0.07401874722002606
1789260151.6816583,-1.3352386951446533,0.5634593963623047,1.1803884506225586,-2.2532660961151123,-0.7503777146339417,2.3331475257873535,-0.569701075553894,0.5209121108055115,-0.08271591365337372,0.1511649787425995,0.0006459787425995012,0.07912937001338383
1789260151.7152345,-1.3372827768325806,0.5630922913551331,1.1810293197631836,-2.2538681030273438,-0.7501744031906128,2.333364725112915,-0.5803933143615723,0.5206524133682251,-0.08334722369909286,0.15123002231121063,0.0007110223112106462,0.08156468806857739
1789260151.7488644,-1.3397412300109863,0.5627418160438538,1.1813602447509766,-2.253937005996704,-0.7499504089355469,2.3336222171783447,-0.5916035771369934,0.5205309987068176,-0.08447877317667007,0.15138697624206543,0.0008679762420654435,0.0625572578997782
1789260151.782443,-1.3427132368087769,0.562804639339447,1.1829150915145874,-2.255251884460449,-0.7502318024635315,2.333726644515991,-0.6085028648376465,0.5200250148773193,-0.08494283258914948,0.15136191248893738,0.0008429124889373918,0.08622923312351063
1789260151.816077,-1.3455069065093994,0.5629362463951111,1.185512900352478,-2.256978988647461,-0.7515010237693787,2.333725690841675,-0.6261132955551147,0.5195459127426147,-0.08479636162519455,0.15145209431648254,0.0009330943164825578,0.08392937202498843
1789260151.84974,-1.348201036453247,0.5632323026657104,1.1878979206085205,-2.2585785388946533,-0.7527359127998352,2.33372163772583,-0.6431980729103088,0.5190841555595398,-0.08470039814710617,0.15149624645709991,0.0009772464570999284,0.07912937001338383
1789260151.8833141,-1.3512284755706787,0.5634832382202148,1.1903151273727417,-2.260326385498047,-0.7540137767791748,2.3336994647979736,-0.661156952381134,0.5185385942459106,-0.084733746945858,0.15150950849056244,0.0009905084905624528,0.08156468806857739
1789260151.916916,-1.3538169860839844,0.5640817880630493,1.1919301748275757,-2.2611913681030273,-0.7551707625389099,2.3333380222320557,-0.6760892271995544,0.5181747674942017,-0.08510928601026535,0.15150228142738342,0.0009832814273834367,0.07661668268387072
1789260151.9504893,-1.3558427095413208,0.5647246241569519,1.192705512046814,-2.2611026763916016,-0.7562301754951477,2.3327789306640625,-0.6830767393112183,0.5180655717849731,-0.0858459398150444,0.15155887603759766,0.0010398760375976701,0.07132624918176021
1789260151.9841096,-1.3578506708145142,0.5655409097671509,1.1936075687408447,-2.2612433433532715,-0.7573526501655579,2.33207631111145,-0.6901410818099976,0.5178516507148743,-0.08643558621406555,0.15152870118618011,0.0010097011861801286,0.06852804325551864
1789260152.0176678,-1.359803318977356,0.566284716129303,1.194510579109192,-2.261242628097534,-0.7584360241889954,2.331442356109619,-0.697043776512146,0.5177152156829834,-0.08704091608524323,0.15156520903110504,0.0010462090311050554,0.0625572578997782
1789260152.051272,-1.363481879234314,0.5698670744895935,1.195159673690796,-2.258239984512329,-0.7610778212547302,2.3288304805755615,-0.7015805840492249,0.5181567668914795,-0.08928988128900528,0.1517784595489502,0.0012594595489502092,0.07661668268387072
1789260152.0848527,-1.3711655139923096,0.5769737958908081,1.1946852207183838,-2.251617431640625,-0.7663318514823914,2.323429584503174,-0.7072342038154602,0.5188783407211304,-0.09499555081129074,0.15192019939422607,0.001401199394226088,0.07912937001338383
1789260152.1184404,-1.379335641860962,0.5837430953979492,1.1939905881881714,-2.244619607925415,-0.7715318202972412,2.3179938793182373,-0.7128584980964661,0.5195905566215515,-0.10126502066850662,0.15216630697250366,0.001647306972503676,0.06852804325551864
1789260152.1520517,-1.3871541023254395,0.5910032391548157,1.193501591682434,-2.237757444381714,-0.7766404747962952,2.312525749206543,-0.7184591293334961,0.5202145576477051,-0.10716854780912399,0.15230286121368408,0.001783861213684096,0.08156468806857739
1789260152.185597,-1.3962229490280151,0.6003312468528748,1.193651556968689,-2.229576826095581,-0.7832370400428772,2.3057267665863037,-0.7257030010223389,0.520966112613678,-0.11374645680189133,0.15247993171215057,0.0019609317121505876,0.11869406681127799
1789260152.2193363,-1.4101083278656006,0.613616943359375,1.1930521726608276,-2.2174923419952393,-0.7927955389022827,2.29580020904541,-0.7363764643669128,0.5217012166976929,-0.12425623834133148,0.15256698429584503,0.0020479842958450456,0.1412742076966625
1789260152.252975,-1.4255421161651611,0.6266708970069885,1.1919971704483032,-2.203988790512085,-0.8023783564567566,2.2857632637023926,-0.747236430644989,0.5223874449729919,-0.13641831278800964,0.15293768048286438,0.0024186804828643937,0.1412742076966625
1789260152.2865665,-1.4389742612838745,0.6395216584205627,1.1912410259246826,-2.1925458908081055,-0.8116981387138367,2.2760558128356934,-0.7575671672821045,0.522438645362854,-0.14682476222515106,0.1527395248413086,0.0022205248413086076,0.1341703946898555
1789260152.3201628,-1.4526565074920654,0.6526751518249512,1.191023588180542,-2.180354118347168,-0.8209776878356934,2.266366958618164,-0.7681112885475159,0.5225929021835327,-0.15742750465869904,0.15280386805534363,0.002284868055343642,0.15701751249847418
1789260152.353781,-1.465549349784851,0.6646754741668701,1.1903963088989258,-2.1692347526550293,-0.8297885656356812,2.2571544647216797,-0.7777981162071228,0.5222716331481934,-0.1676398664712906,0.15263359248638153,0.0021145924863815446,0.1370561110185936
1789260152.3874378,-1.4784562587738037,0.6768856048583984,1.1899759769439697,-2.1577212810516357,-0.8383349180221558,2.2482120990753174,-0.7875093817710876,0.5219434499740601,-0.17791536450386047,0.15256211161613464,0.0020431116161346574,0.1506578634376723
1789260152.4210932,-1.4914377927780151,0.688972532749176,1.1893997192382812,-2.1466214656829834,-0.8471615314483643,2.239112138748169,-0.7973206043243408,0.5211672782897949,-0.18827372789382935,0.15226012468338013,0.0017411246833801408,0.1341703946898555
1789260152.4546962,-1.502841830253601,0.6989918351173401,1.1886110305786133,-2.1365182399749756,-0.8548277616500854,2.230982542037964,-0.8061224818229675,0.5202996730804443,-0.19777967035770416,0.15208235383033752,0.0015633538303375383,0.07912937001338383
1789260152.4883935,-1.5096931457519531,0.7053302526473999,1.1883196830749512,-2.1309990882873535,-0.8589648008346558,2.226674795150757,-0.8108603358268738,0.5196701884269714,-0.2030910700559616,0.15181773900985718,0.0012987390098571916,0.1083523598284494
1789260152.5220037,-1.5146267414093018,0.7105333209037781,1.1882579326629639,-2.126269578933716,-0.8627673983573914,2.222749948501587,-0.8152769207954407,0.5192862749099731,-0.20716972649097443,0.15167175233364105,0.001152752333641066,0.10279207254188717
1789260152.5556457,-1.5196675062179565,0.7158448696136475,1.1886109113693237,-2.1223323345184326,-0.8657276034355164,2.2192084789276123,-0.8196069598197937,0.5187832713127136,-0.21070615947246552,0.15141920745372772,0.000900207453727736,0.1631294174610896
1789260152.589255,-1.5230015516281128,0.7207158207893372,1.189178228378296,-2.118478298187256,-0.8684177398681641,2.215144395828247,-0.8222834467887878,0.5185417532920837,-0.21331514418125153,0.15126346051692963,0.0007444605169296403,0.21579998972694253
1789260152.6228197,-1.5241518020629883,0.7244720458984375,1.187330722808838,-2.1134445667266846,-0.8698663115501404,2.209477663040161,-0.8161264657974243,0.518067479133606,-0.21634046733379364,0.15077149868011475,0.00025249868011475995,0.31589905197193274
1789260152.656471,-1.527251124382019,0.7286137938499451,1.1824806928634644,-2.10475492477417,-0.8717538714408875,2.205364227294922,-0.8081729412078857,0.5176541805267334,-0.222951740026474,0.15039721131324768,-0.00012178868675230548,0.3322024604772824
1789260152.6900456,-1.5316674709320068,0.7334837913513184,1.1777852773666382,-2.0946500301361084,-0.873149573802948,2.2021327018737793,-0.7999757528305054,0.5174514651298523,-0.23055227100849152,0.15036973357200623,-0.00014926642799376055,0.2818552568026587
1789260152.7236347,-1.5343246459960938,0.7386916875839233,1.174233317375183,-2.0840673446655273,-0.87416011095047,2.197448492050171,-0.7913120985031128,0.5176974534988403,-0.23695071041584015,0.15063075721263885,0.00011175721263886884,0.26466991865372924
1789260152.7571898,-1.5370506048202515,0.7461326718330383,1.170282006263733,-2.0714051723480225,-0.8760769963264465,2.1908774375915527,-0.7790982723236084,0.5178646445274353,-0.24416960775852203,0.15060187876224518,8.287876224519208e-05,0.29739412811819066
1789260152.7907884,-1.5396984815597534,0.7538163661956787,1.1659132242202759,-2.058903694152832,-0.8779667019844055,2.184644937515259,-0.7674553394317627,0.5178178548812866,-0.25140634179115295,0.15028338134288788,-0.00023561865711210772,0.349426350475513
1789260152.8243551,-1.5428292751312256,0.7616822719573975,1.1616500616073608,-2.0432441234588623,-0.8801164627075195,2.1802732944488525,-0.7551607489585876,0.5187267065048218,-0.2601671814918518,0.1510012149810791,0.0004822149810791154,0.19483355668961086
1789260152.857957,-1.5462619066238403,0.7682992219924927,1.1577364206314087,-2.03001070022583,-0.8822792768478394,2.1737759113311768,-0.7427850365638733,0.5184513330459595,-0.2682320475578308,0.15120720863342285,0.0006882086334228654,0.16902045629320203
1789260152.891591,-1.5474575757980347,0.7726441621780396,1.1543560028076172,-2.020904541015625,-0.8830600380897522,2.1707441806793213,-0.7372620701789856,0.5185660719871521,-0.27337247133255005,0.15125951170921326,0.0007405117092132707,0.13847642022149
1789260152.9251509,-1.5470521450042725,0.7763630151748657,1.151528000831604,-2.0134096145629883,-0.8830270171165466,2.1671743392944336,-0.7340734004974365,0.5187512040138245,-0.2768115997314453,0.15113234519958496,0.0006133451995849748,0.1855748884546529
1789260152.9587505,-1.547078251838684,0.7801793813705444,1.1482341289520264,-2.005488872528076,-0.883013904094696,2.1637890338897705,-0.7309111952781677,0.5187667608261108,-0.280815452337265,0.15093590319156647,0.00041690319156648115,0.2272819425665676
1789260152.9923563,-1.5475386381149292,0.7840280532836914,1.144626259803772,-1.996098279953003,-0.8830285668373108,2.160693645477295,-0.7276683449745178,0.5189047455787659,-0.2857941687107086,0.15106622874736786,0.0005472287473678727,0.20463023449693923
1789260153.0260491,-1.5462799072265625,0.7891205549240112,1.1392003297805786,-1.983177900314331,-0.8820661902427673,2.155506134033203,-0.725962221622467,0.5191970467567444,-0.29176175594329834,0.15102484822273254,0.0005058482227325578,0.24944602483378192
1789260153.0596874,-1.5448647737503052,0.7941815257072449,1.1330066919326782,-1.9691483974456787,-0.8810572624206543,2.150538444519043,-0.724632740020752,0.5194692015647888,-0.29841431975364685,0.15103119611740112,0.0005121961174011369,0.26614441693319085
1789260153.09339,-1.5433893203735352,0.7997708320617676,1.126525640487671,-1.9543933868408203,-0.8800177574157715,2.145681619644165,-0.7232322096824646,0.5197257995605469,-0.30536043643951416,0.1509554535150528,0.00043645351505280927,0.28046336769824726
1789260153.1270115,-1.5419551134109497,0.8050729632377625,1.1204159259796143,-1.9397920370101929,-0.8787208199501038,2.14095401763916,-0.7218857407569885,0.5199810862541199,-0.31214550137519836,0.1510290652513504,0.0005100652513504167,0.28530527306726555
1789260153.160626,-1.5402268171310425,0.810339093208313,1.1146104335784912,-1.925654649734497,-0.8774341344833374,2.1362104415893555,-0.7206096649169922,0.5202352404594421,-0.31847020983695984,0.15104426443576813,0.0005252644357681413,0.3039024440955947
1789260153.1941886,-1.5383671522140503,0.8157534599304199,1.1087274551391602,-1.9115111827850342,-0.8762385249137878,2.1315159797668457,-0.7192595601081848,0.520418107509613,-0.3247404396533966,0.1509476751089096,0.0004286751089096208,0.32805345982048595
1789260153.2278075,-1.5363482236862183,0.8210506439208984,1.1030473709106445,-1.8972642421722412,-0.874880850315094,2.1265788078308105,-0.7179428339004517,0.520599901676178,-0.33089539408683777,0.1509377807378769,0.00041878073787690595,0.35608270981587586
1789260153.2614186,-1.5346159934997559,0.8262953758239746,1.097151756286621,-1.8825896978378296,-0.8739596605300903,2.1222286224365234,-0.7165713906288147,0.5207105278968811,-0.33753547072410583,0.1510106325149536,0.0004916325149536271,0.3322024604772824
1789260153.295032,-1.5331356525421143,0.831555187702179,1.0910558700561523,-1.8672329187393188,-0.8728451728820801,2.1177914142608643,-0.7152034044265747,0.5206549167633057,-0.3446502983570099,0.15116925537586212,0.0006502553758621354,0.2980513549927252
1789260153.3286343,-1.531637191772461,0.8368544578552246,1.0852335691452026,-1.8523403406143188,-0.8716397881507874,2.1135149002075195,-0.713858962059021,0.520550549030304,-0.35142824053764343,0.15125177800655365,0.0007327780065536638,0.27976482632557653
1789260153.3623247,-1.529881238937378,0.8419471979141235,1.0794599056243896,-1.837329626083374,-0.8704894781112671,2.1091039180755615,-0.7125038504600525,0.5204408168792725,-0.35814401507377625,0.15142039954662323,0.0009013995466232438,0.24787221470538592
1789260153.395929,-1.527862787246704,0.8470864295959473,1.073856234550476,-1.822461724281311,-0.8693732023239136,2.104672908782959,-0.7111207842826843,0.5203611254692078,-0.36458638310432434,0.1515580713748932,0.0010390713748932023,0.22293580089065076
1789260153.4295106,-1.5261986255645752,0.8521503210067749,1.068405270576477,-1.8077515363693237,-0.8682324886322021,2.1008989810943604,-0.709776759147644,0.5202274918556213,-0.37110430002212524,0.15176047384738922,0.001241473847389235,0.17913678902801208
1789260153.4631422,-1.5242103338241577,0.8575103878974915,1.062624454498291,-1.7920386791229248,-0.8671623468399048,2.0967559814453125,-0.7083713412284851,0.5200468897819519,-0.377959668636322,0.15196990966796875,0.0014509096679687639,0.13562092827251515
1789260153.4968128,-1.5224556922912598,0.862769603729248,1.057111382484436,-1.7769559621810913,-0.8659796714782715,2.092801809310913,-0.7070192694664001,0.5197332501411438,-0.3845555782318115,0.15210969746112823,0.0015906974611282487,0.11190583714844751
1789260153.5304832,-1.5205928087234497,0.8676146268844604,1.0518237352371216,-1.7619315385818481,-0.8648766279220581,2.0890731811523438,-0.7057009339332581,0.5194917917251587,-0.39107200503349304,0.15247905254364014,0.0019600525436401506,0.10087055545943382
1789260153.56409,-1.5186727046966553,0.872390866279602,1.0466747283935547,-1.7473822832107544,-0.8636720776557922,2.0848653316497803,-0.7044422030448914,0.5190796256065369,-0.39726635813713074,0.1527148187160492,0.002195818716049208,0.10279207254188717
1789260153.5976717,-1.517388105392456,0.8766611814498901,1.0419262647628784,-1.735125184059143,-0.8627514839172363,2.081082582473755,-0.7035776972770691,0.5183142423629761,-0.40274491906166077,0.15261206030845642,0.0020930603084564348,0.07912937001338383
1789260153.6312935,-1.5158510208129883,0.8812877535820007,1.037101149559021,-1.7232247591018677,-0.8618288040161133,2.077258825302124,-0.7027283906936646,0.5175040364265442,-0.4078759253025055,0.15218953788280487,0.0016705378828048845,0.044234660174789026
1789260153.66496,-1.514487624168396,0.8858119249343872,1.032251238822937,-1.7111546993255615,-0.860930860042572,2.07354474067688,-0.701865017414093,0.516591489315033,-0.41319218277931213,0.15184317529201508,0.0013241752920150895,0.019782341029446364
1789260153.6985567,-1.5137418508529663,0.889316976070404,1.0285069942474365,-1.7022383213043213,-0.8600749373435974,2.0704264640808105,-0.7011556029319763,0.5156280994415283,-0.41722536087036133,0.15140646696090698,0.0008874669609069963,0.05595291190411357
1789260153.7320998,-1.5123692750930786,0.8896644711494446,1.0260249376296997,-1.6994822025299072,-0.8584808707237244,2.070317268371582,-0.6972193717956543,0.5154867172241211,-0.41830503940582275,0.1511685848236084,0.0006495848236084123,0.08156468806857739
1789260153.7656288,-1.5105968713760376,0.8891168832778931,1.0244667530059814,-1.698483943939209,-0.8569090366363525,2.070669174194336,-0.6930410861968994,0.5158183574676514,-0.4182579815387726,0.151168555021286,0.0006495550212860246,0.08846932694105811
1789260153.7992654,-1.5089402198791504,0.8886431455612183,1.0224189758300781,-1.6974962949752808,-0.8552771806716919,2.070986032485962,-0.6886408925056458,0.5158965587615967,-0.4184064269065857,0.15094472467899323,0.00042572467899323896,0.11703392759136522
1789260153.8328798,-1.507351040840149,0.8874207735061646,1.0194509029388428,-1.6965678930282593,-0.8530352711677551,2.0716891288757324,-0.6805612444877625,0.5156736373901367,-0.4189392924308777,0.15072695910930634,0.0002079591093063493,0.1412742076966625
1789260153.8665047,-1.5036323070526123,0.8836960792541504,1.0137691497802734,-1.6965255737304688,-0.8477758765220642,2.0746710300445557,-0.6647798418998718,0.5157399773597717,-0.4190218448638916,0.1505410075187683,2.2007518768324408e-05,0.14935344105781187
1789260153.9001224,-1.499119520187378,0.8801090717315674,1.008157730102539,-1.6965444087982178,-0.8421587944030762,2.077877998352051,-0.6479094624519348,0.5162150263786316,-0.41859495639801025,0.15033937990665436,-0.00017962009334562823,0.15450506866003139
1789260153.9337215,-1.4946824312210083,0.8764407634735107,1.0025187730789185,-1.6966437101364136,-0.836636483669281,2.081014394760132,-0.6309338212013245,0.5166209936141968,-0.4182213246822357,0.1501520872116089,-0.0003669127883910994,0.16192549306284887
1789260153.9673162,-1.4902039766311646,0.8726755380630493,0.9968188405036926,-1.6966757774353027,-0.8311111927032471,2.0841927528381348,-0.6139674782752991,0.5170348286628723,-0.4179128408432007,0.1500319093465805,-0.00048709065341948077,0.15949038294479406
1789260154.0009456,-1.485648274421692,0.8685204386711121,0.9908271431922913,-1.6967374086380005,-0.8253298997879028,2.087440252304077,-0.5962742567062378,0.5173850655555725,-0.41770780086517334,0.15000151097774506,-0.00051748902225493,0.1532333996180995
1789260154.034547,-1.4815261363983154,0.8648216724395752,0.9849246144294739,-1.6968505382537842,-0.8196406960487366,2.0905954837799072,-0.5791950821876526,0.5175549983978271,-0.4176162779331207,0.14979137480258942,-0.0007276251974105696,0.16071255014426922
1789260154.068134,-1.4769072532653809,0.8609210252761841,0.9786587953567505,-1.6969407796859741,-0.8138071894645691,2.093965530395508,-0.5611445903778076,0.5178362727165222,-0.41744986176490784,0.14959140121936798,-0.0009275987806320052,0.1631294174610896
1789260154.1017392,-1.4724174737930298,0.8571693301200867,0.9729245901107788,-1.6972262859344482,-0.8081822395324707,2.0971555709838867,-0.5440496802330017,0.5182126760482788,-0.4170876741409302,0.14945665001869202,-0.0010623499813079695,0.15949038294479406
1789260154.1353872,-1.4676706790924072,0.8531343936920166,0.9671956896781921,-1.6973732709884644,-0.8023836016654968,2.100489854812622,-0.5265399217605591,0.5187528729438782,-0.41670364141464233,0.1495354026556015,-0.0009835973443984847,0.1370561110185936
1789260154.1690066,-1.46307373046875,0.8492253422737122,0.9611769318580627,-1.6975265741348267,-0.7965534329414368,2.103771924972534,-0.508732795715332,0.5190976858139038,-0.41648513078689575,0.14946775138378143,-0.001051248616218553,0.12666881248565126
1789260154.2025743,-1.4587074518203735,0.845292329788208,0.955191433429718,-1.6976194381713867,-0.7908421754837036,2.106968402862549,-0.4913942217826843,0.5193457007408142,-0.41643500328063965,0.1494588553905487,-0.00106014460945128,0.11014342980975618
1789260154.236171,-1.4544552564620972,0.8412872552871704,0.9490142464637756,-1.6976466178894043,-0.7850729823112488,2.1102473735809326,-0.4736522436141968,0.5194947123527527,-0.41656920313835144,0.14946995675563812,-0.0010490432443618636,0.09487278508118449
1789260154.2697763,-1.4499386548995972,0.8375247716903687,0.943240225315094,-1.6979247331619263,-0.77911376953125,2.1131362915039062,-0.45667755603790283,0.5198104977607727,-0.41623884439468384,0.14941070973873138,-0.0011082902612686019,0.09891171693842998
1789260154.3034663,-1.445033311843872,0.8336319327354431,0.937100887298584,-1.6984262466430664,-0.7729158401489258,2.116023540496826,-0.43857598304748535,0.5201179385185242,-0.41575127840042114,0.1492331475019455,-0.0012858524980544905,0.12194656246489412
1789260154.3371143,-1.4404520988464355,0.8297665119171143,0.931032657623291,-1.6988391876220703,-0.7667710781097412,2.1188578605651855,-0.4209569990634918,0.5203164219856262,-0.4154627323150635,0.1491151750087738,-0.0014038249912261824,0.1412742076966625
1789260154.3706915,-1.4361133575439453,0.82598876953125,0.9251556992530823,-1.6990383863449097,-0.7608440518379211,2.121645927429199,-0.40397384762763977,0.5205018520355225,-0.4153503477573395,0.14911161363124847,-0.001407386368751512,0.14401765375946743
1789260154.4043388,-1.4316829442977905,0.822047770023346,0.9189542531967163,-1.6992671489715576,-0.7547506093978882,2.1245172023773193,-0.38619425892829895,0.5206128358840942,-0.41532713174819946,0.1490972638130188,-0.0014217361869811873,0.14670980696444608
1789260154.4379349,-1.4271457195281982,0.8179190754890442,0.9126472473144531,-1.6995043754577637,-0.7485102415084839,2.1274116039276123,-0.3681739866733551,0.5207374691963196,-0.4153185188770294,0.1491624265909195,-0.0013565734090804915,0.14401765375946743
1789260154.4715416,-1.4226725101470947,0.8141913414001465,0.9068215489387512,-1.6999037265777588,-0.7425103187561035,2.1301379203796387,-0.3510810136795044,0.5209618806838989,-0.41505900025367737,0.14914563298225403,-0.0013733670177459578,0.14935344105781187
1789260154.5051599,-1.4179664850234985,0.8103480339050293,0.9008941650390625,-1.7003533840179443,-0.7364839911460876,2.132962703704834,-0.3335943818092346,0.5212574005126953,-0.41473379731178284,0.1491643190383911,-0.0013546809616088729,0.1480375253231069
1789260154.5387552,-1.4134165048599243,0.8065478801727295,0.8948531150817871,-1.7006877660751343,-0.7303988337516785,2.135787010192871,-0.3159964978694916,0.5214566588401794,-0.41458410024642944,0.14918743073940277,-0.0013315692605972151,0.1480375253231069
1789260154.5723383,-1.4088259935379028,0.8025491833686829,0.8887830972671509,-1.7009551525115967,-0.724247395992279,2.138667345046997,-0.2984529435634613,0.5216896533966064,-0.4145004153251648,0.1493503749370575,-0.001168625062942491,0.12972151222939818
1789260154.6059358,-1.404537558555603,0.7987154126167297,0.88251131772995,-1.7011783123016357,-0.7180987000465393,2.1415021419525146,-0.2807064354419708,0.5217054486274719,-0.4146555960178375,0.14940303564071655,-0.0011159643592834334,0.12033130429241841
1789260154.6395152,-1.4003067016601562,0.7949330806732178,0.8764870762825012,-1.701410174369812,-0.7121813297271729,2.1442437171936035,-0.26369643211364746,0.5217722058296204,-0.41477274894714355,0.14952188730239868,-0.0009971126976013045,0.10653118153060223
1789260154.6730921,-1.3954784870147705,0.7909266948699951,0.8703112006187439,-1.7019115686416626,-0.7058756351470947,2.147062063217163,-0.24562059342861176,0.5220204591751099,-0.41453516483306885,0.14963890612125397,-0.0008800938787460189,0.09891171693842998
1789260154.7066736,-1.3908133506774902,0.7872278690338135,0.8644290566444397,-1.7024463415145874,-0.699838399887085,2.1496541500091553,-0.22856587171554565,0.5222547054290771,-0.4142357409000397,0.14968562126159668,-0.0008333787384033065,0.10087055545943382
1789260154.7403083,-1.3862502574920654,0.7836831212043762,0.8580551743507385,-1.703072428703308,-0.6937157511711121,2.1522436141967773,-0.21099378168582916,0.5222234725952148,-0.4141218662261963,0.1494913548231125,-0.0010276451768874983,0.12354070345060089
1789260154.7739797,-1.381825566291809,0.7801042199134827,0.8514511585235596,-1.7036460638046265,-0.6874481439590454,2.1549010276794434,-0.19321097433567047,0.5220649838447571,-0.4142032265663147,0.14929203689098358,-0.0012269631090164046,0.14670980696444608
1789260154.807532,-1.377600908279419,0.7764617800712585,0.8449965715408325,-1.7041079998016357,-0.6812731027603149,2.1575021743774414,-0.17584218084812164,0.5218905210494995,-0.4144143760204315,0.1492304801940918,-0.0012885198059081893,0.15825877775862904
1789260154.8410864,-1.373031497001648,0.7727234959602356,0.8386539816856384,-1.704566240310669,-0.6750912070274353,2.1602253913879395,-0.15812592208385468,0.5219352841377258,-0.4144432842731476,0.1492878794670105,-0.001231120532989488,0.1506578634376723
1789260154.8746383,-1.3683953285217285,0.769153356552124,0.8326802253723145,-1.7052093744277954,-0.669089138507843,2.162797451019287,-0.14116589725017548,0.5220922827720642,-0.41421186923980713,0.14931301772594452,-0.001205982274055467,0.14935344105781187
1789260154.9082522,-1.363666296005249,0.7653351426124573,0.8262391686439514,-1.7058167457580566,-0.6626573204994202,2.165450096130371,-0.12304297089576721,0.522136390209198,-0.4141483008861542,0.14936889708042145,-0.0011501029195785384,0.1506578634376723
1789260154.9419096,-1.3591430187225342,0.7615907788276672,0.8198550939559937,-1.7063096761703491,-0.6565526127815247,2.168060541152954,-0.10547849535942078,0.5221149921417236,-0.41425713896751404,0.14946655929088593,-0.0010524407091140608,0.1412742076966625
1789260154.9755864,-1.3548232316970825,0.7580908536911011,0.81366366147995,-1.7068190574645996,-0.6505334377288818,2.1705880165100098,-0.08844184875488281,0.5220595598220825,-0.41436484456062317,0.14950495958328247,-0.0010140404167175154,0.1341703946898555
1789260155.0092382,-1.350389838218689,0.7544407248497009,0.8070999383926392,-1.7073465585708618,-0.6442614793777466,2.1732137203216553,-0.07072200626134872,0.5219255685806274,-0.4145761728286743,0.14953911304473877,-0.0009798869552612166,0.1341703946898555
1789260155.0429413,-1.3458219766616821,0.7507553100585938,0.8004737496376038,-1.7079274654388428,-0.6379410624504089,2.1759114265441895,-0.05263592675328255,0.5218302011489868,-0.414743036031723,0.14958560466766357,-0.0009333953323364119,0.12511453444308365
1789260155.0765615,-1.3412697315216064,0.7471932768821716,0.7944431900978088,-1.7085164785385132,-0.6319071054458618,2.17842960357666,-0.035585030913352966,0.5219293236732483,-0.41468730568885803,0.14974190294742584,-0.0007770970525741439,0.11014342980975618
1789260155.110151,-1.3366318941116333,0.7436789870262146,0.7881023287773132,-1.709282636642456,-0.625687301158905,2.1809072494506836,-0.018028806895017624,0.5218996405601501,-0.414624959230423,0.14973902702331543,-0.0007799729766845565,0.11364091540157657
1789260155.1437743,-1.3319700956344604,0.7401243448257446,0.7816007137298584,-1.7100197076797485,-0.6195654273033142,2.1833581924438477,-0.0004722388694062829,0.5218091607093811,-0.4146614670753479,0.14974455535411835,-0.000774444645881639,0.11534989781745353
1789260155.1773586,-1.3276221752166748,0.7366299629211426,0.7748492956161499,-1.7107468843460083,-0.613426685333252,2.1857709884643555,0.01708409935235977,0.5214738845825195,-0.41497084498405457,0.14967450499534607,-0.0008444950046539168,0.12354070345060089
1789260155.2109487,-1.3233367204666138,0.7332394123077393,0.7680209279060364,-1.7114309072494507,-0.6071301102638245,2.1882152557373047,0.034839823842048645,0.5210946798324585,-0.41534456610679626,0.1495729237794876,-0.0009460762205123763,0.13562092827251515
1789260155.2445512,-1.3188897371292114,0.7300171256065369,0.7616384029388428,-1.712301254272461,-0.6011252403259277,2.190544843673706,0.05182724818587303,0.5208995938301086,-0.41538524627685547,0.1494460254907608,-0.001072974509239183,0.15195108845669586
1789260155.2781248,-1.3139731884002686,0.7264664769172668,0.755060076713562,-1.7132869958877563,-0.5948181748390198,2.1930813789367676,0.0699324905872345,0.5208631157875061,-0.4152708947658539,0.14943912625312805,-0.0010798737468719344,0.15450506866003139
1789260155.3117294,-1.3095623254776,0.7231471538543701,0.748709499835968,-1.7140930891036987,-0.5888398885726929,2.1954615116119385,0.08690955489873886,0.5206910371780396,-0.4153980612754822,0.14944635331630707,-0.0010726466836929183,0.15576635622796445
1789260155.3454564,-1.3050624132156372,0.7197451591491699,0.7420578002929688,-1.714847445487976,-0.5826006531715393,2.1978843212127686,0.1045701876282692,0.5204586982727051,-0.41563016176223755,0.14946570992469788,-0.0010532900753021102,0.15195108845669586
1789260155.3790789,-1.3006137609481812,0.7162848114967346,0.7353186011314392,-1.7156561613082886,-0.5763975381851196,2.200359582901001,0.12228494882583618,0.5201699137687683,-0.41593852639198303,0.14950233697891235,-0.0010166630210876326,0.14401765375946743
1789260155.412698,-1.2962665557861328,0.7127705812454224,0.7286630272865295,-1.7164043188095093,-0.5702269077301025,2.202752113342285,0.1397307813167572,0.5198711156845093,-0.41631144285202026,0.14963024854660034,-0.0008887514533996443,0.13122123336572936
1789260155.4463015,-1.2916436195373535,0.709345817565918,0.7220901250839233,-1.7173070907592773,-0.5639738440513611,2.20516037940979,0.1574060618877411,0.5196971297264099,-0.4164363741874695,0.14969715476036072,-0.0008218452396392684,0.12354070345060089
1789260155.479986,-1.2869560718536377,0.7060098052024841,0.7156040072441101,-1.7182326316833496,-0.5578582882881165,2.2075698375701904,0.1749025583267212,0.5195738673210144,-0.4164969027042389,0.14975225925445557,-0.0007667407455444197,0.11534989781745353
1789260155.5136094,-1.2823866605758667,0.7027806043624878,0.7090110778808594,-1.7192245721817017,-0.5516859889030457,2.209890127182007,0.19249112904071808,0.5193223357200623,-0.416622519493103,0.14971214532852173,-0.0008068546714782576,0.12194656246489412
1789260155.5472503,-1.277878999710083,0.6994979977607727,0.7021356821060181,-1.7201615571975708,-0.5454549789428711,2.2121427059173584,0.21004076302051544,0.5189250707626343,-0.4169369637966156,0.14967112243175507,-0.0008478775682449202,0.12666881248565126
1789260155.5808446,-1.2738231420516968,0.6963976621627808,0.6953893303871155,-1.721076250076294,-0.5395776033401489,2.21433162689209,0.2270941436290741,0.518362820148468,-0.4174559414386749,0.14958849549293518,-0.0009305045070648055,0.13562092827251515
1789260155.6144514,-1.2694896459579468,0.693195104598999,0.6884176135063171,-1.7219840288162231,-0.5333966612815857,2.216644763946533,0.24476441740989685,0.5178620219230652,-0.4179403781890869,0.14954598248004913,-0.0009730175199508528,0.1370561110185936
1789260155.648062,-1.2646188735961914,0.6899007558822632,0.6816961169242859,-1.7231483459472656,-0.5270183086395264,2.21895170211792,0.2629226744174957,0.517657458782196,-0.4179488718509674,0.1495375633239746,-0.0009814366760253768,0.1412742076966625
1789260155.6816452,-1.2601103782653809,0.6867424249649048,0.6752188205718994,-1.7241896390914917,-0.5211027264595032,2.2210848331451416,0.2799258828163147,0.5173702239990234,-0.41811403632164,0.14956621825695038,-0.0009527817430496077,0.13988230894202303
1789260155.7152154,-1.2557097673416138,0.6835470795631409,0.6683391332626343,-1.725205421447754,-0.5149864554405212,2.223280191421509,0.29752641916275024,0.5168907642364502,-0.41852444410324097,0.14956100285053253,-0.0009579971494674544,0.14401765375946743
1789260155.7487755,-1.251399278640747,0.680499255657196,0.6613717079162598,-1.7262766361236572,-0.5088512897491455,2.2254867553710938,0.31505271792411804,0.5163190960884094,-0.4189867079257965,0.14945682883262634,-0.0010621711673736434,0.14935344105781187
1789260155.7823632,-1.2469990253448486,0.6773855686187744,0.6544418931007385,-1.7273732423782349,-0.5027114748954773,2.227684259414673,0.33266422152519226,0.5157982110977173,-0.41940173506736755,0.14941143989562988,-0.0011075601043701033,0.1532333996180995
1789260155.8159962,-1.2426280975341797,0.6742785573005676,0.6474624276161194,-1.7284084558486938,-0.4965750575065613,2.2299158573150635,0.3503496050834656,0.5152615308761597,-0.41989395022392273,0.14940263330936432,-0.0011163666906356673,0.1532333996180995
1789260155.849607,-1.2381658554077148,0.671205461025238,0.6409587860107422,-1.729514241218567,-0.49059128761291504,2.2321157455444336,0.36736711859703064,0.5149421095848083,-0.42012473940849304,0.14947181940078735,-0.0010471805992126326,0.13988230894202303
1789260155.8833177,-1.2334994077682495,0.6680008769035339,0.6340594291687012,-1.7306346893310547,-0.48425617814064026,2.234405279159546,0.3854745328426361,0.5145733952522278,-0.42042726278305054,0.1495542973279953,-0.0009647026720046858,0.1282042487280194
1789260155.9169447,-1.2288556098937988,0.6648117303848267,0.6272982358932495,-1.7317785024642944,-0.47819140553474426,2.236598491668701,0.40298721194267273,0.5142197608947754,-0.4207035303115845,0.14966364204883575,-0.0008553579511642317,0.11534989781745353
1789260155.9505687,-1.2246006727218628,0.6619101762771606,0.6204906702041626,-1.7329106330871582,-0.4723348319530487,2.238661766052246,0.4200902581214905,0.5136328935623169,-0.4211794435977936,0.14961573481559753,-0.000903265184402452,0.11869406681127799
1789260155.9841707,-1.220309853553772,0.6588172912597656,0.6133291125297546,-1.7341015338897705,-0.466142475605011,2.24078369140625,0.4377937614917755,0.5129314064979553,-0.42178940773010254,0.1496085822582245,-0.0009104177417754988,0.12033130429241841
1789260156.017821,-1.2159448862075806,0.65589439868927,0.6063850522041321,-1.7352724075317383,-0.4602299928665161,2.2428650856018066,0.4552687704563141,0.5123295783996582,-0.42228198051452637,0.14957743883132935,-0.0009415611686706404,0.11869406681127799
1789260156.0515194,-1.2110850811004639,0.6529235243797302,0.5996800661087036,-1.7366565465927124,-0.4541407525539398,2.2449378967285156,0.47287482023239136,0.5120067596435547,-0.4223385155200958,0.14955922961235046,-0.0009597703876495223,0.12194656246489412
1789260156.085139,-1.206478238105774,0.6501083374023438,0.5927876234054565,-1.7380558252334595,-0.4480860233306885,2.246940851211548,0.49046850204467773,0.5114660859107971,-0.42258742451667786,0.14942359924316406,-0.0010954007568359236,0.13847642022149
1789260156.1187234,-1.2019848823547363,0.6472072005271912,0.5857815742492676,-1.7394379377365112,-0.44213512539863586,2.248948335647583,0.5080026388168335,0.5108323097229004,-0.42299097776412964,0.14934490621089935,-0.0011740937891006331,0.145369962588823
1789260156.1523721,-1.197522759437561,0.6442931890487671,0.5787310004234314,-1.740776777267456,-0.43613699078559875,2.2509756088256836,0.5255947709083557,0.5101810097694397,-0.42345941066741943,0.14930732548236847,-0.001211674517631517,0.1480375253231069
1789260156.186041,-1.1930934190750122,0.641369104385376,0.5716015696525574,-1.7420989274978638,-0.4300517439842224,2.2530243396759033,0.5433125495910645,0.5094928741455078,-0.4239947497844696,0.14929258823394775,-0.0012264117660522322,0.14670980696444608
1789260156.2196808,-1.1887404918670654,0.6385933756828308,0.5648040175437927,-1.7434495687484741,-0.4242647588253021,2.254986047744751,0.5602853298187256,0.5088723301887512,-0.4244188964366913,0.14925801753997803,-0.0012609824600219588,0.1480375253231069
1789260156.253303,-1.1839144229888916,0.6355777978897095,0.5577967166900635,-1.7449666261672974,-0.4181344509124756,2.2570419311523438,0.5784373879432678,0.5083737373352051,-0.4246646463871002,0.14928771555423737,-0.0012312844457626204,0.145369962588823
1789260156.286907,-1.1791726350784302,0.6325613856315613,0.5509938597679138,-1.7463414669036865,-0.41209572553634644,2.2590856552124023,0.5960021615028381,0.5079541802406311,-0.4249347448348999,0.1494344025850296,-0.001084597414970384,0.12666881248565126
1789260156.3205366,-1.17475426197052,0.6297905445098877,0.5442384481430054,-1.7476493120193481,-0.4062614440917969,2.2610116004943848,0.6130666136741638,0.5073839426040649,-0.42535197734832764,0.14948411285877228,-0.0010348871412277083,0.12194656246489412
1789260156.3541565,-1.1703543663024902,0.6270403861999512,0.5369716286659241,-1.7491416931152344,-0.4003332555294037,2.2629430294036865,0.6307602524757385,0.5065421462059021,-0.4259430170059204,0.14937825500965118,-0.001140744990348802,0.12972151222939818
1789260156.387848,-1.1661421060562134,0.6244253516197205,0.5297835469245911,-1.7505605220794678,-0.3944050967693329,2.2648439407348633,0.6482154130935669,0.5056551098823547,-0.4266071319580078,0.14925681054592133,-0.0012621894540786605,0.13847642022149
1789260156.4214065,-1.1613487005233765,0.621559202671051,0.5229195356369019,-1.7520943880081177,-0.38839244842529297,2.26680588722229,0.6658680438995361,0.5051678419113159,-0.42684194445610046,0.14932100474834442,-0.0011979952516555648,0.13270400689029618
1789260156.455062,-1.1566613912582397,0.6187497973442078,0.5160700082778931,-1.7536264657974243,-0.38255396485328674,2.26871395111084,0.6833987832069397,0.5046194791793823,-0.42713868618011475,0.14937137067317963,-0.0011476293268203597,0.12354070345060089
1789260156.4886494,-1.152090072631836,0.6160812377929688,0.5090895891189575,-1.7552069425582886,-0.3767564594745636,2.270617723464966,0.7009599804878235,0.5039389133453369,-0.4275280833244324,0.1493174135684967,-0.001201586431503282,0.12666881248565126
1789260156.5222795,-1.1475871801376343,0.6135385632514954,0.5019052624702454,-1.756888747215271,-0.3708130717277527,2.272425889968872,0.7185162901878357,0.5030941367149353,-0.42797693610191345,0.149126797914505,-0.0013922020854949813,0.14670980696444608
1789260156.555918,-1.143041968345642,0.6108338832855225,0.49471932649612427,-1.7585045099258423,-0.3649515211582184,2.274301528930664,0.736279308795929,0.5023016929626465,-0.4284825623035431,0.14908774197101593,-0.001431258028984056,0.1480375253231069
1789260156.5895228,-1.1388705968856812,0.6082273125648499,0.48769357800483704,-1.760023593902588,-0.3592967987060547,2.276064872741699,0.7532913684844971,0.5014034509658813,-0.42914053797721863,0.14906716346740723,-0.0014518365325927596,0.1480375253231069
1789260156.623156,-1.134075403213501,0.6054651141166687,0.4805415868759155,-1.7616530656814575,-0.3533167839050293,2.2780044078826904,0.771421492099762,0.5007510781288147,-0.42952945828437805,0.1491122841835022,-0.0014067158164977889,0.13988230894202303
1789260156.6567721,-1.129483699798584,0.6029327511787415,0.4739037752151489,-1.7632554769515991,-0.3475918471813202,2.279784679412842,0.7884233593940735,0.5001877546310425,-0.429776132106781,0.1491166055202484,-0.001402394479751573,0.13988230894202303
1789260156.6903853,-1.1248226165771484,0.6003211736679077,0.46689894795417786,-1.7648682594299316,-0.3418579399585724,2.2816131114959717,0.8060340285301208,0.49950262904167175,-0.4301806390285492,0.14913274347782135,-0.001386256522178636,0.1341703946898555
1789260156.7239738,-1.120344638824463,0.597689151763916,0.4596301019191742,-1.7665618658065796,-0.3359187841415405,2.2834324836730957,0.8237296342849731,0.49861088395118713,-0.43076440691947937,0.149109348654747,-0.0014096513452529769,0.13270400689029618
1789260156.757592,-1.1160876750946045,0.5950600504875183,0.45240381360054016,-1.768187403678894,-0.33012333512306213,2.2851552963256836,0.8411409854888916,0.4976329505443573,-0.43147632479667664,0.1491321325302124,-0.0013868674697875838,0.1282042487280194
1789260156.79115,-1.111528992652893,0.5923547148704529,0.44526946544647217,-1.7698605060577393,-0.3243384063243866,2.2869226932525635,0.8588157892227173,0.49682876467704773,-0.4320082664489746,0.14922061562538147,-0.0012983843746185164,0.11703392759136522
1789260156.8246863,-1.1069517135620117,0.5898366570472717,0.4385833740234375,-1.7715429067611694,-0.31871452927589417,2.288574457168579,0.8758397102355957,0.4961874783039093,-0.4323045611381531,0.1492651253938675,-0.0012538746061324935,0.11534989781745353
1789260156.8583152,-1.1021627187728882,0.5871540904045105,0.43142521381378174,-1.77330482006073,-0.3127753734588623,2.2903363704681396,0.8939460515975952,0.4954553544521332,-0.43270623683929443,0.14934110641479492,-0.0011778935852050643,0.11014342980975618
1789260156.8918636,-1.097640872001648,0.584492027759552,0.4242861270904541,-1.775052785873413,-0.30707916617393494,2.291869878768921,0.9115487933158875,0.4945637583732605,-0.43324074149131775,0.14941424131393433,-0.00110475868606566,0.11014342980975618
1789260156.9254658,-1.0931711196899414,0.5818163156509399,0.4174484312534332,-1.776700735092163,-0.30164825916290283,2.2933318614959717,0.9286140203475952,0.49378421902656555,-0.43372461199760437,0.14959153532981873,-0.0009274646701812606,0.09691329395132914
1789260156.9591029,-1.0888886451721191,0.5791015028953552,0.41005951166152954,-1.7784494161605835,-0.2958677411079407,2.294828414916992,0.9463014602661133,0.4926772117614746,-0.43450841307640076,0.14970286190509796,-0.0008161380949020247,0.09691329395132914
1789260156.9927022,-1.0844535827636719,0.5765475630760193,0.4029340445995331,-1.7801927328109741,-0.29017454385757446,2.296316146850586,0.9637742638587952,0.4917367994785309,-0.43508782982826233,0.14977242052555084,-0.0007465794744491439,0.09691329395132914
1789260157.0263176,-1.0797039270401,0.5739687085151672,0.3959577977657318,-1.7820947170257568,-0.28453513979911804,2.2977755069732666,0.9813910722732544,0.49095651507377625,-0.4354047477245331,0.14982813596725464,-0.0006908640327453475,0.10087055545943382
1789260157.0599327,-1.0749486684799194,0.571316659450531,0.38905221223831177,-1.7839062213897705,-0.2788911759853363,2.2992703914642334,0.9989544153213501,0.4902454912662506,-0.43574267625808716,0.1499977856874466,-0.0005212143125533919,0.09278741380920028
1789260157.0935183,-1.0704799890518188,0.5686706900596619,0.38189926743507385,-1.785661220550537,-0.27320247888565063,2.3007493019104004,1.0164566040039062,0.4893101155757904,-0.43635687232017517,0.15017586946487427,-0.00034313053512571856,0.08392937202498843
1789260157.1271138,-1.0660878419876099,0.5659975409507751,0.37462010979652405,-1.787345051765442,-0.2675522267818451,2.3022403717041016,1.034071922302246,0.48830386996269226,-0.4371086061000824,0.1504073143005371,-0.00011168569946287676,0.0625572578997782
1789260157.160711,-1.0622506141662598,0.563621997833252,0.3681158423423767,-1.7887989282608032,-0.26264914870262146,2.30344820022583,1.0499470233917236,0.48734787106513977,-0.43784284591674805,0.15063421428203583,0.0001152142820358415,0.0625572578997782
1789260157.1942651,-1.0587167739868164,0.5616799592971802,0.362280011177063,-1.7900187969207764,-0.25799694657325745,2.3045997619628906,1.0641288757324219,0.4865592122077942,-0.4384481608867645,0.150775745511055,0.00025674551105500654,0.05233915627441309
1789260157.2278788,-1.0550284385681152,0.5596840977668762,0.3564547300338745,-1.7913627624511719,-0.25336065888404846,2.3057377338409424,1.0785716772079468,0.48581406474113464,-0.43894535303115845,0.1509123295545578,0.00039332955455781415,0.03956468264845247
1789260157.261527,-1.0515800714492798,0.5576867461204529,0.35088467597961426,-1.792601466178894,-0.2489481121301651,2.3068273067474365,1.0921249389648438,0.4850858747959137,-0.43949538469314575,0.15113011002540588,0.0006111100254058976,0.044234660174789026
1789260157.2950914,-1.0484567880630493,0.5557200908660889,0.3479412794113159,-1.794249415397644,-0.24636319279670715,2.308297872543335,1.101277470588684,0.48527857661247253,-0.43904945254325867,0.1514822542667389,0.0009632542667389055,0.06561060592844098
1789260157.3287044,-1.044206976890564,0.5520669221878052,0.347717821598053,-1.7998435497283936,-0.24533815681934357,2.3106064796447754,1.11032235622406,0.48642706871032715,-0.4359673261642456,0.1516030728816986,0.0010840728816986223,0.07132624918176021
1789260157.3622851,-1.0393025875091553,0.5487599968910217,0.34830525517463684,-1.8056704998016357,-0.24435287714004517,2.3130297660827637,1.119451642036438,0.4881274700164795,-0.4320722222328186,0.15150503814220428,0.0009860381422042985,0.048456642643301504
1789260157.3959048,-1.0348533391952515,0.5453590750694275,0.34855014085769653,-1.8115397691726685,-0.24336616694927216,2.315387010574341,1.1285055875778198,0.4894314706325531,-0.4285467267036438,0.15140341222286224,0.0008844122228622575,0.019782341029446364
1789260157.4295173,-1.0289160013198853,0.5402191877365112,0.34860146045684814,-1.8204928636550903,-0.24218715727329254,2.3186213970184326,1.1424914598464966,0.49077656865119934,-0.4237104654312134,0.15114915370941162,0.000630153709411635,0.0
1789260157.4631116,-1.0198538303375244,0.5328006148338318,0.34936219453811646,-1.8320130109786987,-0.24060581624507904,2.323213577270508,1.1605638265609741,0.49347856640815735,-0.4166245460510254,0.15141814947128296,0.0008991494712829728,0.0
1789260157.496775,-1.011230707168579,0.525898277759552,0.350309818983078,-1.8429458141326904,-0.23908066749572754,2.3275084495544434,1.177504539489746,0.4960176646709442,-0.40973904728889465,0.1515939086675644,0.001074908667564406,0.019782341029446364
1789260157.5303867,-1.0028257369995117,0.5191922783851624,0.3507678806781769,-1.8538908958435059,-0.2374936044216156,2.332174062728882,1.1950984001159668,0.4981989562511444,-0.40318742394447327,0.15161632001399994,0.0010973200139999528,0.0
1789260157.5639918,-0.9944154620170593,0.5124576091766357,0.35133376717567444,-1.8654417991638184,-0.23599833250045776,2.3364202976226807,1.2126193046569824,0.5000787973403931,-0.3963485360145569,0.151370570063591,0.0008515700635910173,0.05595291190411357
1789260157.5975761,-0.9871078729629517,0.506976842880249,0.3520910441875458,-1.8747763633728027,-0.23465819656848907,2.340219020843506,1.2270816564559937,0.5019201636314392,-0.3904525339603424,0.15125016868114471,0.0007311686811447282,0.07132624918176021
1789260157.6312509,-0.9803146123886108,0.5007655024528503,0.3523039221763611,-1.8842860460281372,-0.23336349427700043,2.343827486038208,1.2417978048324585,0.5032474398612976,-0.38511791825294495,0.15141957998275757,0.0009005799827575822,0.07401874722002606
1789260157.6648083,-0.9731156229972839,0.49496784806251526,0.35282424092292786,-1.8937251567840576,-0.23209673166275024,2.3475632667541504,1.2563115358352661,0.5047865509986877,-0.3794044256210327,0.15140248835086823,0.000883488350868239,0.07912937001338383
1789260157.6983771,-0.9669836163520813,0.4906570613384247,0.35369595885276794,-1.9013352394104004,-0.230991929769516,2.350794553756714,1.2689024209976196,0.5062837600708008,-0.37436941266059875,0.15122924745082855,0.0007102474508285661,0.09487278508118449
1789260157.7320414,-0.9643200635910034,0.48906826972961426,0.3534560799598694,-1.9037301540374756,-0.23001636564731598,2.3520348072052,1.2722631692886353,0.5069026350975037,-0.37267565727233887,0.15128237009048462,0.000763370090484633,0.09278741380920028
1789260157.765617,-0.962417721748352,0.48733407258987427,0.3522823750972748,-1.9061789512634277,-0.229136124253273,2.3529555797576904,1.2730045318603516,0.5067963004112244,-0.3718125522136688,0.15128237009048462,0.000763370090484633,0.08846932694105811
1789260157.7993193,-0.9601985812187195,0.48581624031066895,0.3512459397315979,-1.908514380455017,-0.22814293205738068,2.354094982147217,1.2737454175949097,0.5069164037704468,-0.37073782086372375,0.15123270452022552,0.0007137045202255388,0.09278741380920028
1789260157.8328834,-0.9574790596961975,0.4840630292892456,0.3498843312263489,-1.9111838340759277,-0.2269856184720993,2.3551993370056152,1.27092444896698,0.507013201713562,-0.3694879412651062,0.15115326642990112,0.0006342664299011369,0.10279207254188717
1789260157.8664448,-0.9510694742202759,0.4809326231479645,0.3444206714630127,-1.9154630899429321,-0.2225131392478943,2.3576722145080566,1.258764624595642,0.5068881511688232,-0.36799976229667664,0.15097561478614807,0.00045661478614808515,0.10653118153060223
1789260157.9001117,-0.9429739117622375,0.47667360305786133,0.3381791412830353,-1.9210724830627441,-0.21755351126194,2.3601527214050293,1.2447737455368042,0.5068005323410034,-0.36577916145324707,0.15086841583251953,0.0003494158325195451,0.1282042487280194
1789260157.933688,-0.9351016283035278,0.4723570942878723,0.3316786587238312,-1.9263198375701904,-0.21256527304649353,2.362757921218872,1.2307929992675781,0.5066582560539246,-0.3639470338821411,0.15094639360904694,0.0004273936090469499,0.1282042487280194
1789260157.9672627,-0.9277483820915222,0.4680704176425934,0.3244636356830597,-1.9316424131393433,-0.20759929716587067,2.3653178215026855,1.2163920402526855,0.5060030221939087,-0.3627212345600128,0.15092748403549194,0.0004084840354919572,0.1341703946898555
1789260158.0008912,-0.9181228876113892,0.46289780735969543,0.3159346878528595,-1.9387106895446777,-0.2013707011938095,2.368476390838623,1.198776364326477,0.505362868309021,-0.3605891466140747,0.1506883203983307,0.00016932039833070234,0.17582936122100767
1789260158.034484,-0.9085574746131897,0.45805656909942627,0.3080226182937622,-1.9453638792037964,-0.19528502225875854,2.37172794342041,1.1816078424453735,0.505028247833252,-0.3583003282546997,0.15050509572029114,-1.3904279708848444e-05,0.19483355668961086
1789260158.068185,-0.8987424373626709,0.4527503252029419,0.29939335584640503,-1.9522937536239624,-0.18886423110961914,2.3751308917999268,1.163628101348877,0.5044962763786316,-0.3562451899051666,0.1504669040441513,-5.209595584867999e-05,0.2007689357290851
1789260158.1017878,-0.8892065286636353,0.44735586643218994,0.2915762960910797,-1.9586989879608154,-0.18282140791416168,2.3783843517303467,1.146527647972107,0.5042967200279236,-0.3541267514228821,0.15076668560504913,0.00024768560504914716,0.17017419378319848
1789260158.1353962,-0.8795211911201477,0.44215521216392517,0.28326860070228577,-1.9654568433761597,-0.17652857303619385,2.3816192150115967,1.1289738416671753,0.5038194060325623,-0.35205090045928955,0.15079376101493835,0.00027476101493836835,0.16902045629320203
1789260158.1690211,-0.8699820637702942,0.4371093213558197,0.27460986375808716,-1.9725457429885864,-0.17013664543628693,2.384833574295044,1.1112366914749146,0.5030179023742676,-0.3501221537590027,0.1505933552980423,7.435529804231122e-05,0.19382665722055112
1789260158.202618,-0.860365629196167,0.43217897415161133,0.26637688279151917,-1.9792579412460327,-0.1639586091041565,2.3881959915161133,1.093832015991211,0.5025187134742737,-0.3480866551399231,0.15054313838481903,2.4138384819044623e-05,0.19077407530073984
1789260158.2362657,-0.8506775498390198,0.42666053771972656,0.2579997181892395,-1.9860841035842896,-0.1576867401599884,2.391519546508789,1.0762052536010742,0.5020060539245605,-0.3461480140686035,0.1508047878742218,0.0002857878742218156,0.16432452156180907
1789260158.2699652,-0.8416153192520142,0.4214809238910675,0.2500898540019989,-1.992461085319519,-0.1517377346754074,2.3947606086730957,1.0597736835479736,0.5015204548835754,-0.3444037139415741,0.1510908156633377,0.0005718156633377214,0.12972151222939818
1789260158.3035429,-0.8322660326957703,0.416465699672699,0.24166058003902435,-1.9996055364608765,-0.1457027792930603,2.397904634475708,1.0429543256759644,0.5006383657455444,-0.3425416946411133,0.15095120668411255,0.0004322066841125627,0.145369962588823
1789260158.337115,-0.8234090209007263,0.41153639554977417,0.23316103219985962,-2.006396770477295,-0.13962134718894958,2.4011058807373047,1.0263444185256958,0.4996718466281891,-0.3410740792751312,0.15092724561691284,0.00040824561691285566,0.14265252599748507
1789260158.3706825,-0.8148075938224792,0.4065566062927246,0.2251412570476532,-2.012946367263794,-0.13379140198230743,2.404113292694092,1.0105329751968384,0.4988281726837158,-0.3395814597606659,0.15106020867824554,0.0005412086782455583,0.12666881248565126
1789260158.4042737,-0.8053206205368042,0.40078532695770264,0.21537426114082336,-2.0209858417510986,-0.12728095054626465,2.4077348709106445,0.9935058951377869,0.49736738204956055,-0.3382570147514343,0.15104614198207855,0.0005271419820785661,0.13562092827251515
1789260158.4379573,-0.7957272529602051,0.394300252199173,0.20399656891822815,-2.0304791927337646,-0.12027819454669952,2.4113810062408447,0.9755706787109375,0.4949610233306885,-0.3373756408691406,0.15082326531410217,0.0003042653141021867,0.1866263135942662
1789260158.471526,-0.7865719795227051,0.3883291184902191,0.19338080286979675,-2.038935661315918,-0.11349912732839584,2.415073871612549,0.9585819840431213,0.4929676353931427,-0.33658769726753235,0.15078845620155334,0.0002694562015533586,0.1988101655906956
1789260158.5051866,-0.7770247459411621,0.3820994794368744,0.1825125366449356,-2.0481224060058594,-0.10680586844682693,2.418689012527466,0.9410529732704163,0.4907682240009308,-0.33558139204978943,0.15062636137008667,0.00010736137008668378,0.23406797725889517
1789260158.5387669,-0.7675965428352356,0.3760639429092407,0.17126542329788208,-2.057224988937378,-0.0997995138168335,2.422393560409546,0.923405647277832,0.488416463136673,-0.3348313271999359,0.15041017532348633,-0.00010882467651365801,0.26169599974856805
1789260158.5723891,-0.7580828666687012,0.3695586919784546,0.16052626073360443,-2.0661001205444336,-0.09288221597671509,2.426105260848999,0.905914843082428,0.4864077866077423,-0.33393019437789917,0.1506088674068451,8.986740684510663e-05,0.2510099675688194
1789260158.6062505,-0.7484503984451294,0.36325177550315857,0.14953193068504333,-2.0751562118530273,-0.08600233495235443,2.429910659790039,0.8882852792739868,0.4842660129070282,-0.33305367827415466,0.15064768493175507,0.00012868493175507978,0.24787221470538592
1789260158.6398284,-0.7390725612640381,0.35724639892578125,0.13842357695102692,-2.084282398223877,-0.07909533381462097,2.433605670928955,0.8706015348434448,0.48190757632255554,-0.3323025405406952,0.15049895644187927,-2.0043558120713678e-05,0.2579303869547666
1789260158.6734302,-0.7294531464576721,0.350981205701828,0.12761640548706055,-2.093311071395874,-0.07219120115041733,2.4373466968536377,0.853143036365509,0.4798075258731842,-0.33136317133903503,0.15057918429374695,6.01842937469621e-05,0.24147442349920606
1789260158.7069874,-0.720147967338562,0.34459206461906433,0.11641708016395569,-2.102386951446533,-0.06534183770418167,2.4410548210144043,0.8354884386062622,0.4774510860443115,-0.3307836651802063,0.15072515606880188,0.00020615606880189374,0.2272819425665676
1789260158.7406046,-0.7108807563781738,0.33867520093917847,0.10587877780199051,-2.110940933227539,-0.058599695563316345,2.444723129272461,0.8185279369354248,0.47542279958724976,-0.3299925923347473,0.150840625166893,0.00032162516689301923,0.19382665722055112
1789260158.7742307,-0.701075553894043,0.332283079624176,0.09496474266052246,-2.1201629638671875,-0.05160555988550186,2.4483563899993896,0.8007959723472595,0.4732606112957001,-0.3289998173713684,0.15097616612911224,0.0004571661291122575,0.1655109964311004
1789260158.807867,-0.6917856335639954,0.32596462965011597,0.08337024599313736,-2.1296324729919434,-0.044815849512815475,2.4521007537841797,0.7830944657325745,0.4705978035926819,-0.32854336500167847,0.15099230408668518,0.0004733040866851945,0.1532333996180995
1789260158.8415043,-0.6831105947494507,0.3200038969516754,0.07273725420236588,-2.138643503189087,-0.039652034640312195,2.4555792808532715,0.7681242823600769,0.4680761396884918,-0.3280502259731293,0.1509978473186493,0.00047884731864930585,0.17017419378319848
1789260158.8751032,-0.6743947267532349,0.3135637640953064,0.061522528529167175,-2.148047685623169,-0.03423718363046646,2.459049940109253,0.7525249719619751,0.4652932286262512,-0.3277570903301239,0.15113241970539093,0.000613419705390944,0.18130822512890998
1789260158.908812,-0.6657253503799438,0.3074915111064911,0.050082020461559296,-2.1576716899871826,-0.028925566002726555,2.462498426437378,0.7369014024734497,0.4622727632522583,-0.327494740486145,0.15098686516284943,0.00046786516284944013,0.2112177217315485
1789260158.9424336,-0.65652996301651,0.3010231852531433,0.03822650387883186,-2.167525053024292,-0.023583251982927322,2.46625018119812,0.7209088802337646,0.45930391550064087,-0.3272029757499695,0.1510181576013565,0.0004991576013565202,0.22555353545062423
1789260158.9759772,-0.6462362408638,0.2933809161186218,0.024534014984965324,-2.179447650909424,-0.017842857167124748,2.4702537059783936,0.703272819519043,0.4555158019065857,-0.3268628418445587,0.15093271434307098,0.00041371434307099775,0.2676107911134112
1789260159.0095627,-0.6367028951644897,0.28618109226226807,0.010992174968123436,-2.190431833267212,-0.012276407331228256,2.4743874073028564,0.6862282156944275,0.45183050632476807,-0.32701295614242554,0.15099935233592987,0.00048035233592988447,0.28667365437983994
1789260159.0432422,-0.6261705756187439,0.27845102548599243,-0.0028280317783355713,-2.2023539543151855,-0.006554307881742716,2.478494882583618,0.6681447625160217,0.4481028616428375,-0.3266195058822632,0.15101288259029388,0.0004938825902938981,0.30454562610362684
1789260159.0769184,-0.6161735653877258,0.27124375104904175,-0.016664186492562294,-2.214124917984009,-0.000857298553455621,2.482445478439331,0.6505857706069946,0.4441453814506531,-0.3264228403568268,0.15079963207244873,0.00028063207244874433,0.3304306964646186
1789260159.110571,-0.606313943862915,0.2637954652309418,-0.02974660135805607,-2.225130081176758,0.004615827929228544,2.4864776134490967,0.6334595680236816,0.4407307505607605,-0.3261707127094269,0.15103474259376526,0.0005157425937652726,0.3134116129266708
1789260159.1441593,-0.5960623621940613,0.256381630897522,-0.043485842645168304,-2.2368624210357666,0.010256112553179264,2.490565061569214,0.6158114075660706,0.43695613741874695,-0.32582762837409973,0.15098829567432404,0.0004692956743240495,0.3083765484786035
1789260159.1777792,-0.5858300924301147,0.24877911806106567,-0.05764386057853699,-2.248642683029175,0.016069673001766205,2.4947803020477295,0.5976834297180176,0.4330712854862213,-0.3256757855415344,0.15104973316192627,0.0005307331619262834,0.28667365437983994
1789260159.2114394,-0.5760396122932434,0.24153481423854828,-0.0708395391702652,-2.2600038051605225,0.02160545252263546,2.498666524887085,0.5807011723518372,0.4294116497039795,-0.32529962062835693,0.1510489284992218,0.0005299284992218156,0.2594431906973403
1789260159.2450147,-0.5678274631500244,0.23526011407375336,-0.08234246075153351,-2.2694129943847656,0.02614430896937847,2.501805067062378,0.5663520693778992,0.42624878883361816,-0.3252018690109253,0.15119709074497223,0.0006780907449722429,0.2323900466696225
1789260159.2785816,-0.5604287981987,0.22969530522823334,-0.09301679581403732,-2.277954578399658,0.030380338430404663,2.504957675933838,0.5530655980110168,0.4233170747756958,-0.32524386048316956,0.1512916386127472,0.0007726386127472062,0.19683190382077603
1789260159.3121524,-0.5527068376541138,0.22413338720798492,-0.10341188311576843,-2.287062644958496,0.03467690572142601,2.5079145431518555,0.539776623249054,0.42034170031547546,-0.3248189091682434,0.15114900469779968,0.0006300046977996965,0.1747129721695325
1789260159.3457768,-0.5455656051635742,0.2192518264055252,-0.1122826635837555,-2.294985771179199,0.038836535066366196,2.511038303375244,0.5276737213134766,0.41806134581565857,-0.3242417871952057,0.1510937213897705,0.0005747213897705217,0.12194656246489412
1789260159.3793876,-0.5390188694000244,0.21463778614997864,-0.11846209317445755,-2.301330327987671,0.03988983482122421,2.513576030731201,0.5166954398155212,0.41685381531715393,-0.32318347692489624,0.1514086276292801,0.0008896276292801042,0.10653118153060223
1789260159.4130156,-0.5293049216270447,0.20898281037807465,-0.12396854907274246,-2.3096120357513428,0.03998640552163124,2.515881061553955,0.5029847025871277,0.41623929142951965,-0.3200684189796448,0.1514967381954193,0.0009777381954193254,0.1370561110185936
1789260159.4465747,-0.5199571847915649,0.20413120090961456,-0.1289415806531906,-2.317110061645508,0.039978258311748505,2.518198251724243,0.4899989664554596,0.41583725810050964,-0.317024290561676,0.15144994854927063,0.0009309485492706437,0.1655109964311004
1789260159.480169,-0.5109897255897522,0.19875183701515198,-0.1347518116235733,-2.324742317199707,0.0399910993874073,2.5206217765808105,0.4764564037322998,0.4150727391242981,-0.31453001499176025,0.15163984894752502,0.0011208489475250383,0.19179700087998583
1789260159.513913,-0.49937504529953003,0.19185656309127808,-0.142148956656456,-2.3349461555480957,0.03999073803424835,2.523658275604248,0.45902010798454285,0.4139532446861267,-0.3111349642276764,0.1517053246498108,0.0011863246498108049,0.2272819425665676
1789260159.5475373,-0.48732975125312805,0.18488143384456635,-0.14907212555408478,-2.3450710773468018,0.039946943521499634,2.5267457962036133,0.44153133034706116,0.41314497590065,-0.3073916733264923,0.1518246978521347,0.0013056978521347185,0.24787221470538592
1789260159.5811458,-0.4751208424568176,0.17788727581501007,-0.15610773861408234,-2.355041980743408,0.039767760783433914,2.5300302505493164,0.4239356219768524,0.4124144911766052,-0.30370426177978516,0.15201520919799805,0.0014962091979980607,0.26906917401866154
1789260159.6147726,-0.4633690416812897,0.17120234668254852,-0.16296358406543732,-2.365084171295166,0.03959212824702263,2.533013343811035,0.406829833984375,0.4114462733268738,-0.3000430762767792,0.15197838842868805,0.0014593884286880632,0.29006636730293733
1789260159.64833,-0.45120105147361755,0.16426977515220642,-0.17046523094177246,-2.3754210472106934,0.03944622725248337,2.536324977874756,0.38885173201560974,0.4103565812110901,-0.29647085070610046,0.1519785225391388,0.0014595225391388078,0.3051874526224817
1789260159.6819339,-0.4390490651130676,0.15699869394302368,-0.17755043506622314,-2.3855478763580322,0.03924039006233215,2.539461851119995,0.37120166420936584,0.409470796585083,-0.2927868664264679,0.15218697488307953,0.0016679748830795427,0.3096429903475205
1789260159.715521,-0.42749544978141785,0.15042220056056976,-0.18449832499027252,-2.3955554962158203,0.03908294811844826,2.542409896850586,0.3542407155036926,0.4083288311958313,-0.2892402112483978,0.15206019580364227,0.0015411958036422868,0.31527903204183383
1789260159.7491362,-0.4152975380420685,0.1435016691684723,-0.19160494208335876,-2.405604600906372,0.03889605775475502,2.5457634925842285,0.3364940583705902,0.4074080288410187,-0.28556370735168457,0.15210850536823273,0.001589505368232741,0.31090427356701644
1789260159.782683,-0.40353265404701233,0.13657493889331818,-0.19883841276168823,-2.415839672088623,0.038699060678482056,2.5488667488098145,0.3189891576766968,0.4061846137046814,-0.2820352017879486,0.15205247700214386,0.0015334770021438737,0.30454562610362684
1789260159.8162436,-0.39128991961479187,0.12959155440330505,-0.20585331320762634,-2.4259328842163086,0.03853393718600273,2.552125930786133,0.30138257145881653,0.4052276015281677,-0.2782767713069916,0.15206843614578247,0.0015494361457824846,0.28667365437983994
1789260159.8498397,-0.37928780913352966,0.12260472029447556,-0.21301203966140747,-2.436039686203003,0.03834224119782448,2.5552926063537598,0.28375107049942017,0.4041147530078888,-0.2746599018573761,0.15205535292625427,0.0015363529262542863,0.26614441693319085
1789260159.8833716,-0.3673367500305176,0.11576579511165619,-0.2201496660709381,-2.4464449882507324,0.03813478723168373,2.558305263519287,0.26628750562667847,0.4027946889400482,-0.270945280790329,0.151828795671463,0.0013097956714630266,0.24628834802245791
1789260159.9169729,-0.35574132204055786,0.10908325016498566,-0.22705665230751038,-2.4560275077819824,0.03799815848469734,2.5614383220672607,0.24923375248908997,0.4017508029937744,-0.26749056577682495,0.15181973576545715,0.0013007357654571672,0.21397885808123562
1789260159.9505842,-0.3454688787460327,0.10291316360235214,-0.23321743309497833,-2.464627504348755,0.0378451906144619,2.5641095638275146,0.23429232835769653,0.4007738530635834,-0.2644190490245819,0.15186311304569244,0.0013441130456924577,0.17804114001225932
1789260159.9841664,-0.3345739543437958,0.09693409502506256,-0.2394540011882782,-2.4739091396331787,0.03769154101610184,2.5667800903320312,0.21854646503925323,0.39960619807243347,-0.26093876361846924,0.1515529751777649,0.0010339751777649064,0.1532333996180995
1789260160.0177794,-0.3243078887462616,0.09077715873718262,-0.24600905179977417,-2.4826736450195312,0.03760257363319397,2.569643259048462,0.20306812226772308,0.3984503448009491,-0.2580028772354126,0.151518777012825,0.000999777012825026,0.1083523598284494
1789260160.0514038,-0.3156588077545166,0.0857391282916069,-0.2506757378578186,-2.490086317062378,0.037293292582035065,2.571869373321533,0.19074898958206177,0.39761120080947876,-0.2551428973674774,0.15137293934822083,0.0008539393482208391,0.09065408419654447
1789260160.0850668,-0.3108087480068207,0.08231469243764877,-0.2568829357624054,-2.4943857192993164,0.03531202673912048,2.573254108428955,0.1832890659570694,0.39623546600341797,-0.2550806403160095,0.15155532956123352,0.0010363295612335344,0.11014342980975618
1789260160.1186707,-0.3066362142562866,0.07847408950328827,-0.26401031017303467,-2.4995627403259277,0.03327767923474312,2.574367046356201,0.17577610909938812,0.3941093981266022,-0.25541409850120544,0.15158535540103912,0.0010663554010391374,0.1532333996180995
1789260160.1522481,-0.30230146646499634,0.07484005391597748,-0.2709805369377136,-2.504133462905884,0.03126850351691246,2.5757675170898438,0.1682346910238266,0.39233681559562683,-0.2557786703109741,0.151757150888443,0.001238150888443007,0.1866263135942662
1789260160.1857936,-0.29653534293174744,0.07002536207437515,-0.2803595960140228,-2.5099735260009766,0.0284033864736557,2.5771684646606445,0.15932391583919525,0.38996851444244385,-0.2562918961048126,0.15201105177402496,0.0014920517740249772,0.23903110827999308
1789260160.2193725,-0.28880512714385986,0.06327196210622787,-0.2938235104084015,-2.518751621246338,0.024129964411258698,2.579220771789551,0.14628221094608307,0.38625195622444153,-0.2570819556713104,0.1521381139755249,0.0016191139755249162,0.3115330002733851
1789260160.2529871,-0.28104671835899353,0.055919941514730453,-0.3087821900844574,-2.5278193950653076,0.0194920115172863,2.5814666748046875,0.13252443075180054,0.3821775019168854,-0.2583611309528351,0.15241973102092743,0.001900731020927443,0.38052162477887846
1789260160.2865753,-0.2734566330909729,0.04892904311418533,-0.32262784242630005,-2.536024808883667,0.015038475394248962,2.5836925506591797,0.11958020180463791,0.3786562383174896,-0.25939181447029114,0.15280556678771973,0.0022865667877197404,0.4387946208856731
1789260160.320212,-0.265525221824646,0.04177577421069145,-0.33683446049690247,-2.544989585876465,0.0105064632371068,2.586270809173584,0.10612207651138306,0.374919593334198,-0.26020121574401855,0.1529819220304489,0.0024629220304489274,0.48537480214768347
1789260160.3537886,-0.25707975029945374,0.034507088363170624,-0.35116761922836304,-2.552518844604492,0.005656563211232424,2.5898056030273438,0.09224099665880203,0.37206321954727173,-0.2613144516944885,0.15377099812030792,0.0032519981203079362,0.5821548184120401
1789260160.3873343,-0.24953114986419678,0.026292987167835236,-0.36651691794395447,-2.561337947845459,0.0010453247232362628,2.5913033485412598,0.07838444411754608,0.36801356077194214,-0.2624930739402771,0.154271200299263,0.0037522002992630143,0.5961047263691928
1789260160.4209583,-0.24142423272132874,0.01940443180501461,-0.3813498616218567,-2.5719728469848633,-0.0038224265445023775,2.5929417610168457,0.06440669298171997,0.36332330107688904,-0.2626272439956665,0.1535186916589737,0.0029996916589737077,0.5542608507410386
1789260160.45454,-0.23305365443229675,0.01315666176378727,-0.39506471157073975,-2.581153392791748,-0.008375043980777264,2.5950233936309814,0.05085020512342453,0.35957619547843933,-0.2626005709171295,0.15302236378192902,0.00250336378192903,0.5482264046987578
1789260160.4881644,-0.22460156679153442,0.005220096092671156,-0.41000524163246155,-2.5907351970672607,-0.01310241874307394,2.5970919132232666,0.036703065037727356,0.3556799292564392,-0.26286032795906067,0.1530318260192871,0.0025128260192871232,0.5162412542683001
1789260160.5217192,-0.21671369671821594,-0.0020568263716995716,-0.42423155903816223,-2.599398374557495,-0.01764751970767975,2.5993595123291016,0.023215748369693756,0.3521360158920288,-0.2632388472557068,0.15306787192821503,0.0025488719282150407,0.48537480214768347
1789260160.5553415,-0.20861691236495972,-0.009046802297234535,-0.43890851736068726,-2.608494758605957,-0.02238118276000023,2.601590633392334,0.009290724992752075,0.3483193814754486,-0.26347658038139343,0.15278257429599762,0.0022635742959976335,0.44631108286808646
1789260160.5889783,-0.2003319412469864,-0.01660267263650894,-0.453664630651474,-2.617826461791992,-0.027205972000956535,2.6038081645965576,-0.00463707884773612,0.3445603549480438,-0.26353564858436584,0.15258514881134033,0.002066148811340346,0.38613662113324465
1789260160.6225634,-0.19346489012241364,-0.02322819083929062,-0.4669748544692993,-2.6258785724639893,-0.031131064519286156,2.6056904792785645,-0.016708364710211754,0.3411313593387604,-0.26379600167274475,0.152406707406044,0.0018877074060440202,0.3140353198057528
1789260160.65622,-0.18644776940345764,-0.02921021357178688,-0.47941282391548157,-2.6333889961242676,-0.035051893442869186,2.607748508453369,-0.028509657829999924,0.3381195366382599,-0.26380759477615356,0.15215259790420532,0.0016335979042053361,0.2510099675688194
1789260160.6898859,-0.17953690886497498,-0.03556323051452637,-0.4919072389602661,-2.641172409057617,-0.03898622840642929,2.6095829010009766,-0.04008651152253151,0.33500683307647705,-0.26370829343795776,0.15188531577587128,0.0013663157758712907,0.17017419378319848
1789260160.7234561,-0.17287324368953705,-0.0413677878677845,-0.5033829212188721,-2.6487104892730713,-0.04285963997244835,2.611534833908081,-0.05157154053449631,0.3321353793144226,-0.26336726546287537,0.15147989988327026,0.0009608998832702775,0.10279207254188717
1789260160.757086,-0.16739977896213531,-0.04563096538186073,-0.5127133131027222,-2.6531481742858887,-0.04765291512012482,2.6121137142181396,-0.061325185000896454,0.3301987648010254,-0.26347118616104126,0.15146510303020477,0.0009461030302047868,0.10653118153060223
1789260160.790658,-0.1617686152458191,-0.049955517053604126,-0.522686243057251,-2.656395196914673,-0.053820401430130005,2.6125240325927734,-0.0717453807592392,0.3285576403141022,-0.2640969157218933,0.15185047686100006,0.001331476861000075,0.12511453444308365
1789260160.824273,-0.15626239776611328,-0.05437982827425003,-0.5335030555725098,-2.6600699424743652,-0.060427870601415634,2.6128482818603516,-0.08258259296417236,0.32649940252304077,-0.26486632227897644,0.15208159387111664,0.001562593871116652,0.16192549306284887
1789260160.8578944,-0.1504366546869278,-0.058594733476638794,-0.5449065566062927,-2.6639187335968018,-0.06715194135904312,2.6131179332733154,-0.09371815621852875,0.3242628574371338,-0.2656139135360718,0.15213848650455475,0.0016194865045547624,0.2007689357290851
1789260160.8914948,-0.14320816099643707,-0.06402026116847992,-0.558917760848999,-2.668304204940796,-0.07557135820388794,2.6134071350097656,-0.10783485323190689,0.32170602679252625,-0.26657676696777344,0.15237878262996674,0.0018597826299667497,0.23984831222536715
1789260160.9250593,-0.1354481726884842,-0.07010848075151443,-0.5735647678375244,-2.673083782196045,-0.08463570475578308,2.6137232780456543,-0.12264172732830048,0.31909698247909546,-0.26741206645965576,0.15266548097133636,0.0021464809713363786,0.27051969489285804
1789260160.95863,-0.12757281959056854,-0.07589738816022873,-0.5880417227745056,-2.6777472496032715,-0.0935206189751625,2.614030599594116,-0.137549489736557,0.3165673315525055,-0.26812463998794556,0.1528422087430954,0.002323208743095412,0.2947505664483941
1789260160.992225,-0.11989734321832657,-0.08164727687835693,-0.6028801202774048,-2.68247127532959,-0.10258852690458298,2.6143105030059814,-0.15247710049152374,0.31386324763298035,-0.268928587436676,0.15292884409427643,0.002409844094276442,0.3140353198057528
1789260161.0258312,-0.11208467185497284,-0.08755145967006683,-0.617554247379303,-2.687166929244995,-0.11161810904741287,2.6146464347839355,-0.16745342314243317,0.31130093336105347,-0.269597589969635,0.15303869545459747,0.002519695454597487,0.32203360287353744
1789260161.059459,-0.10439874976873398,-0.09328517317771912,-0.6316176652908325,-2.6917710304260254,-0.12046671658754349,2.6149396896362305,-0.18192943930625916,0.3088796138763428,-0.2700861990451813,0.1530846208333969,0.0025656208333969255,0.3250574669850846
1789260161.0931013,-0.09657188504934311,-0.09918806701898575,-0.6468250751495361,-2.696723222732544,-0.12957730889320374,2.61519718170166,-0.1971789449453354,0.30610018968582153,-0.2706852853298187,0.15298861265182495,0.002469612651824965,0.31090427356701644
1789260161.1266832,-0.08912308514118195,-0.10499189049005508,-0.6611261963844299,-2.7012484073638916,-0.13827282190322876,2.615527391433716,-0.2116488814353943,0.30362987518310547,-0.2712253928184509,0.15298843383789062,0.002469433837890639,0.2907401591260049
1789260161.160258,-0.08132743090391159,-0.11061397194862366,-0.6756126284599304,-2.7059590816497803,-0.14734011888504028,2.6157848834991455,-0.2265222668647766,0.30110228061676025,-0.2715838849544525,0.15280599892139435,0.002286998921394362,0.27411241809811104
1789260161.193857,-0.07337934523820877,-0.11653488874435425,-0.690161406993866,-2.7106714248657227,-0.15635624527931213,2.6161155700683594,-0.24139957129955292,0.298682302236557,-0.2718653678894043,0.1526760458946228,0.0021570458946228166,0.23984831222536715
1789260161.2274811,-0.06602399796247482,-0.12232577800750732,-0.70489501953125,-2.7152442932128906,-0.1652035117149353,2.616427421569824,-0.25605323910713196,0.2960927188396454,-0.2723557651042938,0.15249718725681305,0.001978187256813063,0.1958352792096712
1789260161.2611015,-0.05817798525094986,-0.1282096654176712,-0.7193840742111206,-2.720047950744629,-0.17412807047367096,2.6166884899139404,-0.27090251445770264,0.2936474084854126,-0.2724834084510803,0.15222114324569702,0.0017021432456970353,0.1480375253231069
1789260161.2947178,-0.05130096152424812,-0.13335739076137543,-0.7324145436286926,-2.7241759300231934,-0.18206392228603363,2.6169474124908447,-0.28414827585220337,0.2914600670337677,-0.2726696729660034,0.15195615589618683,0.0014371558961868425,0.1083523598284494
1789260161.3283246,-0.04554285481572151,-0.13691973686218262,-0.7426797151565552,-2.726337432861328,-0.1886265128850937,2.6169979572296143,-0.2954532206058502,0.2900838851928711,-0.2730807065963745,0.1519356369972229,0.0014166369972229143,0.09691329395132914
1789260161.361993,-0.03989141434431076,-0.14061102271080017,-0.7524562478065491,-2.728578567504883,-0.19504410028457642,2.6169536113739014,-0.3065105974674225,0.2887974679470062,-0.27332788705825806,0.15191370248794556,0.0013947024879455705,0.07912937001338383
1789260161.3955584,-0.034243885427713394,-0.14419198036193848,-0.7616579532623291,-2.730714797973633,-0.2012740820646286,2.6168558597564697,-0.31712469458580017,0.28767842054367065,-0.2734343707561493,0.15189078450202942,0.0013717845020294328,0.059347025446578223
1789260161.4291418,-0.02779322676360607,-0.14771749079227448,-0.7722505927085876,-2.7325923442840576,-0.20845530927181244,2.616464376449585,-0.3300311267375946,0.2864164710044861,-0.27373552322387695,0.1518411785364151,0.001322178536415114,0.06561060592844098
1789260161.4627423,-0.01922689750790596,-0.15211603045463562,-0.7856433987617493,-2.7335946559906006,-0.217605859041214,2.6155855655670166,-0.34723061323165894,0.28530576825141907,-0.2744563817977905,0.1521684229373932,0.0016494229373932023,0.07132624918176021
1789260161.4963515,-0.01081257313489914,-0.1567208617925644,-0.7995032668113708,-2.734666585922241,-0.22694334387779236,2.614628553390503,-0.36467066407203674,0.28402188420295715,-0.2752823233604431,0.1524668186903,0.0019478186903000017,0.08622923312351063
1789260161.5299532,-0.0021303589455783367,-0.1608128696680069,-0.8129145503044128,-2.735775947570801,-0.23624873161315918,2.613638162612915,-0.381968230009079,0.28282132744789124,-0.27587294578552246,0.15258318185806274,0.002064181858062758,0.11190583714844751
1789260161.5635567,0.006574304308742285,-0.16514991223812103,-0.8263680338859558,-2.7369985580444336,-0.24552355706691742,2.612616777420044,-0.39924487471580505,0.2816174328327179,-0.2763945460319519,0.15268857777118683,0.0021695777711868425,0.12354070345060089
1789260161.597225,0.015235182829201221,-0.16967655718326569,-0.8402814865112305,-2.7380549907684326,-0.25493326783180237,2.6116578578948975,-0.4168911278247833,0.28036946058273315,-0.2770926356315613,0.15284940600395203,0.0023304060039520402,0.1341703946898555
1789260161.630858,0.023689161986112595,-0.1738463044166565,-0.8534919023513794,-2.739168405532837,-0.2641525864601135,2.6106646060943604,-0.4338190257549286,0.2791697084903717,-0.27761977910995483,0.15288378298282623,0.0023647829828262468,0.145369962588823
1789260161.6644619,0.032630886882543564,-0.17834945023059845,-0.8672816753387451,-2.740341901779175,-0.2736271619796753,2.6096410751342773,-0.45163851976394653,0.27797722816467285,-0.2781042158603668,0.1529184877872467,0.002399487787246718,0.145369962588823
1789260161.6980314,0.04136981815099716,-0.18295949697494507,-0.8816180229187012,-2.741405725479126,-0.2833482325077057,2.6086347103118896,-0.4696161150932312,0.2766280472278595,-0.2788010239601135,0.1529509425163269,0.002431942516326918,0.145369962588823
1789260161.7316573,0.05001034215092659,-0.18713639676570892,-0.8947025537490845,-2.7425265312194824,-0.29243969917297363,2.6076531410217285,-0.486715167760849,0.27551478147506714,-0.2791658043861389,0.1528770476579666,0.0023580476579666276,0.1412742076966625
1789260161.7652369,0.058759212493896484,-0.19149908423423767,-0.9084233045578003,-2.7437257766723633,-0.3020254075527191,2.6065866947174072,-0.5042481422424316,0.274242103099823,-0.27959609031677246,0.15274429321289062,0.002225293212890639,0.1282042487280194
1789260161.798816,0.06742444634437561,-0.19608567655086517,-0.9224382638931274,-2.744743585586548,-0.3114510178565979,2.6056158542633057,-0.5220328569412231,0.272977352142334,-0.28016984462738037,0.15268154442310333,0.0021625444231033464,0.11703392759136522
1789260161.832393,0.07609733194112778,-0.20037926733493805,-0.9359991550445557,-2.7458245754241943,-0.3208485245704651,2.6046249866485596,-0.5394123196601868,0.2717648446559906,-0.2805832624435425,0.1525060385465622,0.0019870385465622087,0.09891171693842998
1789260161.8659592,0.08434576541185379,-0.2039460688829422,-0.9473985433578491,-2.7462730407714844,-0.32836437225341797,2.603452682495117,-0.5552800297737122,0.27108603715896606,-0.2807953655719757,0.15244446694850922,0.0019254669485092302,0.08392937202498843
1789260161.899588,0.09214169532060623,-0.207085981965065,-0.9574049115180969,-2.7463204860687256,-0.3353270888328552,2.6024343967437744,-0.5704872012138367,0.27074095606803894,-0.2809755206108093,0.15248827636241913,0.0019692763624191423,0.09278741380920028
1789260161.933192,0.10052968561649323,-0.21045048534870148,-0.9678686261177063,-2.7466018199920654,-0.3427416980266571,2.6012704372406006,-0.5864945650100708,0.270371675491333,-0.28098368644714355,0.15244218707084656,0.0019231870708465715,0.08392937202498843
1789260161.9667687,0.10838200151920319,-0.21349826455116272,-0.9779051542282104,-2.7467551231384277,-0.3495994508266449,2.600151777267456,-0.6017552018165588,0.269965797662735,-0.2810786962509155,0.1523716300725937,0.0018526300725937028,0.07912937001338383
1789260162.000391,0.11729732900857925,-0.21688354015350342,-0.9885448217391968,-2.7465622425079346,-0.3567460775375366,2.598745584487915,-0.6191783547401428,0.2697896659374237,-0.28112900257110596,0.15241046249866486,0.0018914624986648698,0.07401874722002606
1789260162.0340326,0.1269676387310028,-0.22008982300758362,-0.9987522959709167,-2.746183395385742,-0.3639114499092102,2.5973379611968994,-0.636934220790863,0.26996177434921265,-0.28095245361328125,0.1524743288755417,0.001955328875541701,0.08156468806857739
1789260162.067616,0.13622824847698212,-0.22319214046001434,-1.0090534687042236,-2.7458443641662598,-0.3709123134613037,2.5958681106567383,-0.6543194055557251,0.2699498236179352,-0.2808735966682434,0.15246500074863434,0.0019460007486343522,0.07661668268387072
1789260162.1013308,0.1453869789838791,-0.2264230102300644,-1.01971435546875,-2.745366096496582,-0.37814971804618835,2.5944199562072754,-0.6719447374343872,0.26986563205718994,-0.2809599041938782,0.15248458087444305,0.001965580874443068,0.07912937001338383
1789260162.1349614,0.1547805219888687,-0.2296610176563263,-1.0299718379974365,-2.7449493408203125,-0.38521307706832886,2.592977523803711,-0.6895557641983032,0.269943505525589,-0.2808537483215332,0.15248911082744598,0.0019701108274459977,0.07401874722002606
1789260162.1685212,0.16408684849739075,-0.23288820683956146,-1.0403777360916138,-2.7445642948150635,-0.39231520891189575,2.591529369354248,-0.7070257067680359,0.2699381113052368,-0.28078320622444153,0.152444526553154,0.0019255265531540056,0.07132624918176021
1789260162.202092,0.17333421111106873,-0.23613476753234863,-1.0509134531021118,-2.7441093921661377,-0.39948374032974243,2.5900654792785645,-0.7247073650360107,0.2698935270309448,-0.280778706073761,0.1523914933204651,0.0018724933204651018,0.06561060592844098
1789260162.235737,0.18236184120178223,-0.23912055790424347,-1.060868263244629,-2.7437703609466553,-0.4063183665275574,2.588623285293579,-0.741680383682251,0.26987698674201965,-0.28064775466918945,0.15226447582244873,0.0017454758224487443,0.059347025446578223
1789260162.2693563,0.19187510013580322,-0.24234727025032043,-1.071337103843689,-2.7433643341064453,-0.4135426878929138,2.587162494659424,-0.7594993114471436,0.26989874243736267,-0.2805222272872925,0.15214651823043823,0.0016275182304382463,0.05233915627441309
1789260162.3029745,0.201312854886055,-0.24576136469841003,-1.082161784172058,-2.7429230213165283,-0.4208603501319885,2.5856611728668213,-0.777513325214386,0.26982808113098145,-0.280493825674057,0.15202192962169647,0.001502929621696486,0.048456642643301504
1789260162.3365552,0.21029743552207947,-0.24883008003234863,-1.0922077894210815,-2.742521286010742,-0.42773568630218506,2.5842490196228027,-0.7945701479911804,0.2697962820529938,-0.280399352312088,0.1518564671278,0.0013374671278000017,0.044234660174789026
1789260162.3701038,0.21970629692077637,-0.25196900963783264,-1.1025340557098389,-2.7421178817749023,-0.43493881821632385,2.5827877521514893,-0.8120937943458557,0.2697979509830475,-0.2802473306655884,0.15165485441684723,0.0011358544168472429,0.06561060592844098
1789260162.4036784,0.22887878119945526,-0.2554429769515991,-1.113223910331726,-2.741356611251831,-0.4421341121196747,2.580958604812622,-0.8291819095611572,0.2697124481201172,-0.2803356349468231,0.15155147016048431,0.0010324701604843278,0.07401874722002606
1789260162.437359,0.23825453221797943,-0.2592162787914276,-1.1241836547851562,-2.7394163608551025,-0.4496040642261505,2.5787503719329834,-0.8457680940628052,0.2698904573917389,-0.28089505434036255,0.15181438624858856,0.0012953862485885759,0.048456642643301504
1789260162.4709687,0.24739305675029755,-0.2631153464317322,-1.1355135440826416,-2.737522602081299,-0.45726659893989563,2.576443910598755,-0.8623555898666382,0.2698732018470764,-0.2815633714199066,0.15201227366924286,0.0014932736692428727,0.03956468264845247
1789260162.5045354,0.2563181519508362,-0.26673176884651184,-1.146318793296814,-2.735788106918335,-0.4645097255706787,2.574216365814209,-0.878502607345581,0.26986366510391235,-0.2821063995361328,0.15212276577949524,0.0016037657794952531,0.03426402009603798
1789260162.5381203,0.2664225101470947,-0.27081841230392456,-1.1578770875930786,-2.733772039413452,-0.47269201278686523,2.5717740058898926,-0.8959858417510986,0.2700594961643219,-0.2826007008552551,0.15229496359825134,0.0017759635982513566,0.03426402009603798
1789260162.5717828,0.2757806181907654,-0.2749345898628235,-1.1698379516601562,-2.731593132019043,-0.4805203378200531,2.5692005157470703,-0.913048505783081,0.26994457840919495,-0.2834215760231018,0.15243947505950928,0.0019204750595092912,0.03956468264845247
1789260162.6053905,0.28583666682243347,-0.27911150455474854,-1.1817402839660645,-2.729381799697876,-0.4886389672756195,2.566615581512451,-0.9305751919746399,0.2700408697128296,-0.28405559062957764,0.15257011353969574,0.0020511135396957536,0.048456642643301504
1789260162.6389558,0.29591935873031616,-0.28336092829704285,-1.193847894668579,-2.727269172668457,-0.49698007106781006,2.5639686584472656,-0.9483424425125122,0.2700433135032654,-0.2846737504005432,0.15261444449424744,0.0020954444942474504,0.048456642643301504
1789260162.6725295,0.30568674206733704,-0.28763318061828613,-1.205885410308838,-2.725008964538574,-0.5050427913665771,2.561427354812622,-0.9657225608825684,0.27002739906311035,-0.2854193150997162,0.15268559753894806,0.002166597538948073,0.05595291190411357
1789260162.7060895,0.3156718313694,-0.29168811440467834,-1.2179579734802246,-2.7227556705474854,-0.5133474469184875,2.5588314533233643,-0.9833935499191284,0.2699947655200958,-0.2861194908618927,0.15266694128513336,0.0021479412851333757,0.059347025446578223
1789260162.7396395,0.3253364562988281,-0.2958090901374817,-1.2296348810195923,-2.720651388168335,-0.5211822390556335,2.556326150894165,-1.0004804134368896,0.2699716091156006,-0.2867363691329956,0.1526179015636444,0.002098901563644423,0.059347025446578223
1789260162.773248,0.33547401428222656,-0.30019450187683105,-1.2420766353607178,-2.718310832977295,-0.5295409560203552,2.5536365509033203,-1.018507957458496,0.2699050009250641,-0.28747254610061646,0.1525508314371109,0.0020318314371109147,0.048456642643301504
1789260162.8068051,0.34514492750167847,-0.3042023181915283,-1.2536431550979614,-2.716240406036377,-0.5375884175300598,2.551107168197632,-1.0355631113052368,0.2698522210121155,-0.2880482077598572,0.15239912271499634,0.0018801227149963518,0.044234660174789026
1789260162.8404016,0.35475268959999084,-0.3082863688468933,-1.2655802965164185,-2.7141411304473877,-0.5454999804496765,2.5485405921936035,-1.0526865720748901,0.26967447996139526,-0.2887101471424103,0.15218468010425568,0.0016656801042556901,0.027976455118293345
1789260162.8740132,0.36449259519577026,-0.3125205338001251,-1.2775650024414062,-2.7119696140289307,-0.553653359413147,2.546005964279175,-1.0701384544372559,0.26955118775367737,-0.28937458992004395,0.15197186172008514,0.001452861720085158,0.044234660174789026
1789260162.9075222,0.37430575489997864,-0.3165004551410675,-1.2891124486923218,-2.7098186016082764,-0.5615319013595581,2.543524742126465,-1.0871137380599976,0.269532173871994,-0.28992289304733276,0.15172673761844635,0.001207737618446364,0.05595291190411357
1789260162.941127,0.3835013508796692,-0.32050755620002747,-1.300728440284729,-2.7077009677886963,-0.5692614912986755,2.540919780731201,-1.1038051843643188,0.2692764699459076,-0.2906106114387512,0.1514158695936203,0.0008968695936203142,0.08622923312351063
1789260162.974693,0.3934069871902466,-0.324497252702713,-1.3102823495864868,-2.704355001449585,-0.5753378868103027,2.538224220275879,-1.1202681064605713,0.2701212465763092,-0.2911723554134369,0.1516968309879303,0.0011778309879303117,0.048456642643301504
1789260163.0082653,0.40386274456977844,-0.32859423756599426,-1.3205798864364624,-2.7006916999816895,-0.5816145539283752,2.535327672958374,-1.137892723083496,0.27093902230262756,-0.2918618321418762,0.15195390582084656,0.0014349058208465715,0.0
1789260163.041878,0.41392824053764343,-0.33268317580223083,-1.3309201002120972,-2.697197675704956,-0.5877512693405151,2.5323798656463623,-1.1551587581634521,0.2715679407119751,-0.29257291555404663,0.15210729837417603,0.0015882983741760393,0.0
1789260163.0754647,0.4239213168621063,-0.33658096194267273,-1.3404138088226318,-2.693678379058838,-0.5937660932540894,2.529700517654419,-1.1717857122421265,0.2724445164203644,-0.29316988587379456,0.1523357629776001,0.0018167629776001115,0.048456642643301504
1789260163.1091387,0.43416628241539,-0.3408203125,-1.3510578870773315,-2.6899776458740234,-0.6000449657440186,2.526648998260498,-1.1895638704299927,0.2730537950992584,-0.2939669191837311,0.15245209634304047,0.0019330963430404802,0.059347025446578223
1789260163.14286,0.4445880055427551,-0.3448641300201416,-1.3611640930175781,-2.686429977416992,-0.6062427759170532,2.5238072872161865,-1.2069209814071655,0.27383899688720703,-0.2945588529109955,0.1525420993566513,0.00202309935665132,0.07661668268387072
1789260163.1765106,0.4550897479057312,-0.3490259647369385,-1.371480107307434,-2.6827375888824463,-0.6126610040664673,2.5208630561828613,-1.2246416807174683,0.2745971977710724,-0.2952266037464142,0.15261781215667725,0.00209881215667726,0.09278741380920028
1789260163.2100828,0.46531474590301514,-0.35331401228904724,-1.381977915763855,-2.679020404815674,-0.6188905239105225,2.5179519653320312,-1.2421454191207886,0.27523913979530334,-0.2959973216056824,0.15265406668186188,0.0021350666818618913,0.11014342980975618
1789260163.2436895,0.4759159982204437,-0.3572939932346344,-1.3920248746871948,-2.67547869682312,-0.6251500844955444,2.515064239501953,-1.2597090005874634,0.2760320007801056,-0.2965143918991089,0.15262140333652496,0.0021024033365249772,0.10653118153060223
1789260163.277207,0.4861244559288025,-0.3615172207355499,-1.402551293373108,-2.6719136238098145,-0.6315174698829651,2.512051820755005,-1.2772984504699707,0.2765650749206543,-0.29721835255622864,0.15250644087791443,0.0019874408779144426,0.10279207254188717
1789260163.3108766,0.4966362714767456,-0.3657680153846741,-1.4128509759902954,-2.668078899383545,-0.6377695202827454,2.509192705154419,-1.294989824295044,0.2773381173610687,-0.2979172170162201,0.1524837464094162,0.0019647464094162126,0.11703392759136522
1789260163.3444712,0.5067880153656006,-0.36963868141174316,-1.422803282737732,-2.6645419597625732,-0.6438115835189819,2.5063109397888184,-1.312077522277832,0.27797290682792664,-0.29852160811424255,0.15233415365219116,0.001815153652191176,0.09891171693842998
1789260163.378111,0.5157296061515808,-0.37330904603004456,-1.432198405265808,-2.6615829467773438,-0.6492394804954529,2.503894567489624,-1.3276410102844238,0.27835550904273987,-0.2990948557853699,0.15206579864025116,0.0015467986402511735,0.09065408419654447
1789260163.411752,0.5231795310974121,-0.37620553374290466,-1.439407229423523,-2.6591241359710693,-0.6537389755249023,2.501878261566162,-1.3403043746948242,0.2788320481777191,-0.2994540333747864,0.1518903523683548,0.0013713523683548112,0.08156468806857739
1789260163.4453397,0.530839741230011,-0.37921708822250366,-1.4469517469406128,-2.6564972400665283,-0.6582817435264587,2.499774932861328,-1.3532720804214478,0.27929550409317017,-0.29988405108451843,0.15170086920261383,0.0011818692026138444,0.07401874722002606
1789260163.4789565,0.5382595658302307,-0.38226598501205444,-1.454390287399292,-2.653757095336914,-0.6629077792167664,2.49764084815979,-1.3663297891616821,0.2797345519065857,-0.3004092276096344,0.15154139697551727,0.0010223969755172868,0.059347025446578223
1789260163.5125296,0.5431187748908997,-0.38428446650505066,-1.4591753482818604,-2.65146803855896,-0.6654893159866333,2.49568247795105,-1.372214913368225,0.2800491750240326,-0.30090224742889404,0.15154702961444855,0.0010280296144485612,0.059347025446578223
1789260163.546074,0.5482169985771179,-0.386733740568161,-1.465476393699646,-2.646988868713379,-0.6676690578460693,2.4936254024505615,-1.3733184337615967,0.2804618775844574,-0.3026005029678345,0.15203261375427246,0.0015136137542724748,0.10087055545943382
1789260163.5796714,0.5526732206344604,-0.38915133476257324,-1.471889853477478,-2.6427690982818604,-0.6697027683258057,2.4915382862091064,-1.3743939399719238,0.28056880831718445,-0.30437174439430237,0.15239766240119934,0.0018786624011993547,0.1480375253231069
1789260163.6132627,0.5575751066207886,-0.39156490564346313,-1.4789674282073975,-2.6383543014526367,-0.6717865467071533,2.4892988204956055,-1.3755228519439697,0.28059253096580505,-0.30623602867126465,0.15269111096858978,0.0021721109685897966,0.18130822512890998
1789260163.6468844,0.5656098127365112,-0.39553454518318176,-1.4903172254562378,-2.630936622619629,-0.6750531196594238,2.485642910003662,-1.3763293027877808,0.28071990609169006,-0.3093186616897583,0.15323181450366974,0.0027128145036697526,0.24708155049174452
1789260163.680486,0.5752243995666504,-0.4002945125102997,-1.503762125968933,-2.621511936187744,-0.6787688732147217,2.4815640449523926,-1.3768600225448608,0.28102758526802063,-0.3132508099079132,0.1540382355451584,0.0035192355451584,0.35608270981587586
1789260163.7141292,0.5851684808731079,-0.40543514490127563,-1.5182287693023682,-2.6120493412017822,-0.6827152967453003,2.4769999980926514,-1.377411127090454,0.2809980511665344,-0.3172518312931061,0.15459728240966797,0.004078282409667983,0.430693061809108
1789260163.7476704,0.5948624610900879,-0.4102770686149597,-1.5322540998458862,-2.602536201477051,-0.6866273283958435,2.4725639820098877,-1.3779585361480713,0.2809527516365051,-0.32129380106925964,0.15516012907028198,0.004641129070281996,0.49810818577135096
1789260163.781303,0.6052014827728271,-0.41547754406929016,-1.5465692281723022,-2.5929818153381348,-0.6907281279563904,2.467921018600464,-1.3785508871078491,0.28096261620521545,-0.32518863677978516,0.15560747683048248,0.005088476830482497,0.5542608507410386
1789260163.8149798,0.6153329610824585,-0.4205848276615143,-1.561383843421936,-2.5831596851348877,-0.6948075890541077,2.4631404876708984,-1.3791331052780151,0.28066983819007874,-0.3293629288673401,0.15595218539237976,0.005433185392379775,0.5908293126024153
1789260163.8486052,0.6256393790245056,-0.42580175399780273,-1.5758804082870483,-2.5729100704193115,-0.6988248825073242,2.458637237548828,-1.3797473907470703,0.2806110084056854,-0.3336333930492401,0.1564318984746933,0.005912898474693312,0.6584911653704171
1789260163.8822212,0.6360528469085693,-0.4310368597507477,-1.5906219482421875,-2.563424587249756,-0.7029709219932556,2.4537088871002197,-1.3803424835205078,0.280218243598938,-0.3375192880630493,0.15649697184562683,0.005977971845626845,0.6573014654033702
1789260163.9157958,0.6459492444992065,-0.4360487759113312,-1.6047965288162231,-2.553736448287964,-0.7069991827011108,2.449209451675415,-1.3809170722961426,0.27986642718315125,-0.3415801227092743,0.1566772758960724,0.0061582758960724016,0.6795497099076797
1789260163.9494445,0.6563377380371094,-0.4413330852985382,-1.6195757389068604,-2.543576955795288,-0.7111093401908875,2.444495916366577,-1.381528377532959,0.27946361899375916,-0.34580203890800476,0.15679343044757843,0.006274430447578444,0.6957692013663594
1789260163.9830172,0.6669145226478577,-0.44664466381073,-1.6346796751022339,-2.5336697101593018,-0.715310275554657,2.4396169185638428,-1.3821444511413574,0.27886494994163513,-0.3498912453651428,0.15665891766548157,0.006139917665481581,0.6755064073485025
1789260164.0165908,0.6769412755966187,-0.4516686499118805,-1.6488232612609863,-2.5238776206970215,-0.7192313075065613,2.4351601600646973,-1.3827338218688965,0.27838271856307983,-0.3539312481880188,0.1566208004951477,0.006101800495147719,0.6728943126328404
1789260164.050207,0.6874215602874756,-0.4569021463394165,-1.663326382637024,-2.5141499042510986,-0.7233562469482422,2.4303956031799316,-1.3833191394805908,0.27781566977500916,-0.35783687233924866,0.15637505054473877,0.005856050544738783,0.6391903117292874
1789260164.0838451,0.6975452303886414,-0.46207067370414734,-1.6780778169631958,-2.5043582916259766,-0.7274729609489441,2.4256770610809326,-1.3839243650436401,0.27696824073791504,-0.3619183301925659,0.15601417422294617,0.005495174222946181,0.5918220344921185
1789260164.117449,0.7078449726104736,-0.4673277735710144,-1.6927491426467896,-2.494117021560669,-0.7315822839736938,2.4210731983184814,-1.384514570236206,0.2762354910373688,-0.36614349484443665,0.1557294875383377,0.005210487538337721,0.5602303033276262
1789260164.1510646,0.7182518839836121,-0.4725055396556854,-1.7074545621871948,-2.484506845474243,-0.735725998878479,2.4162137508392334,-1.3851127624511719,0.27531692385673523,-0.37001028656959534,0.15512460470199585,0.0046056047019958635,0.4768337663287219
1789260164.1846611,0.7281816005706787,-0.4775387644767761,-1.721791386604309,-2.474822759628296,-0.7396648526191711,2.411651849746704,-1.3856751918792725,0.274348646402359,-0.37399032711982727,0.15456390380859375,0.004044903808593764,0.40638233191796724
1789260164.2182612,0.7375568151473999,-0.4822252094745636,-1.7351802587509155,-2.465782642364502,-0.7433493137359619,2.407498359680176,-1.3862193822860718,0.27344027161598206,-0.37767481803894043,0.15397150814533234,0.0034525081453323503,0.33571793833399766
1789260164.251835,0.7465353608131409,-0.48686662316322327,-1.748600721359253,-2.4572479724884033,-0.747108519077301,2.403269052505493,-1.3867499828338623,0.27223193645477295,-0.38121211528778076,0.15313386917114258,0.002614869171142592,0.23323052090303778
1789260164.2855344,0.7553974390029907,-0.49127835035324097,-1.7611125707626343,-2.448751211166382,-0.7505738139152527,2.3994741439819336,-1.3872501850128174,0.2713422477245331,-0.38463056087493896,0.15246476233005524,0.0019457623300552507,0.16071255014426922
1789260164.319136,0.7638031840324402,-0.49567949771881104,-1.7727279663085938,-2.4404489994049072,-0.754094660282135,2.3953287601470947,-1.3877569437026978,0.27049532532691956,-0.38787931203842163,0.1518382579088211,0.0013192579088211198,0.07132624918176021
1789260164.3528247,0.7725291848182678,-0.49963244795799255,-1.7816723585128784,-2.432246446609497,-0.7549533247947693,2.3915247917175293,-1.387958288192749,0.2708927392959595,-0.39040857553482056,0.1517859399318695,0.0012669399318695207,0.09278741380920028
1789260164.3863747,0.7814903855323792,-0.5033612847328186,-1.789934515953064,-2.4225449562072754,-0.7552064061164856,2.388267755508423,-1.388079047203064,0.27188006043434143,-0.3935253322124481,0.1523856818675995,0.0018666818675995012,0.13122123336572936
1789260164.4199219,0.7906042337417603,-0.5074095726013184,-1.7985228300094604,-2.4126908779144287,-0.7555315494537354,2.3847105503082275,-1.3882112503051758,0.27276602387428284,-0.39666059613227844,0.152868390083313,0.002349390083313002,0.1866263135942662
1789260164.4534857,0.8005812168121338,-0.5116651058197021,-1.8086575269699097,-2.4022977352142334,-0.7559505701065063,2.3809099197387695,-1.3883721828460693,0.2733607590198517,-0.40004879236221313,0.15308046340942383,0.002561463409423842,0.21579998972694253
1789260164.4870605,0.8142847418785095,-0.5178462266921997,-1.821468710899353,-2.386866807937622,-0.7560725212097168,2.3758723735809326,-1.3885101079940796,0.27478083968162537,-0.40499868988990784,0.1538989245891571,0.0033799245891571184,0.33161292427421446
1789260164.5206215,0.8275243639945984,-0.5235868096351624,-1.8340080976486206,-2.3730456829071045,-0.7563217282295227,2.370487689971924,-1.3886778354644775,0.2758035659790039,-0.4092353284358978,0.1541973352432251,0.0036783352432251115,0.359908740021321
1789260164.5542789,0.8413176536560059,-0.5294942855834961,-1.8470697402954102,-2.3582236766815186,-0.7565021514892578,2.3651926517486572,-1.388838529586792,0.2769068777561188,-0.41386452317237854,0.15459074079990387,0.0040717407999038835,0.40590054866317626
1789260164.5879073,0.8554856181144714,-0.5357633233070374,-1.8602232933044434,-2.3432681560516357,-0.7567273378372192,2.359805107116699,-1.3890001773834229,0.2781071364879608,-0.4183904528617859,0.15485769510269165,0.004338695102691664,0.4489339067758656
1789260164.6215246,0.868865430355072,-0.5414019227027893,-1.8726797103881836,-2.329042911529541,-0.7569174766540527,2.3545968532562256,-1.3891627788543701,0.2791309654712677,-0.4227186441421509,0.15507392585277557,0.004554925852775588,0.4652018582439699
1789260164.6551607,0.882520318031311,-0.5475227236747742,-1.8855905532836914,-2.314283847808838,-0.7571263909339905,2.3493690490722656,-1.389324426651001,0.2801167368888855,-0.4272226393222809,0.155190110206604,0.004671110206604018,0.48898958078487054
1789260164.6888113,0.8963826298713684,-0.5534898042678833,-1.8986531496047974,-2.299704074859619,-0.7573684453964233,2.343876361846924,-1.3894929885864258,0.2809942662715912,-0.4315761625766754,0.15511833131313324,0.004599331313133254,0.47188377266937204
1789260164.7223804,0.9097471833229065,-0.5594344139099121,-1.9115089178085327,-2.2849018573760986,-0.7575438022613525,2.3387722969055176,-1.3896453380584717,0.2817862331867218,-0.4361480176448822,0.15512099862098694,0.004601998620986952,0.4764232311557895
1789260164.756009,0.9237621426582336,-0.5653788447380066,-1.924342393875122,-2.270371437072754,-0.7577911019325256,2.3333351612091064,-1.3898169994354248,0.28274255990982056,-0.4403420388698578,0.15492463111877441,0.004405631118774428,0.44367275441325227
1789260164.7896116,0.9369171857833862,-0.5712152719497681,-1.9368749856948853,-2.2560017108917236,-0.7579673528671265,2.328268527984619,-1.3899669647216797,0.28346163034439087,-0.444661408662796,0.15472345054149628,0.004204450541496291,0.42104426910032394
1789260164.8231819,0.9511901140213013,-0.5773598551750183,-1.9501415491104126,-2.2412407398223877,-0.7582075595855713,2.322744846343994,-1.3901430368423462,0.2842700183391571,-0.4488750100135803,0.15426750481128693,0.00374850481128694,0.3626169041463061
1789260164.8567514,0.9641063809394836,-0.5831507444381714,-1.962772250175476,-2.2268505096435547,-0.7584020495414734,2.3176944255828857,-1.390293836593628,0.2847468852996826,-0.4532398581504822,0.15388979017734528,0.0033707901773452897,0.31527903204183383
1789260164.8904002,0.9770074486732483,-0.588562548160553,-1.9746794700622559,-2.2131571769714355,-0.7585690021514893,2.313107490539551,-1.390378475189209,0.2855207026004791,-0.4572067856788635,0.15352830290794373,0.0030093029079437394,0.26979540926805484
1789260164.9240088,0.9865400791168213,-0.592897891998291,-1.9842520952224731,-2.2027504444122314,-0.7587493658065796,2.309208869934082,-1.3903828859329224,0.2856608033180237,-0.4603055417537689,0.1529769003391266,0.0024579003391266008,0.2036717727852554
1789260164.957581,0.9967832565307617,-0.5969868898391724,-1.9934275150299072,-2.1920523643493652,-0.7588633894920349,2.3055343627929688,-1.3903834819793701,0.2863253057003021,-0.46330976486206055,0.152663916349411,0.0021449163494110246,0.14935344105781187
1789260164.9911573,1.0066360235214233,-0.6014555096626282,-2.0025405883789062,-2.1817445755004883,-0.7590125203132629,2.301771402359009,-1.39035964012146,0.28682100772857666,-0.4661424458026886,0.15210360288619995,0.001584602886199965,0.10087055545943382
1789260165.0248718,1.0120943784713745,-0.6039207577705383,-2.007991313934326,-2.175640821456909,-0.7592846155166626,2.299116611480713,-1.3905342817306519,0.2867993712425232,-0.4679291844367981,0.1517430543899536,0.0012240543899536271,0.06852804325551864
1789260165.058498,1.0130428075790405,-0.606625497341156,-2.0099973678588867,-2.1717402935028076,-0.7599325776100159,2.2969424724578857,-1.3969879150390625,0.2862868010997772,-0.46934571862220764,0.15159791707992554,0.001078917079925551,0.10279207254188717
1789260165.0921457,1.0131750106811523,-0.6087206602096558,-2.01239275932312,-2.1665265560150146,-0.7604780197143555,2.2950189113616943,-1.403542399406433,0.28523993492126465,-0.4718160629272461,0.15193703770637512,0.001418037706375136,0.05595291190411357
1789260165.1257575,1.0133583545684814,-0.6112143397331238,-2.0147581100463867,-2.1622960567474365,-0.7610834240913391,2.292980670928955,-1.4098541736602783,0.28419360518455505,-0.47371214628219604,0.15184731781482697,0.0013283178148269792,0.07132624918176021
1789260165.1593513,1.0134121179580688,-0.6151378750801086,-2.0178346633911133,-2.1553356647491455,-0.7620695233345032,2.2899529933929443,-1.4220969676971436,0.2827596962451935,-0.47680899500846863,0.15198779106140137,0.001468791061401381,0.07132624918176021
1789260165.1929471,1.0125406980514526,-0.6209886074066162,-2.02204966545105,-2.1456737518310547,-0.7637408971786499,2.2854037284851074,-1.4397886991500854,0.2802489697933197,-0.48127350211143494,0.15203335881233215,0.0015143588123321672,0.08622923312351063
1789260165.226533,1.0115498304367065,-0.6262068152427673,-2.0261270999908447,-2.1360397338867188,-0.7652515172958374,2.2812533378601074,-1.4566125869750977,0.27769750356674194,-0.4858352243900299,0.1522737294435501,0.0017547294435501237,0.08156468806857739
1789260165.260124,1.010622501373291,-0.6316429972648621,-2.0300612449645996,-2.126499891281128,-0.7668410539627075,2.276873826980591,-1.4738556146621704,0.2751528322696686,-0.49023282527923584,0.15241451561450958,0.0018955156145095964,0.09065408419654447
1789260165.293883,1.0098429918289185,-0.6373379230499268,-2.0342352390289307,-2.1168484687805176,-0.7684369087219238,2.2723677158355713,-1.4914414882659912,0.27250203490257263,-0.4946049153804779,0.15240612626075745,0.0018871262607574601,0.10087055545943382
1789260165.327516,1.0089473724365234,-0.6429202556610107,-2.0382676124572754,-2.107243061065674,-0.7700213193893433,2.2679026126861572,-1.508832573890686,0.26979443430900574,-0.4989566206932068,0.15242266654968262,0.001903666549682631,0.09691329395132914
1789260165.3610969,1.0080066919326782,-0.648306131362915,-2.0423829555511475,-2.0972089767456055,-0.7716490030288696,2.263474702835083,-1.5265393257141113,0.26694250106811523,-0.5035516619682312,0.15257862210273743,0.0020596221027374406,0.09487278508118449
1789260165.3946652,1.007188320159912,-0.6540231108665466,-2.0465314388275146,-2.087860107421875,-0.7731764316558838,2.2590363025665283,-1.5436360836029053,0.26410800218582153,-0.5076957941055298,0.15237025916576385,0.0018512591657638688,0.09487278508118449
1789260165.428292,1.0060722827911377,-0.65974360704422,-2.0508320331573486,-2.0778331756591797,-0.774770975112915,2.2545173168182373,-1.5615555047988892,0.2609577775001526,-0.512234628200531,0.15229256451129913,0.0017735645112991472,0.09065408419654447
1789260165.4619083,1.0050851106643677,-0.6645627021789551,-2.054551124572754,-2.069059371948242,-0.7761672139167786,2.250530242919922,-1.5771044492721558,0.25813597440719604,-0.5161983966827393,0.15225960314273834,0.0017406031427383561,0.07401874722002606
1789260165.4955246,1.0044803619384766,-0.6694769263267517,-2.058044195175171,-2.0606558322906494,-0.7775172591209412,2.246805191040039,-1.5920319557189941,0.2556391954421997,-0.5198392271995544,0.15214210748672485,0.0016231074867248674,0.07912937001338383
1789260165.5291464,1.0037000179290771,-0.6744048595428467,-2.061640977859497,-2.051706552505493,-0.7789505124092102,2.2429556846618652,-1.6077420711517334,0.25291115045547485,-0.5237688422203064,0.15212900936603546,0.0016100093660354753,0.07132624918176021
1789260165.562742,1.0027121305465698,-0.6786465644836426,-2.064732074737549,-2.0445902347564697,-0.780319333076477,2.2393791675567627,-1.6214414834976196,0.25032246112823486,-0.5269055366516113,0.15188182890415192,0.0013628289041519304,0.059347025446578223
1789260165.596415,1.0041946172714233,-0.6807978749275208,-2.067784070968628,-2.040125846862793,-0.7802825570106506,2.2375903129577637,-1.6261119842529297,0.24931353330612183,-0.5285394787788391,0.15156924724578857,0.001050247245788588,0.08392937202498843
1789260165.630029,1.0078932046890259,-0.6823906302452087,-2.070446014404297,-2.0352821350097656,-0.7796114683151245,2.236185073852539,-1.628272294998169,0.24970810115337372,-0.5298227071762085,0.15170472860336304,0.001185728603363051,0.07401874722002606
1789260165.6635945,1.0114299058914185,-0.6841529607772827,-2.072932481765747,-2.030841112136841,-0.7789506912231445,2.234711170196533,-1.6304270029067993,0.2501232922077179,-0.530892014503479,0.15169928967952728,0.0011802896795272966,0.07912937001338383
1789260165.6972103,1.0163443088531494,-0.6859243512153625,-2.076535940170288,-2.0250682830810547,-0.7781559824943542,2.233081579208374,-1.6325674057006836,0.25063610076904297,-0.532368004322052,0.151760995388031,0.0012419953880310197,0.0625572578997782
1789260165.7308185,1.0281438827514648,-0.6894528269767761,-2.084075689315796,-2.0132763385772705,-0.7748652100563049,2.229966640472412,-1.6337159872055054,0.2526709735393524,-0.5348348617553711,0.15186481177806854,0.0013458117780685563,0.09891171693842998
1789260165.7644362,1.041076421737671,-0.6933603286743164,-2.092799425125122,-2.0001535415649414,-0.771557629108429,2.2267343997955322,-1.634817123413086,0.25468194484710693,-0.5377068519592285,0.1518813669681549,0.001362366968154921,0.11703392759136522
1789260165.798011,1.0548763275146484,-0.6970734000205994,-2.10160231590271,-1.9866490364074707,-0.768010675907135,2.223280668258667,-1.6360357999801636,0.2570759654045105,-0.5404964089393616,0.1520252227783203,0.0015062227783203264,0.12511453444308365
1789260165.8315835,1.0676677227020264,-0.7007840871810913,-2.1100704669952393,-1.9735889434814453,-0.7646064162254333,2.220155715942383,-1.6371625661849976,0.2591717541217804,-0.5433058142662048,0.15213936567306519,0.0016203656730651994,0.1412742076966625
1789260165.8652153,1.0824940204620361,-0.7048951387405396,-2.1193244457244873,-1.9590929746627808,-0.7606979608535767,2.216548204421997,-1.6383934020996094,0.26191362738609314,-0.5461713671684265,0.15228281915187836,0.0017638191518783708,0.15949038294479406
1789260165.898902,1.0971239805221558,-0.709069550037384,-2.1291005611419678,-1.944368839263916,-0.7568008303642273,2.212775468826294,-1.6396243572235107,0.26426103711128235,-0.5491977334022522,0.15228086709976196,0.0017618670997619768,0.1655109964311004
1789260165.9324975,1.111611247062683,-0.713263750076294,-2.138542652130127,-1.9301594495773315,-0.7529539465904236,2.2091352939605713,-1.6408663988113403,0.2667592465877533,-0.551945686340332,0.15219652652740479,0.001677526527404799,0.17913678902801208
1789260165.96607,1.1262764930725098,-0.717374861240387,-2.148052453994751,-1.9152799844741821,-0.7490164637565613,2.2055795192718506,-1.6420962810516357,0.26932457089424133,-0.5549437403678894,0.1523384153842926,0.0018194153842926164,0.18022577739447643
1789260165.9997034,1.1405494213104248,-0.721455991268158,-2.157339572906494,-1.9013744592666626,-0.7452307343482971,2.201931953430176,-1.6432876586914062,0.27181506156921387,-0.5575215220451355,0.15220899879932404,0.0016899987993240495,0.1834539611091176
1789260166.0333514,1.1556791067123413,-0.7257084250450134,-2.166959524154663,-1.8864234685897827,-0.7411684989929199,2.1982078552246094,-1.6445379257202148,0.2746056318283081,-0.5602980256080627,0.15224072337150574,0.0017217233715057512,0.18451747215888148
1789260166.0669641,1.1703463792800903,-0.7298676371574402,-2.1764848232269287,-1.8718385696411133,-0.7372754812240601,2.19456148147583,-1.645776629447937,0.27721455693244934,-0.5630112290382385,0.15220843255519867,0.0016894325551986833,0.17582936122100767
1789260166.1005754,1.1845911741256714,-0.7339780330657959,-2.185703754425049,-1.8579015731811523,-0.7335415482521057,2.1909241676330566,-1.6469694375991821,0.2797776758670807,-0.565473198890686,0.15205951035022736,0.0015405103502273698,0.16785878907325083
1789260166.1341903,1.198672890663147,-0.7380821108818054,-2.1952502727508545,-1.8433572053909302,-0.7297540903091431,2.1874468326568604,-1.6481654644012451,0.2820982038974762,-0.5682898759841919,0.15202265977859497,0.0015036597785949846,0.14265252599748507
1789260166.1678145,1.2131097316741943,-0.7418838739395142,-2.2039763927459717,-1.8295413255691528,-0.7260348796844482,2.183906316757202,-1.6493446826934814,0.2850704491138458,-0.5705417394638062,0.15210966765880585,0.001590667658805861,0.12194656246489412
1789260166.2014446,1.2262976169586182,-0.7457931637763977,-2.2128450870513916,-1.8158257007598877,-0.7224618792533875,2.180687189102173,-1.650439977645874,0.28732535243034363,-0.5731238722801208,0.15209293365478516,0.0015739336547851701,0.09487278508118449
1789260166.2350924,1.2402292490005493,-0.7497254014015198,-2.221710205078125,-1.8024314641952515,-0.718853235244751,2.1771273612976074,-1.6516090631484985,0.289986252784729,-0.5752536058425903,0.151919424533844,0.001400424533844008,0.07661668268387072
1789260166.268656,1.2497822046279907,-0.7521466612815857,-2.228179454803467,-1.7927584648132324,-0.7161835432052612,2.1750500202178955,-1.652634859085083,0.29165300726890564,-0.5770569443702698,0.15200389921665192,0.0014848992166519304,0.03426402009603798
1789260166.302277,1.2549889087677002,-0.7537132501602173,-2.23177170753479,-1.7882497310638428,-0.7142186760902405,2.173922300338745,-1.6536575555801392,0.29261189699172974,-0.5776057243347168,0.15164881944656372,0.0011298194465637346,0.06852804325551864
1789260166.335909,1.2604724168777466,-0.7549656629562378,-2.235823392868042,-1.7828834056854248,-0.7123063802719116,2.1728594303131104,-1.6546434164047241,0.2934434115886688,-0.578606367111206,0.15160149335861206,0.0010824933586120744,0.059347025446578223
1789260166.3695452,1.2656347751617432,-0.7562745809555054,-2.239490032196045,-1.777988314628601,-0.7104496359825134,2.171863079071045,-1.6556118726730347,0.29432693123817444,-0.5794190764427185,0.1514894664287567,0.0009704664287567277,0.06561060592844098
1789260166.4031208,1.2694456577301025,-0.7551180720329285,-2.2437679767608643,-1.776522159576416,-0.7069609761238098,2.172299861907959,-1.6589176654815674,0.2944500148296356,-0.5796416401863098,0.1512521654367447,0.0007331654367447038,0.10087055545943382
1789260166.4366791,1.26984441280365,-0.7541515827178955,-2.245594024658203,-1.7781606912612915,-0.7031900882720947,2.175433874130249,-1.6633954048156738,0.29450297355651855,-0.5793285965919495,0.15083283185958862,0.0003138318595886369,0.201741189079591
1789260168.566768,1.2697676420211792,-0.7538882493972778,-2.2458667755126953,-1.7782561779022217,-0.7029324769973755,2.175673484802246,-1.6637052297592163,0.2943589985370636,-0.5794094204902649,0.15085841715335846,0.00033941715335847333,0.19782350757194625
1789260168.6247509,1.2697643041610718,-0.7538928389549255,-2.2458653450012207,-1.7782566547393799,-0.7029362320899963,2.175668954849243,-1.6637067794799805,0.294357031583786,-0.5794089436531067,0.150856152176857,0.0003371521768570085,0.19782350757194625
1789260168.6637225,1.2697677612304688,-0.7538917064666748,-2.245866060256958,-1.778254747390747,-0.702931821346283,2.175671339035034,-1.6636978387832642,0.2943592667579651,-0.5794089436531067,0.1508573442697525,0.0003383442697525163,0.19782350757194625
1789260168.7036653,1.2697659730911255,-0.7538862824440002,-2.2458677291870117,-1.7782572507858276,-0.702932596206665,2.175671339035034,-1.6637043952941895,0.2943570613861084,-0.579409658908844,0.15085844695568085,0.00033944695568086103,0.19683190382077603
1789260168.7437217,1.2697677612304688,-0.7538880109786987,-2.24586820602417,-1.7782593965530396,-0.7029328942298889,2.1756722927093506,-1.6637036800384521,0.29435816407203674,-0.5794081091880798,0.1508568525314331,0.00033785253143311933,0.1988101655906956
1789260168.7826993,1.269770622253418,-0.753890335559845,-2.2458643913269043,-1.7782593965530396,-0.7029376029968262,2.175671339035034,-1.6637011766433716,0.2943614721298218,-0.5794065594673157,0.1508568525314331,0.00033785253143311933,0.19782350757194625
1789260168.8267615,1.2697677612304688,-0.7538880109786987,-2.245866060256958,-1.7782533168792725,-0.7029327750205994,2.1756703853607178,-1.6637099981307983,0.2943588197231293,-0.579410195350647,0.15085947513580322,0.0003404751358032365,0.1988101655906956
1789260168.865834,1.2697659730911255,-0.7538908123970032,-2.245867967605591,-1.7782551050186157,-0.7029335498809814,2.175670623779297,-1.6637084484100342,0.29435694217681885,-0.5794098973274231,0.15085695683956146,0.00033795683956147626,0.19782350757194625
1789260168.910795,1.2697639465332031,-0.7538900971412659,-2.24586820602417,-1.778256893157959,-0.7029340863227844,2.1756722927093506,-1.6637005805969238,0.2943558990955353,-0.5794101357460022,0.15085673332214355,0.00033773332214356855,0.1988101655906956
1789260168.949724,1.2697714567184448,-0.7538884878158569,-2.245868682861328,-1.77825927734375,-0.7029333114624023,2.175672769546509,-1.6637036800384521,0.29436013102531433,-0.5794072151184082,0.15085655450820923,0.0003375545082092424,0.19782350757194625
1789260168.9833217,1.2697641849517822,-0.753886878490448,-2.245870590209961,-1.7782599925994873,-0.702935516834259,2.175673723220825,-1.6637108325958252,0.29435479640960693,-0.5794099569320679,0.15085652470588684,0.0003375247058868547,0.19782350757194625
1789260169.0169683,1.2697677612304688,-0.7538854479789734,-2.2458653450012207,-1.7782775163650513,-0.7029352784156799,2.1756718158721924,-1.6637036800384521,0.29435989260673523,-0.5794000625610352,0.15085245668888092,0.00033345668888093427,0.1988101655906956
1789260169.0505383,1.2697770595550537,-0.75388503074646,-2.2458629608154297,-1.7782937288284302,-0.7029422521591187,2.175670623779297,-1.6637060642242432,0.29436638951301575,-0.5793900489807129,0.15084752440452576,0.0003285244045257707,0.1988101655906956
1789260169.0842319,1.269780158996582,-0.7538825869560242,-2.2458605766296387,-1.7782933712005615,-0.7029452323913574,2.1756722927093506,-1.6637016534805298,0.29436933994293213,-0.5793898105621338,0.15084972977638245,0.00033072977638246015,0.19782350757194625
1789260169.1177895,1.2697837352752686,-0.7538840770721436,-2.2458584308624268,-1.77829909324646,-0.7029467821121216,2.1756722927093506,-1.6637051105499268,0.2943727672100067,-0.5793856978416443,0.1508476436138153,0.0003286436138153215,0.1988101655906956
1789260169.1513963,1.2697845697402954,-0.7538831830024719,-2.2458598613739014,-1.7782983779907227,-0.7029444575309753,2.175668954849243,-1.6637084484100342,0.294372022151947,-0.57938551902771,0.15084761381149292,0.0003286138114929338,0.199791951149457
1789260169.185091,1.2697855234146118,-0.7538877129554749,-2.2458620071411133,-1.7782952785491943,-0.7029476761817932,2.1756675243377686,-1.663699746131897,0.294371098279953,-0.5793864130973816,0.1508457511663437,0.0003267511663437028,0.19683190382077603
1789260169.2187088,1.2697889804840088,-0.7538829445838928,-2.2458620071411133,-1.7782983779907227,-0.7029444575309753,2.1756699085235596,-1.6637080907821655,0.29437360167503357,-0.5793847441673279,0.15084709227085114,0.0003280922708511491,0.19782350757194625
1789260169.2523932,1.2697898149490356,-0.7538858652114868,-2.2458620071411133,-1.7782994508743286,-0.7029452919960022,2.1756672859191895,-1.6637057065963745,0.2943737804889679,-0.5793831944465637,0.15084512531757355,0.0003261253175735612,0.1988101655906956
1789260169.2859795,1.2697726488113403,-0.7538825869560242,-2.2458419799804688,-1.7783008813858032,-0.7029444575309753,2.1756606101989746,-1.6636989116668701,0.2943735122680664,-0.5793837308883667,0.1508518010377884,0.000332801037788405,0.1988101655906956
1789260169.319557,1.2673845291137695,-0.7519393563270569,-2.2448062896728516,-1.7816236019134521,-0.7029443383216858,2.177373170852661,-1.6603083610534668,0.29383981227874756,-0.5789605975151062,0.1510523557662964,0.0005333557662964006,0.18130822512890998
1789260169.3532257,1.2641360759735107,-0.748522937297821,-2.2435688972473145,-1.786370038986206,-0.7029471397399902,2.1794545650482178,-1.655971884727478,0.2929447293281555,-0.5784096121788025,0.1515231430530548,0.0010041430530548234,0.12972151222939818
1789260169.3869102,1.2611438035964966,-0.7453775405883789,-2.2424256801605225,-1.7912734746932983,-0.7029221653938293,2.181333065032959,-1.6517577171325684,0.29213377833366394,-0.57764732837677,0.15175804495811462,0.0012390449581146379,0.08846932694105811
1789260169.4205215,1.2542157173156738,-0.7394670844078064,-2.2395503520965576,-1.8017922639846802,-0.7023586630821228,2.1857950687408447,-1.6419757604599,0.29047834873199463,-0.5759342312812805,0.1520225554704666,0.0015035554704666276,0.08846932694105811
1789260169.4541373,1.245288372039795,-0.7321078181266785,-2.2354180812835693,-1.8164056539535522,-0.7012889981269836,2.191276788711548,-1.629826545715332,0.28859296441078186,-0.5730246305465698,0.15193794667720795,0.0014189466772079606,0.08392937202498843
1789260169.4876904,1.2369271516799927,-0.7249714136123657,-2.231658458709717,-1.8296935558319092,-0.7002224922180176,2.196993589401245,-1.61796236038208,0.2868253290653229,-0.5705800652503967,0.15208518505096436,0.0015661850509643693,0.09487278508118449
1789260169.521245,1.2275608777999878,-0.7173104882240295,-2.2279365062713623,-1.8437403440475464,-0.699110209941864,2.2026467323303223,-1.6054795980453491,0.2844323217868805,-0.5681248307228088,0.1521356701850891,0.0016166701850891252,0.07912937001338383
1789260169.554807,1.2184677124023438,-0.7097564339637756,-2.2239303588867188,-1.8580243587493896,-0.6979666352272034,2.2084786891937256,-1.5928188562393188,0.2823762893676758,-0.5653981566429138,0.15210923552513123,0.0015902355251312394,0.08156468806857739
1789260169.5883954,1.2089101076126099,-0.7017595767974854,-2.219559669494629,-1.873208999633789,-0.6967920064926147,2.2146244049072266,-1.579524040222168,0.2802836298942566,-0.5624001026153564,0.15204301476478577,0.0015240147647857805,0.07401874722002606
1789260169.621966,1.1993314027786255,-0.6938069462776184,-2.215468406677246,-1.8877960443496704,-0.6956263184547424,2.2206718921661377,-1.5664170980453491,0.2779824435710907,-0.5596715211868286,0.1520230919122696,0.0015040919122696061,0.059347025446578223
1789260169.6555848,1.1906609535217285,-0.6863031387329102,-2.2113397121429443,-1.9017645120620728,-0.6944159269332886,2.226449728012085,-1.5541328191757202,0.27616721391677856,-0.5568178296089172,0.15196871757507324,0.001449717575073256,0.05595291190411357
1789260169.6891391,1.1812376976013184,-0.6783870458602905,-2.2071175575256348,-1.91636323928833,-0.6931605935096741,2.232515811920166,-1.5414493083953857,0.27399805188179016,-0.5539311766624451,0.15186583995819092,0.0013468399581909318,0.05595291190411357
1789260169.7227426,1.172063946723938,-0.6708619594573975,-2.203252077102661,-1.9305131435394287,-0.6919000744819641,2.238487482070923,-1.5288772583007812,0.27176186442375183,-0.5511295199394226,0.15159836411476135,0.0010793641147613664,0.06561060592844098
1789260169.7563868,1.1631261110305786,-0.6627677083015442,-2.198540449142456,-1.9450918436050415,-0.6899943947792053,2.244645357131958,-1.5173121690750122,0.2701288163661957,-0.5479494333267212,0.151617631316185,0.0010986313161850114,0.07912937001338383
1789260169.7899892,1.1545138359069824,-0.6538941860198975,-2.193328619003296,-1.9596837759017944,-0.6875818967819214,2.2513816356658936,-1.506373405456543,0.2689862847328186,-0.5447190403938293,0.15207037329673767,0.0015513732967376848,0.059347025446578223
1789260169.8235753,1.1459050178527832,-0.6451390981674194,-2.187990427017212,-1.9744272232055664,-0.6851435303688049,2.2579708099365234,-1.4954793453216553,0.2678672969341278,-0.5413208603858948,0.15237629413604736,0.0018572941360473771,0.07912937001338383
1789260169.857151,1.1374058723449707,-0.6365222930908203,-2.182711362838745,-1.9890376329421997,-0.6826550364494324,2.2646658420562744,-1.4844831228256226,0.26677238941192627,-0.5379199385643005,0.15259923040866852,0.002080230408668532,0.10467832346762979
1789260169.8908088,1.1284607648849487,-0.6277499198913574,-2.1776278018951416,-2.004030466079712,-0.68027663230896,2.2711987495422363,-1.4734200239181519,0.26525554060935974,-0.5344716310501099,0.15260937809944153,0.002090378099441542,0.10087055545943382
1789260169.924397,1.1198428869247437,-0.6195012331008911,-2.172820568084717,-2.0179898738861084,-0.6779019236564636,2.2778282165527344,-1.4628143310546875,0.26379191875457764,-0.531366229057312,0.15265436470508575,0.0021353647050857683,0.11534989781745353
1789260169.9580488,1.1110422611236572,-0.6106017231941223,-2.1673974990844727,-2.0331757068634033,-0.6754294037818909,2.2846169471740723,-1.4515256881713867,0.262501060962677,-0.5277125239372253,0.15262196958065033,0.0021029695806503435,0.11534989781745353
1789260169.9916103,1.1025654077529907,-0.6019087433815002,-2.162233352661133,-2.0473761558532715,-0.6730871796607971,2.2910327911376953,-1.4408864974975586,0.261160284280777,-0.524381160736084,0.1526862233877182,0.0021672233877182145,0.09891171693842998
1789260170.025214,1.093912959098816,-0.5935661196708679,-2.157238721847534,-2.0618813037872314,-0.6706470251083374,2.2978034019470215,-1.4299300909042358,0.2596954107284546,-0.5209320187568665,0.15244168043136597,0.0019226804313659807,0.10087055545943382
1789260170.0588238,1.085204839706421,-0.5846373438835144,-2.151798725128174,-2.077035427093506,-0.668303906917572,2.304348945617676,-1.418884515762329,0.2582976818084717,-0.5171549916267395,0.15220150351524353,0.0016825035152435441,0.06852804325551864
1789260170.0924516,1.0765968561172485,-0.5760550498962402,-2.1468160152435303,-2.091282367706299,-0.6657653450965881,2.3110592365264893,-1.408040165901184,0.2567567825317383,-0.5137825012207031,0.15198670327663422,0.0014677032766342302,0.059347025446578223
1789260170.1261256,1.0693012475967407,-0.5685269832611084,-2.141634702682495,-2.1037373542785645,-0.6627495288848877,2.3168530464172363,-1.399051547050476,0.2559564709663391,-0.5105483531951904,0.15195561945438385,0.001436619454383864,0.08392937202498843
1789260170.1597407,1.0628525018692017,-0.5608687996864319,-2.136229991912842,-2.1155877113342285,-0.6598872542381287,2.322544813156128,-1.3903887271881104,0.25564393401145935,-0.507348895072937,0.1521673947572708,0.0016483947572708268,0.08622923312351063
1789260170.1933012,1.055721402168274,-0.5527805089950562,-2.130549669265747,-2.1280858516693115,-0.6568559408187866,2.3285305500030518,-1.381247639656067,0.2550954222679138,-0.5040412545204163,0.15232469141483307,0.0018056914148330827,0.08622923312351063
1789260170.2268822,1.047742486000061,-0.5433814525604248,-2.1236042976379395,-2.1423189640045166,-0.6523318290710449,2.3354222774505615,-1.3711315393447876,0.25479236245155334,-0.5000948905944824,0.15260501205921173,0.002086012059211745,0.12354070345060089
1789260170.2604566,1.0399537086486816,-0.5335907340049744,-2.116128921508789,-2.156558036804199,-0.6477599740028381,2.34232234954834,-1.3611201047897339,0.25476256012916565,-0.49604055285453796,0.15303796529769897,0.0025189652976989885,0.1532333996180995
1789260170.294021,1.032244324684143,-0.5235377550125122,-2.108031749725342,-2.171304225921631,-0.6428698897361755,2.3497314453125,-1.3506765365600586,0.25507858395576477,-0.49167269468307495,0.1534632295370102,0.0029442295370102067,0.2036717727852554
1789260170.3275807,1.02423894405365,-0.5138562917709351,-2.1006720066070557,-2.185943841934204,-0.6382080316543579,2.356825590133667,-1.3404167890548706,0.2547813057899475,-0.48745405673980713,0.15351301431655884,0.0029940143165588518,0.21760588102725667
1789260170.3611567,1.015975832939148,-0.5037753582000732,-2.0931124687194824,-2.2005720138549805,-0.6334066390991211,2.3641209602355957,-1.3299235105514526,0.2543949484825134,-0.4833262860774994,0.1536438912153244,0.0031248912153244157,0.22381178101882981
1789260170.3948429,1.008169412612915,-0.49389052391052246,-2.0852549076080322,-2.215319871902466,-0.6286817789077759,2.371354818344116,-1.3195520639419556,0.25430426001548767,-0.4789167046546936,0.15363766252994537,0.0031186625299453874,0.2272819425665676
1789260170.4284823,1.0002130270004272,-0.4839335083961487,-2.077578544616699,-2.2299118041992188,-0.6238420605659485,2.3785791397094727,-1.3092238903045654,0.2539832293987274,-0.4746338427066803,0.15356093645095825,0.003041936450958266,0.216704816531638
1789260170.4620736,0.9921386241912842,-0.4740920960903168,-2.070160150527954,-2.2443230152130127,-0.6191255450248718,2.3857343196868896,-1.2989075183868408,0.25341179966926575,-0.4704767167568207,0.15335388481616974,0.0028348848161697526,0.19077407530073984
1789260170.495639,0.9845151901245117,-0.4646381437778473,-2.062819242477417,-2.258579969406128,-0.6146799921989441,2.392702579498291,-1.2889790534973145,0.25294724106788635,-0.4662110209465027,0.1529737263917923,0.0024547263917923112,0.1532333996180995
1789260170.5293138,0.9768753051757812,-0.45458871126174927,-2.0549516677856445,-2.2732157707214355,-0.609890878200531,2.3999948501586914,-1.2786518335342407,0.25263965129852295,-0.46176213026046753,0.1526525914669037,0.0021335914669037004,0.11364091540157657
1789260170.5629337,0.9697217345237732,-0.44561266899108887,-2.0481784343719482,-2.286405563354492,-0.605551540851593,2.4060068130493164,-1.2697324752807617,0.251932829618454,-0.45777958631515503,0.15214329957962036,0.0016242995796203752,0.0625572578997782
1789260170.5965192,0.9651291370391846,-0.4399595856666565,-2.0429883003234863,-2.2944235801696777,-0.6017616391181946,2.4104464054107666,-1.2633320093154907,0.25203442573547363,-0.45527634024620056,0.15212279558181763,0.0016037955818176408,0.08622923312351063
1789260170.630186,0.9600679874420166,-0.4335319995880127,-2.037294864654541,-2.3031558990478516,-0.5980649590492249,2.414888381958008,-1.2567464113235474,0.251991868019104,-0.4525681138038635,0.1520940512418747,0.0015750512418747087,0.07132624918176021
1789260170.6637397,0.9554561376571655,-0.4269876778125763,-2.03102707862854,-2.311713457107544,-0.593923807144165,2.419490098953247,-1.2501397132873535,0.25243666768074036,-0.4497298002243042,0.15223108232021332,0.0017120823202133317,0.07401874722002606
1789260170.6972926,0.9492292404174805,-0.4188394844532013,-2.0214385986328125,-2.322235345840454,-0.5861346125602722,2.4254262447357178,-1.2409781217575073,0.2537132799625397,-0.4459119439125061,0.15273478627204895,0.002215786272048964,0.1834539611091176
1789260170.7308762,0.9424233436584473,-0.408996045589447,-2.01078200340271,-2.3335492610931396,-0.5782349109649658,2.431779146194458,-1.2313882112503052,0.25497713685035706,-0.4419363737106323,0.1534634232521057,0.0029444232521057268,0.24308965745644515
1789260170.7644875,0.9364758729934692,-0.39954808354377747,-2.000004529953003,-2.345151424407959,-0.5705345273017883,2.4378445148468018,-1.2221174240112305,0.25654125213623047,-0.4374799132347107,0.15388815104961395,0.0033691510496139665,0.28667365437983994
1789260170.7980254,0.9283589124679565,-0.38735947012901306,-1.9864721298217773,-2.3594417572021484,-0.5604988932609558,2.4455206394195557,-1.2101690769195557,0.25810348987579346,-0.4321970045566559,0.15442059934139252,0.003901599341392531,0.3286493810354792
1789260170.8315637,0.9202899932861328,-0.37542659044265747,-1.9731169939041138,-2.3738863468170166,-0.550640344619751,2.4531753063201904,-1.1982841491699219,0.25945615768432617,-0.4268139600753784,0.1546323001384735,0.004113300138473525,0.34605016098091196
1789260170.8651655,0.9117905497550964,-0.3632366359233856,-1.9595075845718384,-2.388284683227539,-0.5403638482093811,2.4612832069396973,-1.1860750913619995,0.26065751910209656,-0.4215697646141052,0.15480631589889526,0.0042873158988952775,0.3706226847154756
1789260170.8987365,0.903728723526001,-0.3513004779815674,-1.9458507299423218,-2.402935743331909,-0.5301961898803711,2.4692282676696777,-1.1738431453704834,0.2618717849254608,-0.4160189926624298,0.15465711057186127,0.004138110571861281,0.36584023980959013
1789260170.9323227,0.8956603407859802,-0.33928224444389343,-1.9326196908950806,-2.417189121246338,-0.5204601287841797,2.47687029838562,-1.1622055768966675,0.2627127170562744,-0.41073521971702576,0.15438547730445862,0.003866477304458632,0.317135455354888
1789260170.9660113,0.8877167105674744,-0.32772380113601685,-1.9195036888122559,-2.430985689163208,-0.5106362104415894,2.4845027923583984,-1.1505039930343628,0.2635182738304138,-0.4055858254432678,0.15401139855384827,0.0034923985538482805,0.2776586580329258
1789260170.999595,0.8800015449523926,-0.3163975179195404,-1.9068487882614136,-2.444824457168579,-0.5012033581733704,2.4917685985565186,-1.1391078233718872,0.26401373744010925,-0.40039438009262085,0.15332743525505066,0.002808435255050673,0.1958352792096712
1789260171.033207,0.8747431635856628,-0.30781689286231995,-1.896991491317749,-2.4549272060394287,-0.49429622292518616,2.4971673488616943,-1.1308914422988892,0.26466938853263855,-0.3964266777038574,0.15286760032176971,0.002348600321769728,0.12666881248565126
1789260171.0669017,0.8698767423629761,-0.3012569844722748,-1.8899391889572144,-2.4629361629486084,-0.4887240529060364,2.5015525817871094,-1.124190092086792,0.2645828127861023,-0.3936077356338501,0.1523144543170929,0.0017954543170929094,0.08156468806857739
1789260171.1005123,0.8651760816574097,-0.2948196828365326,-1.8832632303237915,-2.470858335494995,-0.4833713173866272,2.505753517150879,-1.1177107095718384,0.26434823870658875,-0.39084070920944214,0.15166163444519043,0.0011426344451904435,0.06852804325551864
1789260171.1341412,0.8614012002944946,-0.28925052285194397,-1.8756874799728394,-2.477128028869629,-0.47779324650764465,2.5094943046569824,-1.111362338066101,0.26510944962501526,-0.3882230222225189,0.15150520205497742,0.0009862020549774309,0.07132624918176021
1789260171.167728,0.8570910692214966,-0.28346842527389526,-1.8659899234771729,-2.4816534519195557,-0.4695936143398285,2.5126891136169434,-1.1040616035461426,0.2667556703090668,-0.3859405815601349,0.152155801653862,0.0016368016538620134,0.08392937202498843
1789260171.2013102,0.8530938625335693,-0.2779764235019684,-1.8566153049468994,-2.4862546920776367,-0.46193456649780273,2.515516996383667,-1.0971603393554688,0.26829391717910767,-0.3835391700267792,0.15262065827846527,0.002101658278465285,0.12972151222939818
1789260171.2348695,0.849044919013977,-0.27187252044677734,-1.8458012342453003,-2.491347312927246,-0.4537653625011444,2.5183656215667725,-1.0899925231933594,0.270210325717926,-0.3806511461734772,0.15310801565647125,0.0025890156564712663,0.1655109964311004
1789260171.268476,0.8427098393440247,-0.2632635235786438,-1.8316402435302734,-2.498478651046753,-0.4420691430568695,2.522722005844116,-1.0794743299484253,0.27222564816474915,-0.37703633308410645,0.1536054015159607,0.0030864015159607072,0.21579998972694253
1789260171.302051,0.8366076946258545,-0.25472867488861084,-1.8167825937271118,-2.505540132522583,-0.43028661608695984,2.5273101329803467,-1.0688570737838745,0.27457594871520996,-0.3732263743877411,0.15410201251506805,0.003583012515068068,0.2776586580329258
1789260171.33568,0.8306272625923157,-0.24623176455497742,-1.8026870489120483,-2.51255202293396,-0.4189459979534149,2.531550645828247,-1.05853271484375,0.2765178084373474,-0.36953818798065186,0.15437531471252441,0.003856314712524428,0.30001439728971957
1789260171.3692572,0.8244380950927734,-0.23755227029323578,-1.7877998352050781,-2.5200610160827637,-0.4069491922855377,2.536005735397339,-1.0477849245071411,0.27852457761764526,-0.36550500988960266,0.154477059841156,0.00395805984115602,0.31589905197193274
1789260171.4028995,0.8176783919334412,-0.22819693386554718,-1.7731610536575317,-2.5275959968566895,-0.39499565958976746,2.539762496948242,-1.0368629693984985,0.27991539239883423,-0.3616732060909271,0.15440733730793,0.0038883373079300065,0.25640865792940004
1789260171.436522,0.8113102912902832,-0.22030377388000488,-1.7592546939849854,-2.5344479084014893,-0.38330620527267456,2.544881582260132,-1.0265077352523804,0.2816223204135895,-0.3581997752189636,0.15440043807029724,0.003881438070297255,0.3140353198057528
1789260171.470088,0.8056039810180664,-0.21160443127155304,-1.7440205812454224,-2.5415735244750977,-0.3715195953845978,2.5494399070739746,-1.0158201456069946,0.28371572494506836,-0.3541116714477539,0.1543174535036087,0.0037984535036087175,0.3039024440955947
1789260171.5037177,0.7999106645584106,-0.2029670625925064,-1.7291772365570068,-2.5488622188568115,-0.3599958121776581,2.5537936687469482,-1.0054006576538086,0.28548550605773926,-0.35001248121261597,0.15399686992168427,0.003477869921684279,0.2624426388026188
1789260171.5373406,0.793692409992218,-0.19430573284626007,-1.7147353887557983,-2.5559210777282715,-0.34819188714027405,2.5581963062286377,-0.9949201941490173,0.28688427805900574,-0.34626105427742004,0.15360939502716064,0.0030903950271606584,0.21850322975887923
1789260171.5709646,0.7872123718261719,-0.18584060668945312,-1.7005163431167603,-2.5628814697265625,-0.3366078734397888,2.562533378601074,-0.9843407869338989,0.2880442142486572,-0.3426588177680969,0.153110533952713,0.0025915339527130266,0.1666890263349369
1789260171.6045952,0.7827110290527344,-0.17921017110347748,-1.6891231536865234,-2.568596363067627,-0.3276843726634979,2.5655441284179688,-0.9764179587364197,0.28903523087501526,-0.3394497036933899,0.15253789722919464,0.002018897229194655,0.09891171693842998
1789260171.638215,0.7788597345352173,-0.1739782840013504,-1.6797618865966797,-2.572887659072876,-0.3202241063117981,2.568352460861206,-0.9695508480072021,0.28993967175483704,-0.337040513753891,0.15218167006969452,0.001662670069694533,0.07661668268387072
1789260171.671817,0.7747297286987305,-0.16872043907642365,-1.6710447072982788,-2.5768909454345703,-0.31282541155815125,2.5709848403930664,-0.9628505706787109,0.2905241847038269,-0.33498862385749817,0.15182021260261536,0.0013012126026153703,0.0625572578997782
1789260171.7054336,0.7711667418479919,-0.16407985985279083,-1.661983609199524,-2.5800082683563232,-0.30576008558273315,2.5729482173919678,-0.956284761428833,0.2915782332420349,-0.33290520310401917,0.1516803652048111,0.00116136520481111,0.059347025446578223
1789260171.7389896,0.7658537030220032,-0.1586865484714508,-1.649606704711914,-2.5818378925323486,-0.29550737142562866,2.574659585952759,-0.9468547105789185,0.2934522032737732,-0.33094412088394165,0.15217876434326172,0.0016597643432617326,0.06561060592844098
1789260171.772554,0.7608605623245239,-0.15327449142932892,-1.6366397142410278,-2.5837695598602295,-0.2855023741722107,2.576249599456787,-0.9376296997070312,0.2955453395843506,-0.3286609649658203,0.1526130586862564,0.0020940586862564226,0.09487278508118449
1789260171.8061569,0.7558577656745911,-0.14758075773715973,-1.6233036518096924,-2.5860912799835205,-0.2754206359386444,2.5777719020843506,-0.9283172488212585,0.29756730794906616,-0.32611942291259766,0.15286926925182343,0.002350269251823439,0.10653118153060223
1789260171.839775,0.7502797842025757,-0.14149047434329987,-1.6091769933700562,-2.5881712436676025,-0.26434680819511414,2.5795652866363525,-0.9181431531906128,0.29971078038215637,-0.3236594498157501,0.15321870148181915,0.0026997014818191667,0.13988230894202303
1789260171.8733885,0.7442865371704102,-0.1349811851978302,-1.5940583944320679,-2.590677499771118,-0.25252699851989746,2.581491470336914,-0.9072303175926208,0.3018672466278076,-0.32089337706565857,0.1534120738506317,0.0028930738506317277,0.15576635622796445
1789260171.9069593,0.7383516430854797,-0.1286575198173523,-1.5795085430145264,-2.5931313037872314,-0.24098148941993713,2.583348512649536,-0.8965768814086914,0.3038214147090912,-0.31824371218681335,0.15350288152694702,0.0029838815269470353,0.1631294174610896
1789260171.940544,0.7325100302696228,-0.12264574319124222,-1.5654340982437134,-2.595486879348755,-0.22977599501609802,2.5851693153381348,-0.886347234249115,0.3056556284427643,-0.3156872093677521,0.153525710105896,0.00300671010589601,0.17132016174909548
1789260171.9741468,0.7268832325935364,-0.116118423640728,-1.5503904819488525,-2.5978071689605713,-0.21827709674835205,2.5871098041534424,-0.8756203651428223,0.3077922761440277,-0.312846302986145,0.15353715419769287,0.003018154197692885,0.17132016174909548
1789260172.0077505,0.7210100293159485,-0.10961807519197464,-1.5352628231048584,-2.6003530025482178,-0.2064104527235031,2.5889687538146973,-0.8646445274353027,0.3097504675388336,-0.3099203109741211,0.15338245034217834,0.0028634503421783586,0.15450506866003139
1789260172.0413654,0.7152829766273499,-0.10349559038877487,-1.5210360288619995,-2.602586030960083,-0.19530248641967773,2.590831756591797,-0.8544079065322876,0.3115442395210266,-0.3072909116744995,0.15322783589363098,0.0027088358936309953,0.14401765375946743
1789260172.0749662,0.7094855308532715,-0.09746278822422028,-1.506981611251831,-2.6048853397369385,-0.18418969213962555,2.5926241874694824,-0.8441335558891296,0.31319183111190796,-0.30467137694358826,0.15296611189842224,0.002447111898422255,0.12354070345060089
1789260172.1085699,0.7038927674293518,-0.09130282700061798,-1.4927077293395996,-2.6071581840515137,-0.173015758395195,2.5944342613220215,-0.8339211344718933,0.3149157762527466,-0.30193015933036804,0.1526471972465515,0.0021281972465515275,0.09691329395132914
1789260172.1422443,0.698466956615448,-0.085102379322052,-1.4781768321990967,-2.609583616256714,-0.1619749218225479,2.5961780548095703,-0.8236032128334045,0.31664636731147766,-0.29898351430892944,0.15220244228839874,0.0016834422883987565,0.05595291190411357
1789260172.175877,0.6934162378311157,-0.07990923523902893,-1.466288447380066,-2.6111021041870117,-0.1526673585176468,2.5973799228668213,-0.8145173788070679,0.3179462254047394,-0.2969035506248474,0.15192167460918427,0.001402674609184279,0.03956468264845247
1789260172.2095313,0.68848717212677,-0.07579254359006882,-1.455824851989746,-2.611311197280884,-0.14480260014533997,2.597900152206421,-0.8062243461608887,0.31927090883255005,-0.2955162227153778,0.15201084315776825,0.0014918431577682634,0.027976455118293345
1789260172.2431064,0.6833184361457825,-0.07155672460794449,-1.4447952508926392,-2.6113412380218506,-0.13628137111663818,2.5985147953033447,-0.7974692583084106,0.32075414061546326,-0.2940879166126251,0.15214620530605316,0.0016272053060531755,0.03956468264845247
1789260172.27675,0.6782304644584656,-0.06689181923866272,-1.4327542781829834,-2.6117169857025146,-0.1278517246246338,2.598952531814575,-0.7884449362754822,0.32233598828315735,-0.2922050654888153,0.15210504829883575,0.0015860482988357683,0.019782341029446364
1789260172.3103843,0.6718859076499939,-0.06143547222018242,-1.4175176620483398,-2.6110787391662598,-0.11765677481889725,2.599172592163086,-0.7769453525543213,0.32471954822540283,-0.29007622599601746,0.15238524973392487,0.0018662497339248796,0.027976455118293345
1789260172.343997,0.6651942133903503,-0.055998194962739944,-1.402755856513977,-2.6105873584747314,-0.10730670392513275,2.5993165969848633,-0.7652592658996582,0.3267761766910553,-0.28810277581214905,0.15252842009067535,0.002009420090675368,0.03956468264845247
1789260172.377607,0.6583561301231384,-0.05061626061797142,-1.3885160684585571,-2.609926700592041,-0.09699644893407822,2.5995070934295654,-0.7538388967514038,0.3286883533000946,-0.2863682508468628,0.15266333520412445,0.0021443352041244645,0.048456642643301504
1789260172.4112713,0.651645302772522,-0.04524698853492737,-1.3736835718154907,-2.6093807220458984,-0.08667885512113571,2.5996737480163574,-0.742181122303009,0.33074232935905457,-0.2843226492404938,0.15270517766475677,0.0021861776647567888,0.048456642643301504
1789260172.4449344,0.6450466513633728,-0.03976466506719589,-1.358954668045044,-2.6086926460266113,-0.07633616775274277,2.599900484085083,-0.730718195438385,0.3328178822994232,-0.2823047935962677,0.152724951505661,0.0022059515056610246,0.059347025446578223
1789260172.478568,0.6384918093681335,-0.0343179851770401,-1.3442120552062988,-2.6081383228302,-0.06614368408918381,2.6000545024871826,-0.719201385974884,0.33482375741004944,-0.28017759323120117,0.15262843668460846,0.0021094366846084733,0.048456642643301504
1789260172.5121856,0.6315962076187134,-0.02891284041106701,-1.3297874927520752,-2.607499122619629,-0.05567742884159088,2.600248336791992,-0.707574725151062,0.33666732907295227,-0.27825692296028137,0.152500718832016,0.001981718832016005,0.044234660174789026
1789260172.5458198,0.6250419020652771,-0.023472286760807037,-1.3150222301483154,-2.606858730316162,-0.045499153435230255,2.6004340648651123,-0.6961202025413513,0.33866336941719055,-0.27608469128608704,0.1523085981607437,0.0017895981607437272,0.044234660174789026
1789260172.5794446,0.618695080280304,-0.018299076706171036,-1.300740361213684,-2.606275796890259,-0.03547155112028122,2.600595474243164,-0.6849673390388489,0.3405647873878479,-0.2739243805408478,0.15205661952495575,0.0015376195249557634,0.048456642643301504
1789260172.6130521,0.6119122505187988,-0.012734689749777317,-1.2857780456542969,-2.6055655479431152,-0.025108493864536285,2.6008288860321045,-0.673185408115387,0.3425160050392151,-0.2717306315898895,0.1517515480518341,0.0012325480518341203,0.06852804325551864
1789260172.6466296,0.6051234006881714,-0.008189994841814041,-1.2732857465744019,-2.6041839122772217,-0.016810813918709755,2.600795269012451,-0.6621432304382324,0.3440950810909271,-0.2704734802246094,0.15171901881694794,0.0012000188169479509,0.07401874722002606
1789260172.6804438,0.5978010892868042,-0.0036229484248906374,-1.2603739500045776,-2.601898670196533,-0.00865628756582737,2.6005778312683105,-0.6505975127220154,0.34594792127609253,-0.2694891691207886,0.1519438922405243,0.0014248922405243059,0.059347025446578223
1789260172.7140503,0.5905860066413879,0.0010844378266483545,-1.2473636865615845,-2.599848747253418,-0.0004353508120402694,2.600142478942871,-0.6388585567474365,0.3476991355419159,-0.2683132588863373,0.151998832821846,0.0014798328218460222,0.07401874722002606
1789260172.7475998,0.5827015042304993,0.0059323557652533054,-1.2333922386169434,-2.5976920127868652,0.007994972169399261,2.599551200866699,-0.6261078119277954,0.3495168387889862,-0.2670225501060486,0.1520060896873474,0.001487089687347426,0.08156468806857739
1789260172.7812006,0.5737593770027161,0.01114586740732193,-1.2188364267349243,-2.594731569290161,0.016994133591651917,2.5990400314331055,-0.612434446811676,0.3514865040779114,-0.2661301791667938,0.1521950662136078,0.001676066213607802,0.09891171693842998
1789260172.8147748,0.565451443195343,0.01620473712682724,-1.2044845819473267,-2.592012643814087,0.02574741654098034,2.5984046459198,-0.5991348028182983,0.3534635305404663,-0.2649494409561157,0.15225158631801605,0.001732586318016066,0.11190583714844751
1789260172.8483274,0.556724488735199,0.021528201177716255,-1.1892368793487549,-2.5891473293304443,0.03476451709866524,2.5977561473846436,-0.5850378274917603,0.3555763363838196,-0.263614296913147,0.15225015580654144,0.0017311558065414567,0.12511453444308365
1789260172.881987,0.5479167103767395,0.026586219668388367,-1.1750752925872803,-2.586394786834717,0.04368165507912636,2.597125768661499,-0.5716671943664551,0.35736969113349915,-0.26260310411453247,0.15220147371292114,0.0016824737129211564,0.12033130429241841
1789260172.9155424,0.5397871136665344,0.03143201023340225,-1.1609727144241333,-2.583843946456909,0.05194142460823059,2.5965118408203125,-0.5586852431297302,0.35925567150115967,-0.2612755000591278,0.1520625799894333,0.0015435799894333024,0.11869406681127799
1789260172.9491887,0.5312131643295288,0.036587074398994446,-1.1463757753372192,-2.5810248851776123,0.060860853642225266,2.5958991050720215,-0.5450945496559143,0.36121800541877747,-0.2599746584892273,0.15190209448337555,0.0013830944833755632,0.1083523598284494
1789260172.9828045,0.5237569808959961,0.04073742404580116,-1.1344075202941895,-2.5785841941833496,0.0677495226264,2.595313787460327,-0.5339686870574951,0.36275097727775574,-0.2590610086917877,0.15177881717681885,0.0012598171768188615,0.10467832346762979
1789260173.0165353,0.51744145154953,0.043571773916482925,-1.125601053237915,-2.5767645835876465,0.07224322110414505,2.594740390777588,-0.5249437093734741,0.363669216632843,-0.2586568295955658,0.15170012414455414,0.001181124144554152,0.10467832346762979
1789260173.0501676,0.5107981562614441,0.046438995748758316,-1.1166597604751587,-2.5744991302490234,0.07698232680559158,2.5942482948303223,-0.5156883001327515,0.3647336959838867,-0.25843682885169983,0.15175940096378326,0.001240400963783278,0.10279207254188717
1789260173.083783,0.5032964944839478,0.04954338073730469,-1.1074620485305786,-2.5723116397857666,0.08132586628198624,2.593681573867798,-0.5059344172477722,0.3655491769313812,-0.258421927690506,0.1517125368118286,0.0011935368118286271,0.11869406681127799
1789260173.117388,0.4905860722064972,0.05318405106663704,-1.0952811241149902,-2.5686278343200684,0.08604840934276581,2.592489242553711,-0.49117645621299744,0.36621639132499695,-0.2595384120941162,0.1519530713558197,0.001434071355819716,0.1532333996180995
1789260173.150987,0.47825127840042114,0.056743085384368896,-1.0815651416778564,-2.5647835731506348,0.09057120978832245,2.5914151668548584,-0.4761596918106079,0.3674638569355011,-0.25997817516326904,0.15220914781093597,0.001690147810935988,0.18871159039859822
1789260173.1846352,0.4659765064716339,0.060323651880025864,-1.06876802444458,-2.5611722469329834,0.0951445922255516,2.590343475341797,-0.46172624826431274,0.3683913052082062,-0.2606578767299652,0.15236184000968933,0.001842840009689345,0.21397885808123562
1789260173.2182326,0.45194995403289795,0.06450147926807404,-1.0536032915115356,-2.5570366382598877,0.10042621940374374,2.589071750640869,-0.44477447867393494,0.36956986784935,-0.2612054944038391,0.15245948731899261,0.0019404873189926286,0.23738826096775903
1789260173.251856,0.43750816583633423,0.06869368255138397,-1.0392037630081177,-2.552872657775879,0.1056831032037735,2.5878307819366455,-0.42795950174331665,0.37045496702194214,-0.2621828019618988,0.15253892540931702,0.0020199254093170305,0.2594431906973403
1789260173.2854688,0.42402929067611694,0.0725032314658165,-1.0248620510101318,-2.5487029552459717,0.11063738167285919,2.586665391921997,-0.41185837984085083,0.37164506316185,-0.2627905607223511,0.1526707261800766,0.002151726180076613,0.27482532682606475
1789260173.319109,0.4096824824810028,0.07678554952144623,-1.0101630687713623,-2.5445308685302734,0.1159047782421112,2.5853888988494873,-0.3949093520641327,0.37260890007019043,-0.2635701596736908,0.15262971818447113,0.0021107181844711442,0.2818552568026587
1789260173.3526626,0.39583298563957214,0.0808817595243454,-0.9954985976219177,-2.5404984951019287,0.12111616134643555,2.5841102600097656,-0.3784267008304596,0.3736627399921417,-0.2641026973724365,0.15253672003746033,0.002017720037460341,0.27411241809811104
1789260173.386183,0.3816151022911072,0.084937185049057,-0.9808219075202942,-2.536198139190674,0.12625369429588318,2.5828912258148193,-0.3615401089191437,0.37474772334098816,-0.2648181617259979,0.15251031517982483,0.001991315179824843,0.27411241809811104
1789260173.4197996,0.3674250841140747,0.08901196718215942,-0.9661784172058105,-2.5318989753723145,0.1314573436975479,2.5816991329193115,-0.344846248626709,0.3758317232131958,-0.2655128538608551,0.15243786573410034,0.0019188657341003557,0.26466991865372924
1789260173.4533985,0.3534091114997864,0.09318125993013382,-0.9515100717544556,-2.527848720550537,0.13669055700302124,2.580392837524414,-0.3281058967113495,0.37682804465293884,-0.26603275537490845,0.15219596028327942,0.0016769602832794328,0.23738826096775903
1789260173.4869754,0.3391680419445038,0.09729068726301193,-0.9368464350700378,-2.5235795974731445,0.14199961721897125,2.579190969467163,-0.3112930655479431,0.3778826892375946,-0.26667729020118713,0.15201367437839508,0.0014946743783950944,0.2130624551327921
1789260173.5205648,0.32570987939834595,0.10120593011379242,-0.9224399924278259,-2.5195703506469727,0.14697706699371338,2.577977418899536,-0.2952059805393219,0.37899133563041687,-0.2670322060585022,0.15175600349903107,0.0012370034990310808,0.17693870661400976
1789260173.5542078,0.3120137155056,0.1052236407995224,-0.9085323214530945,-2.515620231628418,0.15187454223632812,2.5768327713012695,-0.2791256606578827,0.3798716962337494,-0.26765313744544983,0.1514338254928589,0.0009148254928589006,0.13988230894202303
1789260173.5878172,0.2998676896095276,0.10872763395309448,-0.8953299522399902,-2.5120744705200195,0.1562960147857666,2.5756890773773193,-0.2646629810333252,0.3808877170085907,-0.267826646566391,0.15110093355178833,0.0005819335517883439,0.08846932694105811
1789260173.6214383,0.28811195492744446,0.11200682073831558,-0.8831812739372253,-2.508443832397461,0.16060808300971985,2.5747413635253906,-0.2508736252784729,0.3818367123603821,-0.2682912349700928,0.150892436504364,0.00037343650436402753,0.05595291190411357
1789260173.6551125,0.2772619128227234,0.11530619859695435,-0.8721780776977539,-2.505103826522827,0.1646845042705536,2.5736656188964844,-0.2376910001039505,0.3825760781764984,-0.2687687277793884,0.15058253705501556,6.353705501557783e-05,0.019782341029446364
1789260173.6887028,0.2701129615306854,0.11721272021532059,-0.8636707663536072,-2.502687454223633,0.1657286286354065,2.5727460384368896,-0.2299313098192215,0.3834545314311981,-0.2686290144920349,0.15045017004013062,-6.88299598693709e-05,0.019782341029446364
1789260173.7222843,0.26307588815689087,0.1187494769692421,-0.8550751805305481,-2.4997410774230957,0.16623477637767792,2.572021961212158,-0.2222871333360672,0.38469386100769043,-0.2685583531856537,0.1506233811378479,0.00010438113784791425,0.019782341029446364
1789260173.755838,0.25612157583236694,0.12053118646144867,-0.8460904955863953,-2.496950626373291,0.16671255230903625,2.57116961479187,-0.2145620435476303,0.3859267830848694,-0.2682456970214844,0.1506301313638687,0.00011113136386872724,0.03956468264845247
1789260173.789435,0.24694660305976868,0.12256387621164322,-0.8338102698326111,-2.4933643341064453,0.16683362424373627,2.5699141025543213,-0.2050461620092392,0.38764578104019165,-0.2676037847995758,0.15065860748291016,0.0001396074829101701,0.044234660174789026
1789260173.823072,0.23617205023765564,0.12493293732404709,-0.8190028071403503,-2.488664150238037,0.16641178727149963,2.5685269832611084,-0.19392956793308258,0.38997551798820496,-0.2668152451515198,0.15084804594516754,0.00032904594516755536,0.07661668268387072
1789260173.856706,0.22600330412387848,0.12709113955497742,-0.8051120042800903,-2.4843173027038574,0.16587784886360168,2.567157745361328,-0.1834617704153061,0.39211446046829224,-0.26605144143104553,0.1510016769170761,0.0004826769170761247,0.10653118153060223
1789260173.8903353,0.21557722985744476,0.12944573163986206,-0.7904039621353149,-2.479735851287842,0.1652987152338028,2.5657901763916016,-0.17250213027000427,0.3944604694843292,-0.26509180665016174,0.1511252522468567,0.0006062522468567033,0.13562092827251515
1789260173.9239342,0.20452415943145752,0.13171035051345825,-0.7758360505104065,-2.4751832485198975,0.16471067070960999,2.564301013946533,-0.16124215722084045,0.3965873420238495,-0.26438480615615845,0.1512473225593567,0.0007283225593567033,0.15576635622796445
1789260173.9575808,0.19400964677333832,0.1339721381664276,-0.7611863613128662,-2.4704957008361816,0.16409049928188324,2.562901258468628,-0.15025940537452698,0.39894917607307434,-0.26344922184944153,0.1514086276292801,0.0008896276292801042,0.17693870661400976
1789260173.9911275,0.18318402767181396,0.1363290250301361,-0.7464767694473267,-2.4659855365753174,0.16348838806152344,2.5614190101623535,-0.1390310525894165,0.40113747119903564,-0.26253679394721985,0.15144801139831543,0.0009290113983154435,0.18871159039859822
1789260174.0247786,0.17238985002040863,0.13877291977405548,-0.731816291809082,-2.4614155292510986,0.16289973258972168,2.5599896907806396,-0.12788623571395874,0.40333980321884155,-0.26163017749786377,0.15147040784358978,0.0009514078435897966,0.2027087792782551
1789260174.0583873,0.16177469491958618,0.14108963310718536,-0.7170786261558533,-2.4567127227783203,0.1622878760099411,2.5585920810699463,-0.11674948781728745,0.40569251775741577,-0.2606234550476074,0.15157069265842438,0.0010516926584243913,0.2121420935987288
1789260174.0920208,0.150822713971138,0.14333529770374298,-0.702551543712616,-2.4521400928497314,0.16171137988567352,2.557161808013916,-0.10563195496797562,0.4078553020954132,-0.2597811222076416,0.15164276957511902,0.0011237695751190324,0.2130624551327921
1789260174.125623,0.14061444997787476,0.14562948048114777,-0.6881891489028931,-2.4476304054260254,0.1611085683107376,2.5557761192321777,-0.09482404589653015,0.41013944149017334,-0.25867557525634766,0.15167348086833954,0.0011544808683395524,0.21397885808123562
1789260174.1593182,0.12960202991962433,0.14793723821640015,-0.6735284924507141,-2.4429562091827393,0.16052109003067017,2.5543224811553955,-0.08357170224189758,0.4123481214046478,-0.25777366757392883,0.15172789990901947,0.001208899909019484,0.20935673428581142
1789260174.1929102,0.1186976432800293,0.1503896266222,-0.6583470106124878,-2.438295841217041,0.15986627340316772,2.552830219268799,-0.07218943536281586,0.4146745502948761,-0.2565728425979614,0.15168382227420807,0.0011648222742080827,0.1988101655906956
1789260174.2264931,0.10827744752168655,0.15268994867801666,-0.6440945863723755,-2.4338932037353516,0.15927515923976898,2.5513880252838135,-0.0613744854927063,0.41681650280952454,-0.2554967999458313,0.15163849294185638,0.0011194929418563981,0.1834539611091176
1789260174.2600718,0.09744508564472198,0.15495488047599792,-0.629481852054596,-2.429170846939087,0.15867307782173157,2.549994945526123,-0.050227224826812744,0.4190957844257355,-0.25448575615882874,0.15170247852802277,0.00118347852802278,0.16785878907325083
1789260174.2937286,0.08687768876552582,0.15727099776268005,-0.6147525906562805,-2.4246253967285156,0.15801700949668884,2.5485332012176514,-0.03907318785786629,0.42137113213539124,-0.25324368476867676,0.15166117250919342,0.0011421725091934343,0.145369962588823
1789260174.3273559,0.07596699148416519,0.1596234291791916,-0.6001797914505005,-2.419928550720215,0.15741273760795593,2.5471253395080566,-0.027980852872133255,0.4235897958278656,-0.25222933292388916,0.15166416764259338,0.0011451676425933976,0.12511453444308365
1789260174.3609746,0.06569331139326096,0.16182483732700348,-0.5859032273292542,-2.415534496307373,0.156821146607399,2.5457217693328857,-0.017247390002012253,0.4257911741733551,-0.2509886622428894,0.15162278711795807,0.0011037871179580827,0.09278741380920028
1789260174.3945508,0.056168898940086365,0.16387854516506195,-0.5727956295013428,-2.411623239517212,0.15625916421413422,2.544433355331421,-0.007474344223737717,0.42772799730300903,-0.24984440207481384,0.15152056515216827,0.0010015651521682878,0.05233915627441309
1789260174.4281266,0.04604071006178856,0.16609464585781097,-0.5590085387229919,-2.40731143951416,0.15569014847278595,2.5431292057037354,0.002832111669704318,0.4298223555088043,-0.24871492385864258,0.15146182477474213,0.0009428247747421403,0.03426402009603798
1789260174.4617112,0.037200652062892914,0.16802331805229187,-0.5471431016921997,-2.4033052921295166,0.155051127076149,2.54191255569458,0.011991268023848534,0.4316989779472351,-0.24783410131931305,0.15149857103824615,0.0009795710382461686,0.019782341029446364
1789260174.495308,0.031463298946619034,0.16886983811855316,-0.5401554703712463,-2.401719808578491,0.15444006025791168,2.541374921798706,0.015915052965283394,0.43240997195243835,-0.24740949273109436,0.15137121081352234,0.0008522108135223527,0.0
1789260174.528905,0.024968260899186134,0.1696968823671341,-0.5340733528137207,-2.3999388217926025,0.15384985506534576,2.540829658508301,0.019832156598567963,0.43280231952667236,-0.2477622628211975,0.15136326849460602,0.0008442684946060319,0.03956468264845247
1789260174.5625405,0.018799087032675743,0.17050930857658386,-0.5277633666992188,-2.3981590270996094,0.15320873260498047,2.5403225421905518,0.023466048762202263,0.433338463306427,-0.24787506461143494,0.15135431289672852,0.0008353128967285295,0.048456642643301504
1789260174.596204,0.0077621410600841045,0.17089152336120605,-0.5202974081039429,-2.3967909812927246,0.15123708546161652,2.5399696826934814,0.02326061762869358,0.43283501267433167,-0.24955040216445923,0.15134213864803314,0.000823138648033156,0.044234660174789026
1789260174.6298468,-0.006290658842772245,0.17106486856937408,-0.5122960209846497,-2.3957715034484863,0.14909237623214722,2.539646863937378,0.02267305552959442,0.4315865635871887,-0.25222113728523254,0.15127384662628174,0.0007548466262817521,0.03956468264845247
1789260174.6634612,-0.019810454919934273,0.17134013772010803,-0.5037948489189148,-2.3944263458251953,0.14682459831237793,2.5393972396850586,0.02208452671766281,0.4307163655757904,-0.25451159477233887,0.15127119421958923,0.0007521942195892473,0.03956468264845247
1789260174.6970654,-0.03380999714136124,0.17145895957946777,-0.4950200915336609,-2.3933656215667725,0.14451515674591064,2.5390288829803467,0.021491535007953644,0.42966631054878235,-0.25680822134017944,0.15121415257453918,0.0006951525745391984,0.05233915627441309
1789260174.7307127,-0.04775739088654518,0.17179255187511444,-0.48589813709259033,-2.3918778896331787,0.14212928712368011,2.538789987564087,0.02090788632631302,0.4288734197616577,-0.2590316832065582,0.1512230634689331,0.0007040634689331193,0.03426402009603798
1789260174.7643368,-0.06277824193239212,0.172060027718544,-0.4769173860549927,-2.390620708465576,0.1396682858467102,2.5384185314178467,0.020303403958678246,0.42764222621917725,-0.2617128789424896,0.15117476880550385,0.0006557688055038591,0.05233915627441309
1789260174.7979536,-0.07783470302820206,0.17233243584632874,-0.4675590395927429,-2.389249324798584,0.13710208237171173,2.538093328475952,0.019688526168465614,0.4265387952327728,-0.26426902413368225,0.15116062760353088,0.0006416276035308976,0.059347025446578223
1789260174.8315225,-0.09199675172567368,0.17263023555278778,-0.45860356092453003,-2.3880107402801514,0.1346854567527771,2.5377683639526367,0.019108250737190247,0.42549705505371094,-0.2665864825248718,0.15110701322555542,0.0005880132255554338,0.0625572578997782
1789260174.8651142,-0.10670460015535355,0.17284876108169556,-0.44949620962142944,-2.3867034912109375,0.13217192888259888,2.5374372005462646,0.01851091906428337,0.4243782162666321,-0.26908397674560547,0.15111321210861206,0.0005942121086120744,0.07132624918176021
1789260174.8987274,-0.12153232097625732,0.17309895157814026,-0.44029536843299866,-2.3853468894958496,0.129692941904068,2.537111520767212,0.01789889670908451,0.4232567250728607,-0.2715969383716583,0.15112577378749847,0.000606773787498488,0.06561060592844098
1789260174.9323173,-0.13608847558498383,0.1734117865562439,-0.43126681447029114,-2.3840253353118896,0.12724240124225616,2.5367844104766846,0.017290640622377396,0.42212414741516113,-0.2740578353404999,0.1511087566614151,0.000589756661415114,0.07132624918176021
1789260174.9659498,-0.15066595375537872,0.17366720736026764,-0.4218571186065674,-2.3826651573181152,0.12473392486572266,2.5364620685577393,0.01667853444814682,0.42110466957092285,-0.2763674855232239,0.15112411975860596,0.0006051197586059709,0.07132624918176021
1789260174.9995456,-0.16512590646743774,0.17391176521778107,-0.4132830500602722,-2.381411075592041,0.12239047884941101,2.5361409187316895,0.01608184166252613,0.4198363423347473,-0.27896592020988464,0.1511410027742386,0.0006220027742386003,0.07661668268387072
1789260175.0332048,-0.1800578534603119,0.17417824268341064,-0.4037661552429199,-2.3800196647644043,0.11982180178165436,2.535806179046631,0.01544352900236845,0.4187319874763489,-0.28137826919555664,0.151169553399086,0.0006505533990860124,0.07401874722002606
1789260175.066896,-0.19487710297107697,0.17449435591697693,-0.39469605684280396,-2.3786442279815674,0.11726777255535126,2.535478353500366,0.014834558591246605,0.41750645637512207,-0.28393298387527466,0.15119129419326782,0.0006722941932678361,0.07132624918176021
1789260175.100517,-0.20906558632850647,0.1747378706932068,-0.3858399987220764,-2.377383232116699,0.11490662395954132,2.5351576805114746,0.01422636117786169,0.4163588583469391,-0.2862837016582489,0.1512177437543869,0.0006987437543869157,0.07132624918176021
1789260175.1341858,-0.2237570732831955,0.17498527467250824,-0.3765433728694916,-2.376101016998291,0.11239075660705566,2.5348169803619385,0.013602394610643387,0.41518327593803406,-0.2886543571949005,0.1512395590543747,0.0007205590543747087,0.07132624918176021
1789260175.1677666,-0.2381419986486435,0.1752607673406601,-0.3677709698677063,-2.3748602867126465,0.11010551452636719,2.5345027446746826,0.013160238973796368,0.41392073035240173,-0.29110801219940186,0.151258185505867,0.0007391855058670183,0.06852804325551864
1789260175.20135,-0.2508804202079773,0.17543572187423706,-0.35978856682777405,-2.373807907104492,0.10798171162605286,2.5342276096343994,0.012844523414969444,0.4128464162349701,-0.2931790351867676,0.15128812193870544,0.0007691219387054582,0.07401874722002606
1789260175.2349534,-0.2639828622341156,0.17568711936473846,-0.3516629934310913,-2.372640609741211,0.10588245093822479,2.5339784622192383,0.01254036370664835,0.4117368161678314,-0.2953631579875946,0.1513272076845169,0.0008082076845169206,0.06561060592844098
1789260175.2686188,-0.27465975284576416,0.1758805811405182,-0.3451419770717621,-2.371598958969116,0.10401797294616699,2.5336720943450928,0.012326265685260296,0.4108123183250427,-0.29719996452331543,0.1513957381248474,0.000876738124847426,0.0625572578997782
1789260175.3022628,-0.27852627635002136,0.17629708349704742,-0.3425081670284271,-2.370718479156494,0.1034984216094017,2.5334067344665527,0.008431428112089634,0.4106808304786682,-0.29783281683921814,0.15142209827899933,0.0009030982789993425,0.059347025446578223
1789260175.3358457,-0.2813093960285187,0.17681704461574554,-0.34008997678756714,-2.3697636127471924,0.10295029729604721,2.5331966876983643,0.0037014149129390717,0.41082650423049927,-0.2981370985507965,0.15143832564353943,0.0009193256435394426,0.048456642643301504
1789260175.3694987,-0.2841632664203644,0.17727655172348022,-0.33792170882225037,-2.368915557861328,0.10242349654436111,2.532932758331299,-0.0018322678515687585,0.4108346700668335,-0.29854634404182434,0.1514464169740677,0.0009274169740677018,0.05233915627441309
1789260175.403108,-0.2873680591583252,0.17851759493350983,-0.3351234197616577,-2.366954803466797,0.10196056216955185,2.532315254211426,-0.01646512746810913,0.4111866354942322,-0.29902416467666626,0.15144556760787964,0.0009265676078796525,0.05595291190411357
1789260175.4366527,-0.2907516062259674,0.17999032139778137,-0.3316091299057007,-2.364600896835327,0.1014360785484314,2.531705379486084,-0.032620642334222794,0.4118199050426483,-0.2993558943271637,0.15145845711231232,0.0009394571123123308,0.05595291190411357
1789260175.470236,-0.2943848669528961,0.18142391741275787,-0.328153520822525,-2.3623664379119873,0.10093407332897186,2.5310001373291016,-0.04925528168678284,0.41230466961860657,-0.2997720241546631,0.1514376550912857,0.0009186550912857194,0.05595291190411357
1789260175.5038042,-0.2981805205345154,0.1829545497894287,-0.3246661424636841,-2.3599703311920166,0.10040853172540665,2.530322790145874,-0.06653660535812378,0.4128023684024811,-0.3002816438674927,0.15143071115016937,0.0009117111501693864,0.059347025446578223
1789260175.537463,-0.30191871523857117,0.18450219929218292,-0.3210276663303375,-2.3574907779693604,0.09986795485019684,2.5295941829681396,-0.08384770154953003,0.41338518261909485,-0.30071452260017395,0.15143640339374542,0.0009174033937454362,0.059347025446578223
1789260175.5711644,-0.30563482642173767,0.18602968752384186,-0.31730255484580994,-2.354977607727051,0.0993151143193245,2.528855085372925,-0.10160870850086212,0.41401615738868713,-0.3011077344417572,0.15145961940288544,0.0009406194028854509,0.059347025446578223
1789260175.6047833,-0.30948904156684875,0.18750475347042084,-0.31376755237579346,-2.3524575233459473,0.09876084327697754,2.5281262397766113,-0.11917922645807266,0.4145606458187103,-0.3016464412212372,0.15151633322238922,0.000997333222389235,0.05595291190411357
1789260175.6383579,-0.31331536173820496,0.18904860317707062,-0.3102422058582306,-2.3499884605407715,0.09821341931819916,2.527411699295044,-0.13677425682544708,0.4150804877281189,-0.30216148495674133,0.15152089297771454,0.0010018929777145524,0.05595291190411357
1789260175.6719568,-0.316954106092453,0.19065287709236145,-0.3064318299293518,-2.3475534915924072,0.09763167798519135,2.5266692638397217,-0.15442049503326416,0.41571494936943054,-0.30245715379714966,0.1514708697795868,0.0009518697795868059,0.059347025446578223
1789260175.7055302,-0.32049182057380676,0.19221849739551544,-0.30281713604927063,-2.3451285362243652,0.09709915518760681,2.5259923934936523,-0.1714508980512619,0.41633477807044983,-0.30280208587646484,0.15144632756710052,0.0009273275671005388,0.06561060592844098
1789260175.7391417,-0.3244082033634186,0.193749338388443,-0.29926586151123047,-2.342618227005005,0.09656548500061035,2.5252463817596436,-0.18925487995147705,0.4168493151664734,-0.3033462166786194,0.15146557986736298,0.0009465798673629899,0.06561060592844098
1789260175.7726996,-0.328188419342041,0.19526398181915283,-0.29570838809013367,-2.340127468109131,0.09598295390605927,2.5245563983917236,-0.2066817730665207,0.4174092411994934,-0.3038351833820343,0.15148906409740448,0.0009700640974044938,0.06561060592844098
1789260175.8063347,-0.33193373680114746,0.19686079025268555,-0.2920055687427521,-2.3376080989837646,0.09542985260486603,2.5238261222839355,-0.22442856431007385,0.4180165231227875,-0.30424007773399353,0.15147387981414795,0.0009548798141479631,0.06561060592844098
1789260175.8398962,-0.33575931191444397,0.19841767847537994,-0.2884325683116913,-2.335216760635376,0.09489705413579941,2.5230801105499268,-0.24194321036338806,0.41851285099983215,-0.30470120906829834,0.1514315903186798,0.0009125903186798234,0.06852804325551864
1789260175.8734715,-0.3395959734916687,0.19995418190956116,-0.2848699390888214,-2.3327507972717285,0.09432638436555862,2.522372007369995,-0.25955092906951904,0.41904065012931824,-0.30519771575927734,0.15143005549907684,0.0009110554990768571,0.06852804325551864
1789260175.9070206,-0.3432639539241791,0.20148088037967682,-0.28111138939857483,-2.330244541168213,0.09375987201929092,2.5216493606567383,-0.2771744132041931,0.41969648003578186,-0.3055441677570343,0.15144062042236328,0.0009216204223632951,0.06852804325551864
1789260175.9406636,-0.34677761793136597,0.2029723823070526,-0.27747684717178345,-2.327784538269043,0.09321945160627365,2.520961046218872,-0.29423144459724426,0.4203548729419708,-0.30587345361709595,0.1514570564031601,0.0009380564031601091,0.059347025446578223
1789260175.9743104,-0.3503989577293396,0.2044350653886795,-0.27417632937431335,-2.325430393218994,0.09269614517688751,2.5203442573547363,-0.31092795729637146,0.4208507537841797,-0.3063793480396271,0.15146325528621674,0.0009442552862167497,0.06852804325551864
1789260176.007915,-0.3538641929626465,0.2057925909757614,-0.27097612619400024,-2.323385000228882,0.09218025207519531,2.519718647003174,-0.32697656750679016,0.42125651240348816,-0.3067888021469116,0.1514069139957428,0.0008879139957428117,0.0625572578997782
1789260176.0415242,-0.35702890157699585,0.20708711445331573,-0.26786360144615173,-2.3213906288146973,0.09171154350042343,2.5191550254821777,-0.34210148453712463,0.4217289388179779,-0.3071073591709137,0.15137024223804474,0.0008512422380447526,0.05595291190411357
1789260176.0751977,-0.3597937822341919,0.20801688730716705,-0.2651844322681427,-2.319807291030884,0.09128037095069885,2.518629312515259,-0.3548521101474762,0.42209380865097046,-0.30737102031707764,0.15137715637683868,0.0008581563768386979,0.05233915627441309
1789260176.1087694,-0.36060142517089844,0.209711492061615,-0.26432979106903076,-2.3170065879821777,0.09133728593587875,2.5173587799072266,-0.358975350856781,0.42273789644241333,-0.30777233839035034,0.151445209980011,0.0009262099800110002,0.0625572578997782
1789260176.1423938,-0.3612571656703949,0.21173696219921112,-0.2633644938468933,-2.313760757446289,0.0915478989481926,2.5162484645843506,-0.3618907928466797,0.4236154854297638,-0.30816757678985596,0.15152454376220703,0.0010055437622070451,0.06852804325551864
1789260176.1760101,-0.3619817793369293,0.21420224010944366,-0.2624429166316986,-2.310211658477783,0.0918087512254715,2.515002965927124,-0.36457446217536926,0.42448389530181885,-0.30863937735557556,0.1514841765165329,0.0009651765165329118,0.08156468806857739
1789260176.2096655,-0.36222562193870544,0.21996194124221802,-0.2617419958114624,-2.301168441772461,0.09310454875230789,2.511237859725952,-0.36447280645370483,0.42668524384498596,-0.3098229467868805,0.15163554251194,0.0011165425119400163,0.10087055545943382
1789260176.243262,-0.36229920387268066,0.22786861658096313,-0.260753333568573,-2.2885019779205322,0.09483922272920609,2.5068864822387695,-0.3642917275428772,0.4300270080566406,-0.31147655844688416,0.15199807286262512,0.001479072862625136,0.12354070345060089
1789260176.2768328,-0.36239898204803467,0.23540571331977844,-0.2597784101963043,-2.277225971221924,0.09647611528635025,2.502208948135376,-0.3641289472579956,0.4328097403049469,-0.3127516210079193,0.15197840332984924,0.001459403329849257,0.14401765375946743
1789260176.3105001,-0.36254847049713135,0.24395444989204407,-0.2587640881538391,-2.2640812397003174,0.09832148998975754,2.4974708557128906,-0.36401671171188354,0.4361572265625,-0.31439346075057983,0.1521277278661728,0.0016087278661728044,0.1655109964311004
1789260176.344076,-0.3627462089061737,0.2533469796180725,-0.2575874626636505,-2.2490124702453613,0.10049182921648026,2.491943120956421,-0.3639856278896332,0.4400442838668823,-0.316253662109375,0.15248195827007294,0.001962958270072951,0.1834539611091176
1789260176.377653,-0.36299023032188416,0.2627052068710327,-0.25646981596946716,-2.2344882488250732,0.1025937870144844,2.4863991737365723,-0.3639581799507141,0.44368037581443787,-0.31799086928367615,0.15262548625469208,0.0021064862546920915,0.199791951149457
1789260176.4112256,-0.36313730478286743,0.27222535014152527,-0.2551879286766052,-2.2199220657348633,0.10467797517776489,2.4807538986206055,-0.36391597986221313,0.44737035036087036,-0.31955641508102417,0.1526634842157364,0.002144484215736403,0.21489135308816265
1789260176.4448164,-0.3633427917957306,0.2816019356250763,-0.25401368737220764,-2.2049105167388916,0.10680709034204483,2.4754035472869873,-0.363873690366745,0.4512536823749542,-0.3213149607181549,0.1529592126607895,0.0024402126607895036,0.22641938826360836
1789260176.4784107,-0.3635309934616089,0.29106754064559937,-0.2527581453323364,-2.190659999847412,0.10884460061788559,2.469625234603882,-0.36382943391799927,0.4547773599624634,-0.3227453827857971,0.152849942445755,0.0023309424457550187,0.23821110087806927
1789260176.512056,-0.36376625299453735,0.3004676103591919,-0.2516225576400757,-2.175682544708252,0.11097843945026398,2.4641826152801514,-0.3637886643409729,0.4585988521575928,-0.32443538308143616,0.15307238698005676,0.0025533869800567766,0.24628834802245791
1789260176.5456572,-0.36399903893470764,0.30955028533935547,-0.2505064308643341,-2.16172456741333,0.1130162924528122,2.4587252140045166,-0.36374732851982117,0.4620560109615326,-0.32587799429893494,0.1530487835407257,0.002529783540725722,0.2502292180346854
1789260176.5792704,-0.3641863465309143,0.3191196024417877,-0.24926921725273132,-2.146808385848999,0.11512686312198639,2.453110456466675,-0.3637073338031769,0.4658360183238983,-0.32737183570861816,0.15309442579746246,0.0025754257974624772,0.25487784375809863
1789260176.6128669,-0.3643825650215149,0.32874754071235657,-0.24802565574645996,-2.1316704750061035,0.11728960275650024,2.4473931789398193,-0.36367306113243103,0.4696727395057678,-0.32885733246803284,0.1531640738248825,0.002645073824882521,0.2533377797477128
1789260176.646445,-0.36451858282089233,0.33787718415260315,-0.24678963422775269,-2.117569923400879,0.1193632110953331,2.4419612884521484,-0.36363014578819275,0.47324085235595703,-0.33011502027511597,0.15310627222061157,0.002587272220611586,0.2486603648760226
1789260176.6800392,-0.3648171126842499,0.3474007844924927,-0.24567686021327972,-2.1027462482452393,0.12148752808570862,2.436555862426758,-0.36358922719955444,0.4769320785999298,-0.3316144645214081,0.15310148894786835,0.002582488947868361,0.24469422950165987
1789260176.7136652,-0.3650217652320862,0.35664376616477966,-0.24446448683738708,-2.088284969329834,0.1235576868057251,2.430847406387329,-0.36354750394821167,0.48053473234176636,-0.3328794538974762,0.15305927395820618,0.0025402739582061906,0.23738826096775903
1789260176.7472396,-0.3651955723762512,0.3661803901195526,-0.243258997797966,-2.0732626914978027,0.1256599724292755,2.4254212379455566,-0.3635084629058838,0.4843558073043823,-0.3342365324497223,0.15307852625846863,0.002559526258468642,0.22899730459219447
1789260176.7808142,-0.3653948903083801,0.375741183757782,-0.2420286387205124,-2.058953285217285,0.12773385643959045,2.4196715354919434,-0.3634636700153351,0.48783308267593384,-0.33535346388816833,0.15274786949157715,0.0022288694915771623,0.22468434599379783
1789260176.8144143,-0.36557242274284363,0.3847024440765381,-0.24088731408119202,-2.0443484783172607,0.1297931969165802,2.414398193359375,-0.3634265661239624,0.49157318472862244,-0.3366357982158661,0.1529071182012558,0.002388118201255812,0.201741189079591
1789260176.8480587,-0.36583057045936584,0.3944997787475586,-0.23967300355434418,-2.0294601917266846,0.13193224370479584,2.4085693359375,-0.3633795380592346,0.49518507719039917,-0.3378102481365204,0.15262317657470703,0.002104176574707045,0.19179700087998583
1789260176.8815877,-0.36600616574287415,0.40360963344573975,-0.23850271105766296,-2.0153274536132812,0.1340104341506958,2.403181552886963,-0.36334148049354553,0.4986927807331085,-0.3388737440109253,0.15245592594146729,0.001936925941467299,0.17245851507387558
1789260176.91531,-0.3661929965019226,0.4129343330860138,-0.23734982311725616,-2.000546455383301,0.13611498475074768,2.3978500366210938,-0.3633088171482086,0.5024076104164124,-0.3400442898273468,0.15241101384162903,0.0018920138416290422,0.1480375253231069
1789260176.9488885,-0.3663511574268341,0.42240485548973083,-0.23612065613269806,-1.986106276512146,0.13822057843208313,2.3920986652374268,-0.3632781505584717,0.5059233903884888,-0.3409850299358368,0.15208056569099426,0.0015615656909942766,0.13562092827251515
1789260176.9824915,-0.3665742576122284,0.43162572383880615,-0.23501715064048767,-1.971481204032898,0.14034497737884521,2.3868141174316406,-0.3632432818412781,0.5095555782318115,-0.3421032726764679,0.15200184285640717,0.0014828428564071794,0.10279207254188717
1789260177.0160363,-0.36657097935676575,0.43858006596565247,-0.2343113273382187,-1.960723638534546,0.14189541339874268,2.383045196533203,-0.3632364869117737,0.5122318267822266,-0.34287822246551514,0.15184536576271057,0.0013263657627105851,0.08392937202498843
1789260177.049577,-0.3665752708911896,0.44399774074554443,-0.23390677571296692,-1.952717661857605,0.14323405921459198,2.379704236984253,-0.3632807433605194,0.5140576958656311,-0.34341129660606384,0.15153582394123077,0.0010168239412307878,0.09065408419654447
1789260177.083218,-0.36656635999679565,0.44964760541915894,-0.23349706828594208,-1.9435123205184937,0.14465783536434174,2.3764610290527344,-0.3634290397167206,0.5163290500640869,-0.34415748715400696,0.1515781432390213,0.0010591432390213151,0.059347025446578223
1789260177.1168325,-0.36719560623168945,0.4527820348739624,-0.23266075551509857,-1.9387069940567017,0.14526626467704773,2.37451434135437,-0.36307892203330994,0.5174254775047302,-0.3444964587688446,0.15142618119716644,0.0009071811971664567,0.0625572578997782
1789260177.1503847,-0.36981281638145447,0.4529610276222229,-0.22928212583065033,-1.938554286956787,0.1434618979692459,2.3744490146636963,-0.36069655418395996,0.5175907611846924,-0.3441542387008667,0.15117518603801727,0.0006561860380172868,0.09065408419654447
1789260177.1840503,-0.37251731753349304,0.4529843032360077,-0.22585800290107727,-1.9380701780319214,0.14152538776397705,2.3745522499084473,-0.35822775959968567,0.5179166793823242,-0.3439405858516693,0.15116947889328003,0.0006504788932800432,0.08622923312351063
1789260177.2177052,-0.3759320378303528,0.45277735590934753,-0.22141949832439423,-1.9382599592208862,0.1391461342573166,2.3746707439422607,-0.3554246723651886,0.5181023478507996,-0.34345754981040955,0.1509743332862854,0.00045533328628541425,0.10467832346762979
1789260177.2513022,-0.3839491307735443,0.4518895149230957,-0.21166865527629852,-1.9393846988677979,0.13262678682804108,2.376178503036499,-0.3479308784008026,0.5182802677154541,-0.34279653429985046,0.15064704418182373,0.00012804418182374433,0.1083523598284494
1789260177.2848494,-0.3929775059223175,0.45084571838378906,-0.20134897530078888,-1.9408721923828125,0.12587673962116241,2.37754487991333,-0.3401607573032379,0.5181685090065002,-0.34228432178497314,0.15025027096271515,-0.0002687290372848372,0.13122123336572936
1789260177.318472,-0.4016897678375244,0.4498562812805176,-0.19036898016929626,-1.94211745262146,0.11910990625619888,2.3790109157562256,-0.3323146402835846,0.518500804901123,-0.3413105010986328,0.14992505311965942,-0.0005939468803405623,0.13270400689029618
1789260177.3521466,-0.41283705830574036,0.44832557439804077,-0.17596936225891113,-1.943831443786621,0.11037450283765793,2.3806850910186768,-0.3223733901977539,0.5190240740776062,-0.33984723687171936,0.1496352106332779,-0.0008837893667220931,0.13562092827251515
1789260177.3857818,-0.4249214828014374,0.44660457968711853,-0.1612221747636795,-1.9458837509155273,0.10114747285842896,2.3823606967926025,-0.31163525581359863,0.5192468762397766,-0.33865782618522644,0.14936517179012299,-0.0011538282098770003,0.14401765375946743
1789260177.4193797,-0.436516672372818,0.44500142335891724,-0.1469082236289978,-1.9477083683013916,0.09200166910886765,2.3840551376342773,-0.3013509511947632,0.5195850729942322,-0.3374851644039154,0.14919206500053406,-0.0013269349994659285,0.13562092827251515
1789260177.4529715,-0.4489955008029938,0.44320231676101685,-0.1319981962442398,-1.949790358543396,0.082496777176857,2.3857223987579346,-0.29035109281539917,0.5197619199752808,-0.3364308178424835,0.14906619489192963,-0.0014528051080703597,0.12511453444308365
1789260177.4867048,-0.46051159501075745,0.44139981269836426,-0.11774056404829025,-1.951819658279419,0.07345384359359741,2.3868350982666016,-0.2800109088420868,0.5200112462043762,-0.3351438641548157,0.14899349212646484,-0.0015255078735351424,0.13562092827251515
1789260177.520299,-0.47253185510635376,0.4394361078739166,-0.10305260121822357,-1.953955888748169,0.06429830938577652,2.387998580932617,-0.2693706750869751,0.5202459096908569,-0.333893358707428,0.14902283251285553,-0.0014961674871444564,0.1341703946898555
1789260177.55386,-0.4845641851425171,0.4374461770057678,-0.08827883005142212,-1.9561022520065308,0.05485279858112335,2.3891537189483643,-0.2586402893066406,0.5205110311508179,-0.3326245844364166,0.14911770820617676,-0.0014012917938232283,0.12354070345060089
1789260177.5874968,-0.4963599741458893,0.43570855259895325,-0.0737796500325203,-1.9582916498184204,0.045831166207790375,2.390228033065796,-0.24812015891075134,0.5207289457321167,-0.3313162922859192,0.14909374713897705,-0.0014252528610229354,0.12666881248565126
1789260177.6211073,-0.5082488059997559,0.43408313393592834,-0.05896459147334099,-1.9605122804641724,0.036594610661268234,2.391282796859741,-0.23745033144950867,0.5209984183311462,-0.32988426089286804,0.1490350365638733,-0.0014839634361266951,0.13270400689029618
1789260177.6548145,-0.5200731754302979,0.4324529469013214,-0.04420137032866478,-1.962887167930603,0.027609722688794136,2.3922829627990723,-0.22697442770004272,0.5212343335151672,-0.3283928632736206,0.14896723628044128,-0.001551763719558702,0.14401765375946743
1789260177.6883914,-0.5319499373435974,0.43077775835990906,-0.029726041480898857,-1.9651974439620972,0.01856674998998642,2.3932809829711914,-0.21638579666614532,0.5214023590087891,-0.32711008191108704,0.14900976419448853,-0.0015092358055114607,0.1412742076966625
1789260177.722021,-0.543717622756958,0.4291718602180481,-0.014957782812416553,-1.9676586389541626,0.009438805282115936,2.3941664695739746,-0.20579423010349274,0.5216310620307922,-0.32556816935539246,0.14898867905139923,-0.0015303209486007552,0.1480375253231069
1789260177.7556424,-0.5554466247558594,0.42769381403923035,-0.0010888994438573718,-1.9699976444244385,0.0007695213425904512,2.3950884342193604,-0.19557321071624756,0.5216382145881653,-0.3244847357273102,0.1489955186843872,-0.001523481315612779,0.14935344105781187
1789260177.7892895,-0.567386269569397,0.426129549741745,0.013732528313994408,-1.9724303483963013,-0.008417521603405476,2.39599609375,-0.18498893082141876,0.5218680500984192,-0.3230207562446594,0.14906540513038635,-0.0014535948696136336,0.14401765375946743
1789260177.8228447,-0.5797457695007324,0.4247075617313385,0.028485866263508797,-1.97506844997406,-0.01733047515153885,2.3968687057495117,-0.17419354617595673,0.5218633413314819,-0.321732759475708,0.1490132361650467,-0.0015057638349532942,0.15195108845669586
1789260177.8563962,-0.5910667777061462,0.4234468936920166,0.04274211451411247,-1.9775478839874268,-0.02596510387957096,2.397753953933716,-0.16407345235347748,0.5220897197723389,-0.3201777935028076,0.14897479116916656,-0.0015442088308334212,0.15576635622796445
1789260177.8900218,-0.602908194065094,0.4221158027648926,0.0574154406785965,-1.9802026748657227,-0.03478367254137993,2.3985090255737305,-0.15359333157539368,0.5222191214561462,-0.3186377286911011,0.14895018935203552,-0.0015688106479644637,0.16432452156180907
1789260177.923673,-0.6146187782287598,0.4208793044090271,0.0719556212425232,-1.9828405380249023,-0.04364761337637901,2.3993008136749268,-0.14321516454219818,0.5223578214645386,-0.3171060383319855,0.1489260494709015,-0.0015929505290984969,0.17132016174909548
1789260177.9572866,-0.6264857649803162,0.4198174774646759,0.08659345656633377,-1.9855283498764038,-0.05226442590355873,2.40006422996521,-0.1327088326215744,0.5224542617797852,-0.3155571222305298,0.14882388710975647,-0.0016951128902435164,0.18451747215888148
1789260177.990901,-0.6383150815963745,0.418683797121048,0.10128681361675262,-1.9882278442382812,-0.06109439954161644,2.400810718536377,-0.12219492346048355,0.5225912928581238,-0.3139800727367401,0.14881008863449097,-0.0017089113655090193,0.1866263135942662
1789260178.0245154,-0.6495908498764038,0.4175773561000824,0.11560153216123581,-1.990929365158081,-0.069642074406147,2.4014697074890137,-0.11207428574562073,0.5227799415588379,-0.3122900724411011,0.14881029725074768,-0.0017087027492523055,0.19179700087998583
1789260178.0580688,-0.6618407964706421,0.4165210425853729,0.13042902946472168,-1.993757724761963,-0.07848711311817169,2.4022114276885986,-0.10141988098621368,0.5227986574172974,-0.3108298182487488,0.14879818260669708,-0.0017208173933029036,0.19483355668961086
1789260178.0916743,-0.673085629940033,0.41559892892837524,0.14478953182697296,-1.996498703956604,-0.086924247443676,2.402808427810669,-0.09128385782241821,0.5229894518852234,-0.30906346440315247,0.14876161515712738,-0.0017573848428726058,0.2027087792782551
1789260178.1253076,-0.6850467324256897,0.414693146944046,0.1591806411743164,-1.999319314956665,-0.09543085843324661,2.4034783840179443,-0.08083375543355942,0.5229620337486267,-0.3076496422290802,0.14873692393302917,-0.0017820760669708113,0.20653381460469245
1789260178.1588788,-0.6968161463737488,0.4138343930244446,0.17395517230033875,-2.0023715496063232,-0.10419759154319763,2.404038906097412,-0.07043052464723587,0.5230125784873962,-0.3058784306049347,0.14864277839660645,-0.0018762216033935408,0.22381178101882981
1789260178.1924841,-0.7085975408554077,0.41310372948646545,0.18826207518577576,-2.005286455154419,-0.11255744844675064,2.404608726501465,-0.06005243584513664,0.5229671597480774,-0.3043603003025055,0.1485566794872284,-0.0019623205127715926,0.23656255899196596
1789260178.226075,-0.7203021049499512,0.41225889325141907,0.20305649936199188,-2.008280038833618,-0.12123920023441315,2.405193567276001,-0.049593597650527954,0.5230968594551086,-0.3025628924369812,0.1485763043165207,-0.0019426956834792952,0.23656255899196596
1789260178.2596767,-0.7316715121269226,0.4115546941757202,0.21728433668613434,-2.0111613273620605,-0.1293887495994568,2.405724287033081,-0.03945939242839813,0.5231836438179016,-0.3008677363395691,0.14857253432273865,-0.0019464656772613387,0.23903110827999308
1789260178.2932358,-0.7437199354171753,0.4108862280845642,0.23232102394104004,-2.0142629146575928,-0.1380549818277359,2.406254291534424,-0.028855128213763237,0.5232394337654114,-0.29907548427581787,0.14854663610458374,-0.001972363895416246,0.24389326303316328
1789260178.3268306,-0.7553905248641968,0.41033926606178284,0.24707219004631042,-2.017421007156372,-0.14662235975265503,2.406777858734131,-0.018361277878284454,0.5232930183410645,-0.29720571637153625,0.1484595388174057,-0.0020594611825942855,0.25564439666474065
1789260178.360479,-0.7668041586875916,0.4097171723842621,0.26119714975357056,-2.02036190032959,-0.15478114783763885,2.4072790145874023,-0.008332883007824421,0.5233295559883118,-0.29557541012763977,0.14851132035255432,-0.002007679647445665,0.24944602483378192
1789260178.3941402,-0.7784759402275085,0.4092910587787628,0.2761102020740509,-2.023613691329956,-0.1633274257183075,2.4077577590942383,0.0021926097106188536,0.5233998894691467,-0.29358455538749695,0.14841558039188385,-0.002103419608116136,0.26169599974856805
1789260178.4277492,-0.7902941107749939,0.40895965695381165,0.2903319299221039,-2.0266828536987305,-0.17147931456565857,2.408198118209839,0.01241801306605339,0.5232753753662109,-0.2920476496219635,0.14833776652812958,-0.0021812334718704085,0.26979540926805484
1789260178.461347,-0.8019382953643799,0.4085712730884552,0.30524563789367676,-2.030027151107788,-0.1799841970205307,2.4085850715637207,0.022967200726270676,0.5233218669891357,-0.2900124490261078,0.1482703983783722,-0.0022486016216277938,0.28254863011927855
1789260178.4949017,-0.8138389587402344,0.40816089510917664,0.3196291923522949,-2.0332655906677246,-0.18826046586036682,2.4089696407318115,0.03334970399737358,0.5231834053993225,-0.28841301798820496,0.14826713502407074,-0.0022518649759292464,0.2859902821318441
1789260178.5284941,-0.825332760810852,0.40763381123542786,0.3343958556652069,-2.036466360092163,-0.19643758237361908,2.4089763164520264,0.043636005371809006,0.5232512354850769,-0.28639325499534607,0.14838483929634094,-0.0021341607036590438,0.2940859630902249
1789260178.5620382,-0.8370094895362854,0.4070858657360077,0.3490844964981079,-2.0396318435668945,-0.20458929240703583,2.408984422683716,0.053997110575437546,0.5232670903205872,-0.2845289409160614,0.14856714010238647,-0.0019518598976135115,0.29208307983949505
1789260178.5956202,-0.8482866883277893,0.4064989387989044,0.3632949888706207,-2.0427050590515137,-0.21233876049518585,2.408991575241089,0.06406095623970032,0.5233026146888733,-0.28271809220314026,0.14881257712841034,-0.0017064228715896468,0.28393029707233297
1789260178.6291866,-0.857998251914978,0.4059270918369293,0.37625253200531006,-2.0455172061920166,-0.21906383335590363,2.4090075492858887,0.07272786647081375,0.5235133171081543,-0.2807536721229553,0.1490885317325592,-0.001430468267440782,0.2719624795332373
1789260178.6627228,-0.867219090461731,0.40537118911743164,0.38848575949668884,-2.0479280948638916,-0.2254384309053421,2.4090218544006348,0.08116811513900757,0.5237901210784912,-0.27900204062461853,0.14948423206806183,-0.0010347679319381575,0.23984831222536715
1789260178.696316,-0.8757719993591309,0.4046737849712372,0.3999709486961365,-2.050258159637451,-0.23150062561035156,2.4089832305908203,0.08905283361673355,0.5240658521652222,-0.2773172855377197,0.14994703233242035,-0.000571967667579637,0.2036717727852554
1789260178.7298937,-0.8816134333610535,0.4041151702404022,0.4083256125450134,-2.051929235458374,-0.23578566312789917,2.408881902694702,0.0945705994963646,0.5243754386901855,-0.27589595317840576,0.1503298133611679,-0.00018918663883207842,0.17804114001225932
1789260178.7634625,-0.8853002190589905,0.4038701355457306,0.41269949078559875,-2.0527520179748535,-0.2381051927804947,2.408832311630249,0.09760294109582901,0.5243763327598572,-0.27549582719802856,0.15053005516529083,1.105516529084638e-05,0.1631294174610896
1789260178.797041,-0.8891430497169495,0.4037359058856964,0.41689765453338623,-2.0537216663360596,-0.24044091999530792,2.408841371536255,0.10063353180885315,0.5242264866828918,-0.27522072196006775,0.15060438215732574,8.538215732575849e-05,0.15825877775862904
1789260178.8306801,-0.8910259008407593,0.40328481793403625,0.41971221566200256,-2.05469012260437,-0.24221733212471008,2.408816337585449,0.10349854826927185,0.5242326259613037,-0.2746511399745941,0.15072382986545563,0.0002048298654556413,0.15576635622796445
1789260178.8643239,-0.886538028717041,0.4001782536506653,0.41814619302749634,-2.059051513671875,-0.24040630459785461,2.4107024669647217,0.10740506649017334,0.524179995059967,-0.27238237857818604,0.15070922672748566,0.0001902267274856706,0.16071255014426922
1789260178.897966,-0.8801677227020264,0.39623138308525085,0.41624927520751953,-2.0640711784362793,-0.2379588484764099,2.4126474857330322,0.11146308481693268,0.5244064331054688,-0.269209086894989,0.15086591243743896,0.0003469124374389787,0.16192549306284887
1789260178.9315727,-0.8741961121559143,0.39262551069259644,0.4143327474594116,-2.068726062774658,-0.23559533059597015,2.414799213409424,0.11529570072889328,0.524631917476654,-0.2663317918777466,0.15099865198135376,0.0004796519813537736,0.14935344105781187
1789260178.9651687,-0.8635265231132507,0.38612818717956543,0.41074633598327637,-2.0781068801879883,-0.23093034327030182,2.418987274169922,0.12321493029594421,0.5246319770812988,-0.2610166072845459,0.1508641093969345,0.00034510939693452314,0.15701751249847418
1789260178.9988585,-0.8494153022766113,0.37736600637435913,0.4065319299697876,-2.08984112739563,-0.22528807818889618,2.423717737197876,0.1328710913658142,0.5247827172279358,-0.253936231136322,0.15102048218250275,0.0005014821825027604,0.1655109964311004
1789260179.0332382,-0.8348734974861145,0.3682236969470978,0.4026409089565277,-2.1018240451812744,-0.21948140859603882,2.4287538528442383,0.1427808403968811,0.5250343084335327,-0.24650362133979797,0.15133726596832275,0.0008182659683227678,0.14670980696444608
1789260179.0667942,-0.8214561343193054,0.3598358929157257,0.3978734314441681,-2.1134207248687744,-0.21359595656394958,2.4337375164031982,0.1525328904390335,0.5247027277946472,-0.2401665598154068,0.15132899582386017,0.0008099958238601823,0.1480375253231069
1789260179.1003966,-0.8082446455955505,0.3515418469905853,0.39370742440223694,-2.1248135566711426,-0.2082817256450653,2.438491106033325,0.16183198988437653,0.5244007110595703,-0.23372896015644073,0.15138158202171326,0.0008625820217132707,0.1532333996180995
1789260179.1340876,-0.7946673631668091,0.34295329451560974,0.3892624080181122,-2.1363883018493652,-0.20245401561260223,2.443326711654663,0.17157010734081268,0.5240079164505005,-0.22726592421531677,0.15150853991508484,0.0009895399150848527,0.1480375253231069
1789260179.1677287,-0.7814631462097168,0.3348568081855774,0.38535651564598083,-2.1473937034606934,-0.1968529224395752,2.4482829570770264,0.18097513914108276,0.5237576365470886,-0.22085034847259521,0.15164901316165924,0.0011300131616592546,0.11703392759136522
1789260179.2013686,-0.7736425399780273,0.33008113503456116,0.38376882672309875,-2.153716564178467,-0.1941070407629013,2.4506795406341553,0.18561901152133942,0.5237011313438416,-0.21673229336738586,0.15180091559886932,0.0012819155988693376,0.11869406681127799
1789260179.2350314,-0.7686742544174194,0.3269604444503784,0.38164132833480835,-2.1580584049224854,-0.19178181886672974,2.452744245529175,0.18968619406223297,0.5233742594718933,-0.21465592086315155,0.1517876833677292,0.0012686833677292009,0.11190583714844751
1789260179.2686849,-0.7636414766311646,0.3237038254737854,0.37958648800849915,-2.1627256870269775,-0.1895821988582611,2.4546682834625244,0.19374139606952667,0.5229241847991943,-0.21245980262756348,0.15171308815479279,0.0011940881547927995,0.12033130429241841
1789260179.302281,-0.7588438391685486,0.32058951258659363,0.38046592473983765,-2.167137384414673,-0.18844053149223328,2.4565858840942383,0.1922687292098999,0.5231789946556091,-0.20892246067523956,0.15185609459877014,0.0013370945987701555,0.09691329395132914
1789260179.3359194,-0.7533299922943115,0.3167639970779419,0.3841070234775543,-2.173297643661499,-0.1883798986673355,2.458747386932373,0.18351629376411438,0.5236104130744934,-0.20331916213035583,0.15188953280448914,0.0013705328044891496,0.09891171693842998
1789260179.3695564,-0.7480827569961548,0.3131789267063141,0.38776305317878723,-2.17964768409729,-0.18833494186401367,2.460505723953247,0.17493778467178345,0.5237345695495605,-0.1977705955505371,0.15168336033821106,0.0011643603382110734,0.12666881248565126
1789260179.4032001,-0.7419900298118591,0.30921292304992676,0.3920834958553314,-2.1863749027252197,-0.1881425678730011,2.463193416595459,0.16535308957099915,0.5241912603378296,-0.19143778085708618,0.151646688580513,0.0011276885805130143,0.1083523598284494
1789260179.4368012,-0.736490786075592,0.3051309585571289,0.39568427205085754,-2.192491292953491,-0.18787448108196259,2.465203046798706,0.15711209177970886,0.5244330763816833,-0.18592345714569092,0.1517920047044754,0.0012730047044754167,0.1083523598284494
1789260179.4704034,-0.7318428158760071,0.3017531931400299,0.3985794186592102,-2.1973202228546143,-0.18787992000579834,2.467195749282837,0.149801567196846,0.5247477293014526,-0.18144011497497559,0.15201900899410248,0.0015000089941024919,0.08846932694105811
1789260179.503946,-0.727093517780304,0.29873329401016235,0.4015641510486603,-2.202537775039673,-0.1877260059118271,2.4691784381866455,0.14241665601730347,0.524844229221344,-0.17673259973526,0.1519126296043396,0.0013936296043396135,0.08622923312351063
1789260179.537548,-0.7246959209442139,0.296271413564682,0.40517985820770264,-2.2071943283081055,-0.18783459067344666,2.4707906246185303,0.14182744920253754,0.5246972441673279,-0.17297200858592987,0.15174247324466705,0.001223473244667067,0.09065408419654447
1789260179.5711918,-0.7228941321372986,0.2932227551937103,0.41177868843078613,-2.2124791145324707,-0.18880212306976318,2.4724531173706055,0.14570581912994385,0.524819016456604,-0.16792118549346924,0.15181893110275269,0.0012999311027526994,0.08392937202498843
1789260179.6047978,-0.7208498120307922,0.2902999222278595,0.41850242018699646,-2.217162609100342,-0.18968161940574646,2.4743077754974365,0.14951135218143463,0.525232195854187,-0.16278629004955292,0.15208324790000916,0.0015642479000091691,0.03956468264845247
1789260179.63835,-0.7183992862701416,0.2864837348461151,0.4275357723236084,-2.223876714706421,-0.19086651504039764,2.4763028621673584,0.15412519872188568,0.5253576636314392,-0.1559482216835022,0.15216994285583496,0.0016509428558349748,0.027976455118293345
1789260179.671925,-0.7145360708236694,0.2806888818740845,0.44054967164993286,-2.2347772121429443,-0.19276747107505798,2.4795730113983154,0.16148167848587036,0.5250102281570435,-0.14580167829990387,0.15199163556098938,0.0014726355609893937,0.07661668268387072
1789260179.7055929,-0.7105364203453064,0.2748529613018036,0.4540126621723175,-2.244924545288086,-0.1946307122707367,2.48294997215271,0.1685687154531479,0.5249013304710388,-0.13553577661514282,0.15213964879512787,0.0016206487951278825,0.06561060592844098
1789260179.7391927,-0.706442654132843,0.26853978633880615,0.46808212995529175,-2.255620002746582,-0.19670207798480988,2.4863908290863037,0.1760561615228653,0.5245169401168823,-0.12492947280406952,0.15233024954795837,0.0018112495479583879,0.05233915627441309
1789260179.7727475,-0.7033194303512573,0.2633630931377411,0.47994014620780945,-2.2648849487304688,-0.19819621741771698,2.4890434741973877,0.18199028074741364,0.5237927436828613,-0.11614144593477249,0.1522824466228485,0.0017634466228485246,0.06852804325551864
1789260179.8063288,-0.7008486390113831,0.2593005299568176,0.4887198507785797,-2.2718453407287598,-0.19940589368343353,2.4915738105773926,0.18678155541419983,0.5232758522033691,-0.1096150353550911,0.15235383808612823,0.0018348380861282487,0.048456642643301504
1789260179.8399115,-0.6983954310417175,0.2551079988479614,0.49775928258895874,-2.279407501220703,-0.20068062841892242,2.493910551071167,0.19168302416801453,0.5224077701568604,-0.10291821509599686,0.1522444635629654,0.001725463562965407,0.0625572578997782
1789260179.8734684,-0.6960948705673218,0.2518863379955292,0.504488468170166,-2.28541898727417,-0.20200523734092712,2.4956138134002686,0.19587358832359314,0.5215789675712585,-0.09769038110971451,0.1520528644323349,0.0015338644323349138,0.09065408419654447
1789260179.9070876,-0.695801854133606,0.25152021646499634,0.510084331035614,-2.2862861156463623,-0.20382866263389587,2.496005058288574,0.20249301195144653,0.5220265984535217,-0.09454333037137985,0.15229211747646332,0.0017731174764633317,0.05233915627441309
1789260179.940668,-0.6961780190467834,0.2516237795352936,0.5145626068115234,-2.287201166152954,-0.20554184913635254,2.4962103366851807,0.20885208249092102,0.5221371650695801,-0.09228029102087021,0.15220999717712402,0.0016909971771240373,0.059347025446578223
1789260179.974391,-0.6963075399398804,0.2514658272266388,0.5201156139373779,-2.2885446548461914,-0.207408145070076,2.496367931365967,0.21633882820606232,0.5222169756889343,-0.08928898721933365,0.1521555781364441,0.0016365781364441057,0.06852804325551864
1789260180.0079594,-0.6972360014915466,0.2524513900279999,0.5300167202949524,-2.2892444133758545,-0.21159908175468445,2.4964230060577393,0.23158881068229675,0.5228086113929749,-0.08444947004318237,0.15210969746112823,0.0015906974611282487,0.059347025446578223
1789260180.04152,-0.697970449924469,0.25342684984207153,0.5409008860588074,-2.290097236633301,-0.21598997712135315,2.496412992477417,0.2473064661026001,0.5233991742134094,-0.07896577566862106,0.15208958089351654,0.0015705808935165544,0.048456642643301504
1789260180.075164,-0.6989854574203491,0.25430503487586975,0.5519074201583862,-2.291011333465576,-0.22048935294151306,2.496260404586792,0.2637494206428528,0.5238867998123169,-0.07357050478458405,0.15210571885108948,0.0015867188510894914,0.05233915627441309
1789260180.1089063,-0.7000362277030945,0.25544750690460205,0.5626044869422913,-2.291607141494751,-0.22467967867851257,2.496136426925659,0.27980032563209534,0.5244091153144836,-0.06835170090198517,0.15212363004684448,0.0016046300468444963,0.0625572578997782
1789260180.1425312,-0.7008634805679321,0.2563460171222687,0.571559727191925,-2.2923457622528076,-0.22838836908340454,2.4959421157836914,0.29311516880989075,0.5246948003768921,-0.06394365429878235,0.1520814299583435,0.0015624299583435197,0.07132624918176021
1789260180.1762238,-0.7016800045967102,0.25724923610687256,0.580590546131134,-2.2929470539093018,-0.2320963442325592,2.495795965194702,0.3066798448562622,0.5250285863876343,-0.05950431153178215,0.15211255848407745,0.0015935584840774675,0.07661668268387072
1789260180.2098522,-0.7022733092308044,0.25814077258110046,0.5883141756057739,-2.2935898303985596,-0.2355705201625824,2.495635986328125,0.31820768117904663,0.5252123475074768,-0.05564102903008461,0.15204688906669617,0.0015278890666961809,0.07912937001338383
1789260180.2434926,-0.7058311104774475,0.25843557715415955,0.5922264456748962,-2.2941648960113525,-0.23722852766513824,2.4956021308898926,0.3274700343608856,0.5250347256660461,-0.05537869781255722,0.15199653804302216,0.0014775380430221696,0.08392937202498843
1789260180.2771218,-0.7113812565803528,0.2587180435657501,0.5950855612754822,-2.2944860458374023,-0.23873615264892578,2.495610237121582,0.33685606718063354,0.5247846841812134,-0.05675511062145233,0.15197226405143738,0.0014532640514373918,0.07912937001338383
1789260180.310726,-0.7165438532829285,0.25919580459594727,0.5983389616012573,-2.294879913330078,-0.24029375612735748,2.4956612586975098,0.3464621603488922,0.524537205696106,-0.05768410116434097,0.15187157690525055,0.0013525769052505632,0.08156468806857739
1789260180.3443308,-0.7244240641593933,0.2595791220664978,0.6038835048675537,-2.2957284450531006,-0.24258795380592346,2.4958412647247314,0.36193710565567017,0.5241628885269165,-0.058793265372514725,0.15183278918266296,0.0013137891826629777,0.08622923312351063
1789260180.377948,-0.7347873449325562,0.2600450813770294,0.6092220544815063,-2.2964463233947754,-0.2451305240392685,2.496081829071045,0.3799993097782135,0.5236815214157104,-0.06133187562227249,0.15180140733718872,0.0012824073371887346,0.07661668268387072
1789260180.4115326,-0.7444141507148743,0.2605994939804077,0.6145170331001282,-2.297226905822754,-0.24758435785770416,2.496293544769287,0.396928995847702,0.523185670375824,-0.06348179280757904,0.1517075002193451,0.0011885002193451066,0.07401874722002606
1789260180.445242,-0.7539145946502686,0.26106342673301697,0.6201803088188171,-2.2981107234954834,-0.25010940432548523,2.4965226650238037,0.4143266975879669,0.5226948261260986,-0.06536560505628586,0.1516495943069458,0.0011305943069458146,0.07912937001338383
1789260180.4788303,-0.7623634338378906,0.26146358251571655,0.6247276067733765,-2.2986977100372314,-0.25229451060295105,2.4967548847198486,0.4294569492340088,0.5223052501678467,-0.06732524186372757,0.15164528787136078,0.0011262878713607927,0.06561060592844098
1789260180.5123584,-0.7704681158065796,0.26194682717323303,0.6294475793838501,-2.2994046211242676,-0.2544771134853363,2.496953010559082,0.44432467222213745,0.5218778252601624,-0.06898427754640579,0.15157562494277954,0.0010566249427795549,0.07132624918176021
1789260180.5458884,-0.7787182927131653,0.26239439845085144,0.63420170545578,-2.3000855445861816,-0.2566939890384674,2.4971628189086914,0.45848485827445984,0.5214589834213257,-0.07070831209421158,0.15153850615024567,0.0010195061502456804,0.06852804325551864
1789260180.5794702,-0.7827680110931396,0.26246747374534607,0.6358972787857056,-2.3003761768341064,-0.2574278712272644,2.4972875118255615,0.4641913175582886,0.5212289690971375,-0.07190088927745819,0.1515490561723709,0.0010300561723709245,0.0625572578997782
1789260180.6130462,-0.7834505438804626,0.2624785304069519,0.6366661787033081,-2.300600290298462,-0.25758254528045654,2.497438430786133,0.4682391285896301,0.5211869478225708,-0.07181961089372635,0.15153710544109344,0.0010181054410934587,0.07661668268387072
1789260180.6466076,-0.7840388417243958,0.26243117451667786,0.6374383568763733,-2.3010385036468506,-0.2577835023403168,2.497514247894287,0.47203195095062256,0.5210461616516113,-0.07166949659585953,0.15146328508853912,0.0009442850885391374,0.07661668268387072
1789260180.68016,-0.7806352972984314,0.2619521915912628,0.6357714533805847,-2.301353693008423,-0.25738978385925293,2.497791290283203,0.4752442240715027,0.5210933685302734,-0.07078501582145691,0.1514340192079544,0.0009150192079544206,0.05233915627441309
1789260180.713717,-0.7710346579551697,0.26068150997161865,0.630560576915741,-2.3021087646484375,-0.2545054256916046,2.4982194900512695,0.47841212153434753,0.5211414098739624,-0.06847652792930603,0.1512998342514038,0.0007808342514038225,0.0625572578997782
1789260180.7473302,-0.7601211071014404,0.25912582874298096,0.6260418891906738,-2.3030436038970947,-0.2516746520996094,2.498716354370117,0.4816279709339142,0.5213037133216858,-0.06512904912233353,0.15128730237483978,0.0007683023748397966,0.059347025446578223
1789260180.780983,-0.7487404346466064,0.2576570510864258,0.6206315159797668,-2.303788661956787,-0.2486618310213089,2.4992363452911377,0.4849544167518616,0.5214744806289673,-0.062021803110837936,0.15124690532684326,0.0007279053268432756,0.0625572578997782
1789260180.8145845,-0.7346808910369873,0.2554541528224945,0.6134642958641052,-2.3048486709594727,-0.24456900358200073,2.49991774559021,0.49006417393684387,0.5216166973114014,-0.05845531448721886,0.15128730237483978,0.0007683023748397966,0.059347025446578223
1789260180.8481624,-0.719603955745697,0.2532927691936493,0.6062087416648865,-2.3061769008636475,-0.24017927050590515,2.5006189346313477,0.4953863322734833,0.5216619372367859,-0.054355915635824203,0.1512194722890854,0.000700472289085402,0.07912937001338383
1789260180.8817132,-0.705201268196106,0.2512202858924866,0.5994887948036194,-2.307267189025879,-0.23609164357185364,2.5013792514801025,0.5004039406776428,0.5218002796173096,-0.050355661660432816,0.15126219391822815,0.0007431939182281633,0.07661668268387072
1789260180.9153183,-0.6917451024055481,0.24928559362888336,0.5928475260734558,-2.308356285095215,-0.2323366403579712,2.5019607543945312,0.5048761963844299,0.5218197703361511,-0.04681461304426193,0.15124879777431488,0.0007297977743148942,0.08622923312351063
1789260180.9488997,-0.6819801926612854,0.2478661835193634,0.5885359048843384,-2.3092093467712402,-0.22956474125385284,2.502488136291504,0.5083615779876709,0.5218527317047119,-0.04396367818117142,0.15127578377723694,0.0007567837772369523,0.09065408419654447
1789260180.9825094,-0.6726894378662109,0.24628283083438873,0.5838785767555237,-2.310088634490967,-0.2267860472202301,2.502955198287964,0.5117113590240479,0.5218275785446167,-0.04156544432044029,0.15133950114250183,0.0008205011425018449,0.08846932694105811
1789260181.0161674,-0.6650829911231995,0.24526283144950867,0.5797494053840637,-2.3105149269104004,-0.2245001494884491,2.503464698791504,0.5146157145500183,0.5219041109085083,-0.03976893424987793,0.1513749361038208,0.0008559361038208146,0.08392937202498843
1789260181.0497549,-0.6590433716773987,0.24732933938503265,0.5754578113555908,-2.306643009185791,-0.22444094717502594,2.502254009246826,0.514721691608429,0.5231175422668457,-0.03909907117486,0.151513934135437,0.0009949341354370256,0.0625572578997782
1789260181.083358,-0.653495728969574,0.25048014521598816,0.5704700350761414,-2.3015825748443604,-0.22432564198970795,2.5007898807525635,0.514809250831604,0.5246073603630066,-0.03905995190143585,0.15154600143432617,0.0010270014343261857,0.06852804325551864
1789260181.1169293,-0.647468090057373,0.2533116042613983,0.5653415322303772,-2.296905994415283,-0.22430460155010223,2.499201536178589,0.5148934125900269,0.5259437561035156,-0.03885342925786972,0.15154525637626648,0.0010262563762664934,0.07401874722002606
1789260181.150579,-0.6365104913711548,0.25823843479156494,0.556456983089447,-2.288487434387207,-0.22428427636623383,2.4964499473571777,0.5150362253189087,0.5284125208854675,-0.03825566545128822,0.1516357958316803,0.0011167958316803117,0.07401874722002606
1789260181.1843166,-0.6220224499702454,0.26479271054267883,0.5456456542015076,-2.277486562728882,-0.22423315048217773,2.4930574893951416,0.5152009725570679,0.5317002534866333,-0.03692884370684624,0.1517445296049118,0.001225529604911818,0.08846932694105811
1789260181.217909,-0.6081917881965637,0.2713315188884735,0.5339323878288269,-2.266885280609131,-0.22418366372585297,2.4893579483032227,0.5153814554214478,0.5346357822418213,-0.036419522017240524,0.15157866477966309,0.0010596647796630998,0.08622923312351063
1789260181.2515538,-0.5944614410400391,0.27765172719955444,0.5229621529579163,-2.255744695663452,-0.2240389883518219,2.4861207008361816,0.5155348181724548,0.5379709601402283,-0.035613466054201126,0.15177778899669647,0.001258788996696486,0.09065408419654447
1789260181.2851305,-0.5799852013587952,0.2846281826496124,0.5110673308372498,-2.2443490028381348,-0.2235608696937561,2.482102155685425,0.5157214403152466,0.5411059260368347,-0.0348757766187191,0.1515944004058838,0.001075400405883803,0.08622923312351063
1789260181.3187506,-0.5650977492332458,0.2915717363357544,0.49933502078056335,-2.2324321269989014,-0.2230568379163742,2.4782960414886475,0.5158888101577759,0.5445300340652466,-0.03386951610445976,0.15161748230457306,0.001098482304573073,0.08622923312351063
1789260181.3523822,-0.5506225228309631,0.29820963740348816,0.48765328526496887,-2.221106767654419,-0.22259259223937988,2.4743337631225586,0.5160714983940125,0.5476616621017456,-0.033037010580301285,0.15151633322238922,0.000997333222389235,0.059347025446578223
1789260181.3860536,-0.5359564423561096,0.30524271726608276,0.4760807156562805,-2.2084970474243164,-0.2210547924041748,2.470118761062622,0.5162366628646851,0.5512509942054749,-0.032051704823970795,0.15166819095611572,0.0011491909561157365,0.08392937202498843
1789260181.4196727,-0.5211145877838135,0.3122634291648865,0.4648955166339874,-2.1964874267578125,-0.21951258182525635,2.465688705444336,0.5164071321487427,0.5545246601104736,-0.03068947233259678,0.15157344937324524,0.0010544493732452531,0.08622923312351063
1789260181.453255,-0.506567656993866,0.3193345367908478,0.4534072279930115,-2.184091091156006,-0.21790069341659546,2.4614789485931396,0.5165703892707825,0.5579608678817749,-0.02967618592083454,0.15156657993793488,0.0010475799379348893,0.09065408419654447
1789260181.4868524,-0.4916658103466034,0.32616615295410156,0.4422980844974518,-2.1718742847442627,-0.21625526249408722,2.4571046829223633,0.5167368054389954,0.5613250732421875,-0.02823946811258793,0.15159615874290466,0.001077158742904677,0.08622923312351063
1789260181.5204346,-0.4777006208896637,0.3329957127571106,0.43123361468315125,-2.159635305404663,-0.2143601030111313,2.4529531002044678,0.5169080495834351,0.5646964311599731,-0.027270538732409477,0.1516319215297699,0.0011129215297699113,0.08392937202498843
1789260181.5540342,-0.4627476930618286,0.3401220440864563,0.4200402498245239,-2.147260904312134,-0.21249458193778992,2.4484002590179443,0.5170897245407104,0.5679932236671448,-0.02580247074365616,0.15149594843387604,0.0009769484338760515,0.07401874722002606
1789260181.5875943,-0.44832897186279297,0.3471907079219818,0.4088190495967865,-2.134977102279663,-0.21053828299045563,2.4441676139831543,0.5172662734985352,0.5712851285934448,-0.024623258039355278,0.15135447680950165,0.0008354768095016618,0.0625572578997782
1789260181.6211994,-0.43357405066490173,0.35409674048423767,0.39796626567840576,-2.1220335960388184,-0.20770052075386047,2.439648151397705,0.517458975315094,0.5748366713523865,-0.02302725985646248,0.15153621137142181,0.0010172113714218278,0.07132624918176021
1789260181.6548133,-0.41877755522727966,0.3611951172351837,0.3872927725315094,-2.1092278957366943,-0.20489005744457245,2.4351491928100586,0.5176542401313782,0.5782816410064697,-0.021251272410154343,0.1515563428401947,0.001037342840194716,0.08156468806857739
1789260181.6884086,-0.4042928218841553,0.3682363033294678,0.37639832496643066,-2.096482753753662,-0.2020561695098877,2.4305777549743652,0.5178637504577637,0.5816505551338196,-0.019763166084885597,0.15153972804546356,0.0010207280454635759,0.07912937001338383
1789260181.722028,-0.38944393396377563,0.3754868507385254,0.36577028036117554,-2.083726406097412,-0.19910313189029694,2.4260292053222656,0.5180750489234924,0.5849863290786743,-0.017854418605566025,0.15141642093658447,0.0008974209365844865,0.08846932694105811
1789260181.755776,-0.3754109740257263,0.3821399211883545,0.3553392291069031,-2.0711097717285156,-0.19617359340190887,2.4216930866241455,0.5182837247848511,0.5883727669715881,-0.016304507851600647,0.15158233046531677,0.0010633304653167863,0.07132624918176021
1789260181.7894075,-0.3603963255882263,0.38939979672431946,0.3447318971157074,-2.0583279132843018,-0.19305762648582458,2.4170680046081543,0.5184997320175171,0.5916514992713928,-0.014219725504517555,0.15142443776130676,0.0009054377613067766,0.07132624918176021
1789260181.82302,-0.3454800248146057,0.3965865671634674,0.33373963832855225,-2.04506254196167,-0.18975721299648285,2.41237211227417,0.518732488155365,0.5950978398323059,-0.012423046864569187,0.15144987404346466,0.0009308740434646745,0.05595291190411357
1789260181.8566544,-0.33117958903312683,0.403527170419693,0.32385340332984924,-2.0325748920440674,-0.18603651225566864,2.4078052043914795,0.5189775228500366,0.598270058631897,-0.010208655148744583,0.15138378739356995,0.0008647873935699601,0.07401874722002606
1789260181.890296,-0.3165532350540161,0.41047799587249756,0.31366661190986633,-2.0192949771881104,-0.18216419219970703,2.4032905101776123,0.5192256569862366,0.6017652750015259,-0.007985839620232582,0.151601180434227,0.0010821804342270036,0.06852804325551864
1789260181.9238625,-0.30172955989837646,0.4177696406841278,0.3033740818500519,-2.0064685344696045,-0.1782189905643463,2.3985750675201416,0.5194844007492065,0.6049289703369141,-0.005622693337500095,0.15140549838542938,0.0008864983854293962,0.08156468806857739
1789260181.9574594,-0.28723201155662537,0.42481476068496704,0.2932487726211548,-1.9934591054916382,-0.17423972487449646,2.3939707279205322,0.5197287797927856,0.6082128286361694,-0.0033328684512525797,0.15143856406211853,0.0009195640621185441,0.07912937001338383
1789260181.9911118,-0.27245813608169556,0.43185171484947205,0.2830234467983246,-1.9805318117141724,-0.17020900547504425,2.3892197608947754,0.5199968814849854,0.6114009022712708,-0.0008917369414120913,0.1514168679714203,0.000897867971420302,0.07661668268387072
1789260182.0247586,-0.25815460085868835,0.4386821985244751,0.2732626795768738,-1.9676103591918945,-0.16638684272766113,2.3847744464874268,0.5202420353889465,0.6146688461303711,0.0015771817415952682,0.15156853199005127,0.0010495319900512834,0.05233915627441309
1789260182.058327,-0.24322918057441711,0.44609662890434265,0.26291343569755554,-1.9546048641204834,-0.16198456287384033,2.3798389434814453,0.5205110311508179,0.6177219152450562,0.004158140160143375,0.1513204127550125,0.0008014127550125261,0.06561060592844098
1789260182.0919392,-0.22833989560604095,0.45319104194641113,0.25333458185195923,-1.9414737224578857,-0.15732347965240479,2.3750436305999756,0.5207991600036621,0.6208921074867249,0.007256470154970884,0.151373952627182,0.0008549526271820207,0.07401874722002606
1789260182.125541,-0.21426771581172943,0.4598691761493683,0.24384348094463348,-1.9290180206298828,-0.15274666249752045,2.370285749435425,0.5210697054862976,0.6238276958465576,0.009958935901522636,0.15140992403030396,0.0008909240303039689,0.08392937202498843
1789260182.1591434,-0.1992955356836319,0.46700310707092285,0.23421524465084076,-1.9156495332717896,-0.14804193377494812,2.3655688762664795,0.5213566422462463,0.6270399689674377,0.013176575303077698,0.15153853595256805,0.001019535952568068,0.07401874722002606
1789260182.1927497,-0.18439744412899017,0.4743989408016205,0.22415027022361755,-1.9026641845703125,-0.14326508343219757,2.3605310916900635,0.5216649174690247,0.6299378275871277,0.01614336110651493,0.15129411220550537,0.000775112205505385,0.09065408419654447
1789260182.2263749,-0.17026500403881073,0.48125484585762024,0.21466733515262604,-1.8898987770080566,-0.1385815143585205,2.3559207916259766,0.5219340920448303,0.6329094767570496,0.01904415711760521,0.1513657420873642,0.0008467420873642106,0.07401874722002606
1789260182.2599561,-0.15538914501667023,0.48815128207206726,0.20519974827766418,-1.8770403861999512,-0.13383795320987701,2.3510310649871826,0.5222217440605164,0.6358062028884888,0.022475125268101692,0.15143103897571564,0.0009120389757156511,0.06561060592844098
1789260182.2935972,-0.14088617265224457,0.4952642321586609,0.19569240510463715,-1.8639060258865356,-0.12879891693592072,2.3462421894073486,0.5225074291229248,0.6387717127799988,0.025726065039634705,0.15148699283599854,0.000967992835998549,0.05595291190411357
1789260182.3272727,-0.12607692182064056,0.5025190114974976,0.18649554252624512,-1.8513436317443848,-0.12354983389377594,2.3412744998931885,0.5227887630462646,0.6413816213607788,0.029461678117513657,0.15122051537036896,0.0007015153703689714,0.09278741380920028
1789260182.3608723,-0.11138898879289627,0.5095213651657104,0.1770942360162735,-1.8381353616714478,-0.11819511651992798,2.336456537246704,0.5230744481086731,0.6443067789077759,0.03303911164402962,0.1513911932706833,0.0008721932706833024,0.07661668268387072
1789260182.3945012,-0.09699596464633942,0.5162935256958008,0.16830164194107056,-1.8257304430007935,-0.11298679560422897,2.3316433429718018,0.5233556032180786,0.646897554397583,0.03687894344329834,0.15141062438488007,0.0008916243848800798,0.08622923312351063
1789260182.428162,-0.08207377791404724,0.5236231684684753,0.15870940685272217,-1.8123278617858887,-0.10760968178510666,2.32670259475708,0.5236365795135498,0.649734616279602,0.04060865938663483,0.15144988894462585,0.0009308889446258684,0.07132624918176021
1789260182.4618018,-0.06729274988174438,0.5308529734611511,0.14952190220355988,-1.7997883558273315,-0.10230832546949387,2.321756362915039,0.5239232182502747,0.6521832942962646,0.04457319900393486,0.15121664106845856,0.000697641068458571,0.09065408419654447
1789260182.4953885,-0.05320810154080391,0.5375816226005554,0.14050422608852386,-1.7870112657546997,-0.09711058437824249,2.3171815872192383,0.5242124795913696,0.6548853516578674,0.04824823886156082,0.15145841240882874,0.0009394124088287492,0.048456642643301504
1789260182.5289757,-0.038422826677560806,0.5446662306785583,0.13148647546768188,-1.7742928266525269,-0.09138239175081253,2.3120617866516113,0.5245004892349243,0.65730220079422,0.05248328298330307,0.15140698850154877,0.000887988501548781,0.06852804325551864
1789260182.5625653,-0.023793164640665054,0.5517902374267578,0.1228484958410263,-1.7615686655044556,-0.08573927730321884,2.3071868419647217,0.5247752666473389,0.6597118377685547,0.05692930892109871,0.1513790786266327,0.0008600786266327043,0.07401874722002606
1789260182.596265,-0.009089495055377483,0.5589532852172852,0.11389438807964325,-1.7491579055786133,-0.07995875924825668,2.3020682334899902,0.5250596404075623,0.6618964672088623,0.06128508225083351,0.15116889774799347,0.0006498977479934831,0.10087055545943382
1789260182.6298919,0.005780613515526056,0.5658712983131409,0.1053035780787468,-1.7360810041427612,-0.07412581890821457,2.2972772121429443,0.5253406763076782,0.6643851399421692,0.06607867777347565,0.15145930647850037,0.0009403064785003801,0.07132624918176021
1789260182.6635149,0.020233621820807457,0.5728833675384521,0.09633486717939377,-1.7236433029174805,-0.06848528981208801,2.292086601257324,0.5256199240684509,0.6665156483650208,0.07037485390901566,0.15137960016727448,0.000860600167274489,0.08156468806857739
1789260182.697061,0.03501695767045021,0.5801554322242737,0.08755388110876083,-1.710818886756897,-0.06274092197418213,2.2872190475463867,0.525884747505188,0.668736457824707,0.07510799914598465,0.1513402909040451,0.0008212909040451188,0.06852804325551864
1789260182.7306612,0.04912356287240982,0.5869674682617188,0.078950896859169,-1.6988717317581177,-0.05711798369884491,2.282318353652954,0.5261642932891846,0.6706731915473938,0.07954125851392746,0.1512480080127716,0.0007290080127716203,0.07912937001338383
1789260182.7642944,0.06395746022462845,0.5940075516700745,0.07037737220525742,-1.6858463287353516,-0.05112980678677559,2.277400255203247,0.5264208316802979,0.6728765964508057,0.08461335301399231,0.15148183703422546,0.0009628370342254777,0.044234660174789026
1789260182.797898,0.07898402959108353,0.6012888550758362,0.061550356447696686,-1.6733248233795166,-0.04515521600842476,2.271998405456543,0.5266876220703125,0.6746805906295776,0.08968427032232285,0.15130193531513214,0.000782935315132155,0.07401874722002606
1789260182.8315284,0.09322161972522736,0.6083565950393677,0.05328584834933281,-1.6611934900283813,-0.039408158510923386,2.2671453952789307,0.5269190669059753,0.6764554381370544,0.09464459121227264,0.15117241442203522,0.0006534144220352311,0.07661668268387072
1789260182.8651404,0.10748341679573059,0.6150023341178894,0.045076001435518265,-1.649239420890808,-0.0338088683784008,2.2623159885406494,0.5271578431129456,0.6781818866729736,0.0997082069516182,0.1512719690799713,0.0007529690799713273,0.0625572578997782
1789260182.8986833,0.11932799965143204,0.6207795739173889,0.038449518382549286,-1.6389808654785156,-0.029197415336966515,2.258342742919922,0.5273686647415161,0.6796438694000244,0.10409803688526154,0.15134026110172272,0.0008212611017227311,0.05233915627441309
1789260182.9322758,0.13114169239997864,0.6264865398406982,0.03151687607169151,-1.6286234855651855,-0.024554207921028137,2.2542953491210938,0.5275724530220032,0.6811322569847107,0.10832039266824722,0.15150077641010284,0.000981776410102858,0.044234660174789026
1789260182.9658587,0.14203332364559174,0.631754994392395,0.0250072181224823,-1.6197811365127563,-0.019864864647388458,2.2502830028533936,0.5277537107467651,0.6821421384811401,0.1121721863746643,0.15131977200508118,0.0008007720050811906,0.07401874722002606
1789260182.999452,0.14664117991924286,0.6340906023979187,0.022612379863858223,-1.6161531209945679,-0.018424440175294876,2.2486348152160645,0.5282168388366699,0.6824792623519897,0.11398298293352127,0.15113015472888947,0.0006111547288894792,0.09891171693842998
1789260183.033038,0.15038274228572845,0.6360918283462524,0.02062569186091423,-1.6121102571487427,-0.01742865890264511,2.247185468673706,0.5287652015686035,0.6831337809562683,0.11546894907951355,0.15137553215026855,0.0008565321502685685,0.08846932694105811
1789260183.0667481,0.15410423278808594,0.638055682182312,0.01909678801894188,-1.6083582639694214,-0.016490938141942024,2.2456929683685303,0.5292816162109375,0.6836221218109131,0.11722325533628464,0.1515195667743683,0.0010005667743683,0.09065408419654447
1789260183.1003528,0.1585039347410202,0.6407355070114136,0.021478798240423203,-1.6036690473556519,-0.017649943009018898,2.24328351020813,0.531826376914978,0.6836585998535156,0.12178558111190796,0.15152469277381897,0.0010056927738189836,0.07401874722002606
1789260183.1339574,0.16516989469528198,0.645757794380188,0.02569371834397316,-1.5956193208694458,-0.02126881293952465,2.2397868633270264,0.5363048911094666,0.6838376522064209,0.12893080711364746,0.15130050480365753,0.0007815048036575456,0.10279207254188717
1789260183.167555,0.1717982143163681,0.6506220698356628,0.03041754476726055,-1.5880143642425537,-0.02486359514296055,2.236135721206665,0.540765643119812,0.6837064623832703,0.13635225594043732,0.15098558366298676,0.00046658366298676923,0.13988230894202303
1789260183.2011178,0.1796574592590332,0.6564229130744934,0.0360444113612175,-1.5776817798614502,-0.02901933714747429,2.2321038246154785,0.5458731651306152,0.683987021446228,0.1452765017747879,0.15120136737823486,0.0006823673782348771,0.09691329395132914
1789260183.2347145,0.19083808362483978,0.6648454070091248,0.042442437261343,-1.5634859800338745,-0.0350324809551239,2.2260282039642334,0.553500771522522,0.684124767780304,0.1568547636270523,0.15112729370594025,0.0006082937059402604,0.1282042487280194
1789260183.2683213,0.20315133035182953,0.6734045147895813,0.05066584423184395,-1.5484719276428223,-0.04147922247648239,2.2195098400115967,0.5615338087081909,0.6837807297706604,0.1703624576330185,0.1513206511735916,0.0008016511735916276,0.11534989781745353
1789260183.3019195,0.21523700654506683,0.6821567416191101,0.058622702956199646,-1.5340323448181152,-0.04765772446990013,2.213071584701538,0.5694674849510193,0.6830111145973206,0.18349838256835938,0.1511426568031311,0.0006236568031311174,0.12033130429241841
1789260183.3355038,0.2263573855161667,0.6905628442764282,0.06561417877674103,-1.5200473070144653,-0.053637467324733734,2.206845283508301,0.5771164298057556,0.6822748184204102,0.19533585011959076,0.15101906657218933,0.0005000665721893449,0.13988230894202303
1789260183.3691044,0.23828834295272827,0.699226438999176,0.07340031862258911,-1.50496506690979,-0.0600198432803154,2.2005696296691895,0.5851238965988159,0.6813668012619019,0.20823471248149872,0.1512293666601181,0.0007103666601181169,0.1083523598284494
1789260183.4026792,0.24982964992523193,0.7077653408050537,0.08075805008411407,-1.4906089305877686,-0.0663435310125351,2.193993330001831,0.5929851531982422,0.6800807118415833,0.22048237919807434,0.15118229389190674,0.0006632938919067521,0.1282042487280194
1789260183.436266,0.26163139939308167,0.7164888978004456,0.08819475024938583,-1.4760140180587769,-0.07230428606271744,2.1879656314849854,0.6006608009338379,0.678638756275177,0.23300416767597198,0.15117430686950684,0.0006553068695068498,0.09891171693842998
1789260183.4698849,0.26998212933540344,0.7222616076469421,0.09445919841527939,-1.4661387205123901,-0.07648808509111404,2.1836941242218018,0.6055871248245239,0.6771711707115173,0.2424391359090805,0.15129615366458893,0.0007771536645889421,0.0625572578997782
1789260183.503489,0.27697086334228516,0.7278703451156616,0.09873324632644653,-1.4562675952911377,-0.0807536244392395,2.1796886920928955,0.6105465292930603,0.6764379143714905,0.2497033029794693,0.15149591863155365,0.0009769186315536638,0.044234660174789026
1789260183.5371242,0.28390535712242126,0.7329958081245422,0.10300058126449585,-1.4476096630096436,-0.08491600304841995,2.175382614135742,0.6154413819313049,0.675237774848938,0.2567988336086273,0.15147680044174194,0.0009578004417419572,0.07912937001338383
1789260183.5707374,0.28958556056022644,0.7357485890388489,0.10502182692289352,-1.4434926509857178,-0.085630863904953,2.1733694076538086,0.6207908391952515,0.6739094853401184,0.26189565658569336,0.1512446254491806,0.0007256254491806169,0.08392937202498843
1789260183.6042893,0.295520544052124,0.7384681701660156,0.10446750372648239,-1.4388142824172974,-0.08554214984178543,2.1715664863586426,0.6281036734580994,0.6732739806175232,0.26573777198791504,0.15120579302310944,0.0006867930231094499,0.07661668268387072
1789260183.6378908,0.30109989643096924,0.7411470413208008,0.10339895635843277,-1.434136986732483,-0.08536633849143982,2.1696598529815674,0.6354820132255554,0.6728122234344482,0.2690281569957733,0.15116599202156067,0.0006469920215606828,0.08392937202498843
1789260183.671579,0.3104410469532013,0.7449909448623657,0.10236946493387222,-1.4272428750991821,-0.08478396385908127,2.1670989990234375,0.6475733518600464,0.6717070937156677,0.27502986788749695,0.15122511982917786,0.0007061198291778703,0.0625572578997782
1789260183.7051687,0.32450905442237854,0.7506580948829651,0.10075417160987854,-1.4175243377685547,-0.08369746804237366,2.1635117530822754,0.6647282242774963,0.6697775721549988,0.2840108275413513,0.15112216770648956,0.0006031677064895768,0.044234660174789026
1789260183.7388175,0.33898746967315674,0.7567015886306763,0.09956766664981842,-1.4082051515579224,-0.08255541324615479,2.1596789360046387,0.6820723414421082,0.667233407497406,0.2934340238571167,0.1505570262670517,3.802626705171064e-05,0.06852804325551864
1789260183.7724566,0.35277146100997925,0.7623396515846252,0.0981188714504242,-1.3989217281341553,-0.08141424506902695,2.155937671661377,0.6991457939147949,0.6648960113525391,0.3022491931915283,0.15026456117630005,-0.0002544388236999373,0.07912937001338383
1789260183.8060613,0.36611780524253845,0.7678852081298828,0.09594026952981949,-1.3893183469772339,-0.08024200797080994,2.1522014141082764,0.7163408398628235,0.6628814935684204,0.31037524342536926,0.15015487372875214,-0.0003641262712478499,0.07132624918176021
1789260183.8396766,0.3791191279888153,0.7732465863227844,0.09410524368286133,-1.3798691034317017,-0.07913072407245636,2.1486971378326416,0.7330790162086487,0.6607938408851624,0.31848105788230896,0.15014109015464783,-0.000377909845352159,0.05595291190411357
1789260183.8733792,0.392890989780426,0.7788608074188232,0.09220157563686371,-1.3699404001235962,-0.077936552464962,2.14494252204895,0.7506231665611267,0.6584219932556152,0.3270750641822815,0.1501334011554718,-0.0003855988445281844,0.044234660174789026
1789260183.9070497,0.4032231569290161,0.7832359075546265,0.09125814586877823,-1.3632680177688599,-0.07722224295139313,2.142085552215576,0.762851893901825,0.656143069267273,0.3336605131626129,0.14966732263565063,-0.0008516773643493514,0.0625572578997782
1789260183.940659,0.409211128950119,0.7861393690109253,0.09080857038497925,-1.3585939407348633,-0.07684537768363953,2.1399693489074707,0.7706031203269958,0.6548779606819153,0.3375554382801056,0.14945538341999054,-0.0010636165800094466,0.08392937202498843
1789260183.97429,0.41513803601264954,0.7890911102294922,0.08965175598859787,-1.3534071445465088,-0.07645932585000992,2.137860059738159,0.7786286473274231,0.6539720892906189,0.3410628139972687,0.1494162231683731,-0.0011027768316268782,0.09278741380920028
1789260184.0078688,0.41992896795272827,0.7923327088356018,0.0897408053278923,-1.347388505935669,-0.07639216631650925,2.1352415084838867,0.7848344445228577,0.6532124280929565,0.3445492088794708,0.14953942596912384,-0.0009795740308761458,0.07912937001338383
1789260184.0414886,0.42261606454849243,0.7973615527153015,0.09157272428274155,-1.3370535373687744,-0.07792767882347107,2.130035161972046,0.7894484400749207,0.6533584594726562,0.3476566672325134,0.15014250576496124,-0.00037649423503874346,0.0625572578997782
1789260184.0750992,0.42515572905540466,0.803062915802002,0.09329956024885178,-1.3261686563491821,-0.07961485534906387,2.1246542930603027,0.7941291332244873,0.6536056399345398,0.3505804240703583,0.150480717420578,-3.828257942198321e-05,0.06852804325551864
1789260184.1087132,0.4278488755226135,0.8088206052780151,0.0952332392334938,-1.3149819374084473,-0.08133688569068909,2.119243860244751,0.7989453077316284,0.6537973284721375,0.3537360727787018,0.1509193629026413,0.00040036290264131025,0.05595291190411357
1789260184.1423612,0.4300345480442047,0.8134069442749023,0.09666255116462708,-1.3065606355667114,-0.08226591348648071,2.1154446601867676,0.8028539419174194,0.6538594365119934,0.3562415838241577,0.15108534693717957,0.0005663469371795793,0.03956468264845247
1789260184.1759975,0.4314655065536499,0.8163195848464966,0.09738368541002274,-1.3011412620544434,-0.08295296877622604,2.1125266551971436,0.8063837289810181,0.6538696885108948,0.3576934337615967,0.15117166936397552,0.0006526693639755388,0.059347025446578223
1789260184.2096858,0.4327823519706726,0.8190273642539978,0.09813468158245087,-1.2955013513565063,-0.0835096538066864,2.109863758087158,0.8097606897354126,0.6540455222129822,0.3591715395450592,0.15153460204601288,0.0010156020460128923,0.044234660174789026
1789260184.243302,0.4335741400718689,0.8210549354553223,0.09648530185222626,-1.2913161516189575,-0.08266425132751465,2.1078386306762695,0.815659761428833,0.6548024415969849,0.35903438925743103,0.15170322358608246,0.0011842235860824724,0.048456642643301504
1789260184.276914,0.4330741763114929,0.8230724930763245,0.09203296899795532,-1.287140965461731,-0.07843748480081558,2.106174945831299,0.8288685083389282,0.6566841006278992,0.35689622163772583,0.15180648863315582,0.0012874886331558366,0.019782341029446364
1789260184.3105288,0.4320553243160248,0.8253316283226013,0.0866132602095604,-1.2834688425064087,-0.07437831163406372,2.1044886112213135,0.8419874310493469,0.6588360667228699,0.35376080870628357,0.15147162973880768,0.0009526297388076921,0.07912937001338383
1789260184.3441312,0.4312669038772583,0.8277453184127808,0.08114974945783615,-1.279256820678711,-0.07019142061471939,2.102933883666992,0.8560680150985718,0.6610581278800964,0.35083913803100586,0.1512899547815323,0.0007709547815323015,0.08392937202498843
1789260184.3777199,0.43071967363357544,0.8304094076156616,0.07568833976984024,-1.2742584943771362,-0.06544172763824463,2.100914478302002,0.8720783591270447,0.663255512714386,0.34818100929260254,0.1512525975704193,0.0007335975704193254,0.08392937202498843
1789260184.4113362,0.4300725758075714,0.8328176140785217,0.0703480988740921,-1.2694629430770874,-0.06104622408747673,2.0990982055664062,0.8867778182029724,0.6654757857322693,0.3454982042312622,0.15134578943252563,0.0008267894325256486,0.07912937001338383
1789260184.444928,0.42949697375297546,0.8352523446083069,0.064946748316288,-1.264553189277649,-0.05650682374835014,2.097214460372925,0.9017625451087952,0.6676802039146423,0.3428526520729065,0.15147489309310913,0.0009558930931091447,0.0625572578997782
1789260184.47855,0.4291693866252899,0.8372926115989685,0.06095309183001518,-1.2607932090759277,-0.0525999441742897,2.0955193042755127,0.9118017554283142,0.6691732406616211,0.3409985601902008,0.1514306664466858,0.0009116664466858049,0.06561060592844098
1789260184.512228,0.4320898652076721,0.8394590020179749,0.0551498718559742,-1.2571651935577393,-0.04799693077802658,2.0938446521759033,0.9161818623542786,0.6699637174606323,0.34035149216651917,0.15119947493076324,0.0006804749307632585,0.09278741380920028
1789260184.545861,0.4353640675544739,0.8414159417152405,0.050158917903900146,-1.2534353733062744,-0.04323633387684822,2.0921554565429688,0.9206172823905945,0.670451819896698,0.34046271443367004,0.1511993557214737,0.0006803557214737077,0.09487278508118449
1789260184.5794756,0.4388691782951355,0.8434572219848633,0.04377790167927742,-1.2493839263916016,-0.037851426750421524,2.090491771697998,0.9250108003616333,0.671299397945404,0.3400650918483734,0.15127207338809967,0.0007530733880996843,0.09065408419654447
1789260184.613124,0.44521549344062805,0.8470335006713867,0.03241613134741783,-1.2418678998947144,-0.02858003042638302,2.0874886512756348,0.9311887621879578,0.6728740930557251,0.33946657180786133,0.15162023901939392,0.0011012390193939348,0.06561060592844098
1789260184.646713,0.4518619775772095,0.8506181836128235,0.02171797677874565,-1.2349834442138672,-0.019254561513662338,2.0842690467834473,0.937208890914917,0.6739098429679871,0.3393911123275757,0.15170623362064362,0.0011872336206436296,0.07132624918176021
1789260184.680323,0.45788681507110596,0.8543747663497925,0.011228864081203938,-1.2283732891082764,-0.010311422869563103,2.0812273025512695,0.9430534839630127,0.6750327944755554,0.33897560834884644,0.15159551799297333,0.0010765179929733415,0.09065408419654447
1789260184.7139218,0.46277159452438354,0.857216477394104,0.0037832099478691816,-1.2236104011535645,-0.004064932465553284,2.078988552093506,0.9474772214889526,0.675599992275238,0.33909231424331665,0.15143540501594543,0.0009164050159454484,0.11364091540157657
1789260184.7476103,0.46701058745384216,0.8592648506164551,-0.0007352950633503497,-1.2199195623397827,-0.0002149002393707633,2.077329158782959,0.950946033000946,0.6756279468536377,0.34010493755340576,0.15144769847393036,0.0009286984739303727,0.11364091540157657
1789260184.7812817,0.4713094234466553,0.8611651062965393,-0.00494254007935524,-1.2159672975540161,0.003855058690533042,2.0756382942199707,0.9545319080352783,0.6756205558776855,0.3414194583892822,0.15169750154018402,0.0011785015401840349,0.08846932694105811
1789260184.81489,0.47728231549263,0.8632622957229614,-0.008124700747430325,-1.2117060422897339,0.006958533078432083,2.0737435817718506,0.9588412046432495,0.6748173832893372,0.34433865547180176,0.1519269198179245,0.0014079198179245134,0.06852804325551864
1789260184.8485122,0.48897331953048706,0.8678306937217712,-0.013056498020887375,-1.204441785812378,0.010363449342548847,2.0706095695495605,0.966874361038208,0.6727169752120972,0.3503062129020691,0.1515793800354004,0.0010603800354004045,0.10279207254188717
1789260184.882172,0.5021674633026123,0.8722986578941345,-0.016196580603718758,-1.1971267461776733,0.013848816975951195,2.0674517154693604,0.9748421907424927,0.6694999933242798,0.3583020269870758,0.15132491290569305,0.0008059129056930681,0.1083523598284494
1789260184.915746,0.5144603252410889,0.8762766718864441,-0.019791241735219955,-1.189635992050171,0.017283255234360695,2.064542055130005,0.9825875759124756,0.6668174862861633,0.3655206263065338,0.1515517383813858,0.001032738381385817,0.06852804325551864
1789260184.949363,0.524808406829834,0.8796578645706177,-0.023284725844860077,-1.1834198236465454,0.02043788693845272,2.062124729156494,0.9878170490264893,0.6645886898040771,0.37135744094848633,0.15168644487857819,0.0011674448785782,0.03956468264845247
1789260184.9829993,0.5326055884361267,0.8826603293418884,-0.02683953195810318,-1.178301453590393,0.023619158193469048,2.0598249435424805,0.9913064241409302,0.6630568504333496,0.37533748149871826,0.15161369740962982,0.0010946974096298356,0.048456642643301504
1789260185.0165625,0.5394118428230286,0.8856708407402039,-0.030751796439290047,-1.1736739873886108,0.02649720571935177,2.0575358867645264,0.9945665001869202,0.6618692874908447,0.37835270166397095,0.1513155698776245,0.0007965698776245256,0.08392937202498843
1789260185.0501287,0.5482279062271118,0.8892574310302734,-0.03590242564678192,-1.1677827835083008,0.03127214312553406,2.0547056198120117,0.9957177042961121,0.6602972149848938,0.382381409406662,0.15114058554172516,0.0006215855417251726,0.10279207254188717
1789260185.083779,0.5621150135993958,0.8946279883384705,-0.044525668025016785,-1.1584036350250244,0.038648150861263275,2.050828456878662,0.9952449798583984,0.6580947041511536,0.38856565952301025,0.15120206773281097,0.000683067732810988,0.08156468806857739
1789260185.11735,0.5765224695205688,0.8998721241950989,-0.05189364776015282,-1.1496504545211792,0.04603944346308708,2.046755313873291,0.9948196411132812,0.6550109386444092,0.3956699073314667,0.15105193853378296,0.0005329385337829728,0.09891171693842998
1789260185.150952,0.5910062789916992,0.9049900770187378,-0.05965329334139824,-1.1403727531433105,0.053378380835056305,2.042804002761841,0.9943535327911377,0.6520988345146179,0.40274888277053833,0.1512807160615921,0.0007617160615921159,0.07401874722002606
1789260185.184543,0.6048446297645569,0.9100310802459717,-0.06782051175832748,-1.1312812566757202,0.06079477071762085,2.03877854347229,0.9938106536865234,0.6494238376617432,0.40919509530067444,0.15150634944438934,0.0009873494443893571,0.05595291190411357
1789260185.2181787,0.6188808679580688,0.9158686399459839,-0.07674777507781982,-1.1220166683197021,0.06860537081956863,2.0345447063446045,0.9932394027709961,0.6466825604438782,0.4153847098350525,0.15122807025909424,0.0007090702590942521,0.0625572578997782
1789260185.251746,0.6324304342269897,0.9212587475776672,-0.08482103049755096,-1.1133843660354614,0.07590153068304062,2.0305402278900146,0.9926691651344299,0.6437564492225647,0.42160820960998535,0.15101701021194458,0.0004980102119445939,0.07661668268387072
1789260185.2853389,0.642734706401825,0.9250332713127136,-0.09099586308002472,-1.1067379713058472,0.08132375776767731,2.027787446975708,0.9918997883796692,0.6416113376617432,0.4264051020145416,0.15118537843227386,0.0006663784322738786,0.044234660174789026
1789260185.3189397,0.6483345627784729,0.9267703294754028,-0.09383073449134827,-1.1031361818313599,0.08447335660457611,2.026272773742676,0.9909501075744629,0.6402665376663208,0.4293345808982849,0.15149915218353271,0.0009801521835327287,0.048456642643301504
1789260185.352529,0.6533251404762268,0.9287280440330505,-0.09758356958627701,-1.0997211933135986,0.08749353885650635,2.0247902870178223,0.9899741411209106,0.6394257545471191,0.43134477734565735,0.15159499645233154,0.0010759964523315568,0.03426402009603798
1789260185.3862145,0.6578978300094604,0.9300224781036377,-0.10119946300983429,-1.0981009006500244,0.09040935337543488,2.0236313343048096,0.9863840937614441,0.6384546160697937,0.4328950345516205,0.15139040350914001,0.0008714035091400285,0.03426402009603798
1789260185.4198422,0.6627283692359924,0.9298259019851685,-0.10555919259786606,-1.099592924118042,0.09476377069950104,2.023698329925537,0.9739759564399719,0.6372299194335938,0.4340938627719879,0.151021346449852,0.0005023464498520036,0.08392937202498843
1789260185.453499,0.6671668291091919,0.9295653700828552,-0.11092676967382431,-1.1012794971466064,0.09924806654453278,2.0239696502685547,0.9602646231651306,0.6365221738815308,0.43454504013061523,0.15067854523658752,0.00015954523658753827,0.11534989781745353
1789260185.4870615,0.6721582412719727,0.929247260093689,-0.11599510908126831,-1.1029164791107178,0.10373513400554657,2.0243113040924072,0.946395993232727,0.6355060935020447,0.43551719188690186,0.15040773153305054,-0.00011126846694944903,0.14401765375946743
1789260185.5206048,0.6785197854042053,0.9288259744644165,-0.12219174206256866,-1.1045982837677002,0.10918313264846802,2.0246307849884033,0.9298419952392578,0.6342185735702515,0.43691927194595337,0.1502557098865509,-0.0002632901134490828,0.16432452156180907
1789260185.5542326,0.6855541467666626,0.9283294081687927,-0.12890315055847168,-1.1063786745071411,0.11522839218378067,2.0249991416931152,0.9119850993156433,0.6327733397483826,0.4385572075843811,0.15016016364097595,-0.000358836359024034,0.17693870661400976
1789260185.587864,0.6922828555107117,0.927815318107605,-0.13601262867450714,-1.1082478761672974,0.12138143926858902,2.0253493785858154,0.8939771056175232,0.6315802335739136,0.4397943913936615,0.1500733494758606,-0.00044565052413939044,0.18871159039859822
1789260185.6214745,0.6985096335411072,0.9273359179496765,-0.142853781580925,-1.1100643873214722,0.1270563155412674,2.0256917476654053,0.8768720030784607,0.6305625438690186,0.44078701734542847,0.149989053606987,-0.0005299463930129866,0.20463023449693923
1789260185.6551225,0.7051856517791748,0.9268799424171448,-0.14961998164653778,-1.111923098564148,0.13299167156219482,2.026062250137329,0.8593010902404785,0.6292985081672668,0.4421190917491913,0.14988386631011963,-0.0006351336898803572,0.21939690831971592
1789260185.68871,0.7122741341590881,0.9264469146728516,-0.1562471240758896,-1.1138248443603516,0.13910360634326935,2.026401996612549,0.8415435552597046,0.6277751326560974,0.4437791407108307,0.14974825084209442,-0.0007707491579055648,0.23406797725889517
1789260185.7223113,0.7186729311943054,0.9259709119796753,-0.16321887075901031,-1.1157245635986328,0.1450304538011551,2.0267744064331055,0.8240532279014587,0.6267156600952148,0.4448178708553314,0.1496882289648056,-0.0008307710351943831,0.24549258269372118
1789260185.7559297,0.725291907787323,0.9255016446113586,-0.17016944289207458,-1.1176525354385376,0.15095868706703186,2.027111291885376,0.8064022064208984,0.6255441904067993,0.4459892511367798,0.14962473511695862,-0.000894264883041368,0.25564439666474065
1789260185.7895138,0.7317721843719482,0.9250285029411316,-0.1767563670873642,-1.1194651126861572,0.15671561658382416,2.0274572372436523,0.7892042398452759,0.6243484020233154,0.4472520649433136,0.14961305260658264,-0.0009059473934173445,0.26019629427255464
1789260185.823126,0.7389584183692932,0.9245790839195251,-0.18357062339782715,-1.1213129758834839,0.1628536581993103,2.027831554412842,0.7712116837501526,0.6228896975517273,0.4488808214664459,0.1496025025844574,-0.0009164974155425887,0.2609472243862704
1789260185.8568118,0.74542635679245,0.9240854978561401,-0.19056592881679535,-1.1231707334518433,0.16876991093158722,2.028186082839966,0.7534740567207336,0.6218437552452087,0.44994252920150757,0.14965097606182098,-0.0008680239381790023,0.26019629427255464
1789260185.890354,0.751776933670044,0.9236106872558594,-0.197279155254364,-1.1250224113464355,0.17457802593708038,2.0285370349884033,0.7364951968193054,0.6207595467567444,0.4510485529899597,0.14968575537204742,-0.0008332446279525618,0.26019629427255464
1789260185.9239643,0.7585679292678833,0.9231076240539551,-0.20407293736934662,-1.1269062757492065,0.18067681789398193,2.0288894176483154,0.7186566591262817,0.6194871068000793,0.4524180293083191,0.1497514396905899,-0.0007675603094100814,0.2533377797477128
1789260185.9575717,0.7654611468315125,0.9226718544960022,-0.21068602800369263,-1.128736138343811,0.1865086555480957,2.0292534828186035,0.7012887597084045,0.6181311011314392,0.45390477776527405,0.1497957408428192,-0.0007232591571807723,0.24787221470538592
1789260185.991198,0.7719473838806152,0.9222217202186584,-0.21770934760570526,-1.1306318044662476,0.19249175488948822,2.02961802482605,0.6835977435112,0.6170963644981384,0.4549444913864136,0.14987224340438843,-0.0006467565956115584,0.24228338651132322
1789260186.0247767,0.7785501480102539,0.9217833280563354,-0.22460055351257324,-1.132517695426941,0.19846105575561523,2.0299527645111084,0.6659760475158691,0.6159616112709045,0.4561118185520172,0.1499500721693039,-0.0005689278306960921,0.23573396487594475
1789260186.058333,0.785283088684082,0.92131108045578,-0.23132215440273285,-1.134296178817749,0.20434917509555817,2.0303401947021484,0.6484471559524536,0.6147505044937134,0.4574633836746216,0.1501113921403885,-0.00040760785961149737,0.21760588102725667
1789260186.0919344,0.7922453284263611,0.9208386540412903,-0.23802155256271362,-1.1360938549041748,0.2102932631969452,2.0306971073150635,0.6307219862937927,0.6134170889854431,0.4589615762233734,0.15027734637260437,-0.00024165362739561602,0.2007689357290851
1789260186.1255522,0.7984079718589783,0.9203697443008423,-0.2448655068874359,-1.137941598892212,0.21610333025455475,2.0310614109039307,0.6137639284133911,0.6125127673149109,0.45986828207969666,0.1504497528076172,-6.924719238279864e-05,0.18451747215888148
1789260186.1591148,0.8051038384437561,0.9199122190475464,-0.2517860233783722,-1.139876365661621,0.22217947244644165,2.03140926361084,0.5958872437477112,0.6113568544387817,0.46107080578804016,0.15059834718704224,7.934718704225019e-05,0.16902045629320203
1789260186.1927311,0.8120868802070618,0.9194357395172119,-0.25867974758148193,-1.1418935060501099,0.22824251651763916,2.031768321990967,0.5778493881225586,0.6100538372993469,0.4624383747577667,0.15074121952056885,0.00022221952056886152,0.15450506866003139
1789260186.2263646,0.81882244348526,0.9191673994064331,-0.2652912735939026,-1.1438151597976685,0.2341441810131073,2.0319840908050537,0.5607449412345886,0.6087404489517212,0.463744580745697,0.15074844658374786,0.00022944658374787763,0.15195108845669586
1789260186.2599313,0.8252201080322266,0.9189858436584473,-0.2724980115890503,-1.1460214853286743,0.2402447611093521,2.032184600830078,0.543197751045227,0.6077390313148499,0.46449923515319824,0.15063929557800293,0.00012029557800294355,0.17017419378319848
1789260186.2935293,0.8317980766296387,0.9187982678413391,-0.2794867157936096,-1.148094654083252,0.24625621736049652,2.03240966796875,0.5256176590919495,0.60661381483078,0.46549004316329956,0.15059567987918854,7.667987918855146e-05,0.17693870661400976
1789260186.3271675,0.8386921286582947,0.9186614751815796,-0.28642216324806213,-1.1503047943115234,0.252461701631546,2.0325405597686768,0.5079824328422546,0.6052646040916443,0.4666638672351837,0.1504576951265335,-6.130487346647784e-05,0.19179700087998583
1789260186.3608718,0.8455467820167542,0.9185976982116699,-0.2934368848800659,-1.1525487899780273,0.2587882876396179,2.0326569080352783,0.4902697503566742,0.6039450168609619,0.4677671492099762,0.1502775251865387,-0.00024147481346128985,0.20747905542313175
1789260186.3944912,0.8517842888832092,0.9185534119606018,-0.3005509078502655,-1.1548523902893066,0.26470106840133667,2.032740592956543,0.47312676906585693,0.6029742956161499,0.46837252378463745,0.15008535981178284,-0.0004336401882171492,0.23738826096775903
1789260186.4281328,0.8585888743400574,0.9185278415679932,-0.30782321095466614,-1.1572002172470093,0.2710475027561188,2.0328400135040283,0.45510512590408325,0.601768434047699,0.4692855477333069,0.14990079402923584,-0.0006182059707641463,0.2594431906973403
1789260186.4618278,0.8655312657356262,0.9185304641723633,-0.31473857164382935,-1.159449815750122,0.27729833126068115,2.032926082611084,0.4373769164085388,0.6003835201263428,0.4704517126083374,0.14971770346164703,-0.0008012965383529524,0.2769530426626223
1789260186.495467,0.8721086382865906,0.918463945388794,-0.32150328159332275,-1.161566138267517,0.28320324420928955,2.0330283641815186,0.4203924834728241,0.5991784334182739,0.47146910429000854,0.14964954555034637,-0.0008694544496536116,0.28530527306726555
1789260186.529071,0.8786218762397766,0.9183825850486755,-0.32892099022865295,-1.1639134883880615,0.28941068053245544,2.033146381378174,0.40253332257270813,0.5982128381729126,0.47212308645248413,0.14959195256233215,-0.0009270474376678328,0.2967354455961293
1789260186.562759,0.8852391242980957,0.91828453540802,-0.3358907699584961,-1.166170597076416,0.29560914635658264,2.0332388877868652,0.38518980145454407,0.5970410704612732,0.473065584897995,0.14955049753189087,-0.000968502468109117,0.3039024440955947
1789260186.5964122,0.8921813368797302,0.9182401895523071,-0.3428634703159332,-1.168479561805725,0.30187466740608215,2.0333375930786133,0.367462694644928,0.5957051515579224,0.4741840362548828,0.14946740865707397,-0.0010515913429260115,0.3096429903475205
1789260186.6300938,0.898880124092102,0.9181938767433167,-0.34992119669914246,-1.170760154724121,0.30800294876098633,2.033433437347412,0.34991455078125,0.5945409536361694,0.4751063883304596,0.14943069219589233,-0.0010883078041076522,0.31589905197193274
1789260186.6636457,0.9052832126617432,0.9181699156761169,-0.357221782207489,-1.1731407642364502,0.31410932540893555,2.0335371494293213,0.332308292388916,0.5936074256896973,0.47570645809173584,0.14938822388648987,-0.001130776113510118,0.3250574669850846
1789260186.6972961,0.9120664596557617,0.9181486964225769,-0.36422932147979736,-1.1753450632095337,0.32036152482032776,2.0336222648620605,0.31468838453292847,0.5923964381217957,0.47673094272613525,0.1494021713733673,-0.0011168286266326766,0.32020557802010025
1789260186.7309265,0.91901695728302,0.9180724620819092,-0.37117308378219604,-1.177619218826294,0.3265376687049866,2.033730983734131,0.29697346687316895,0.5910916924476624,0.47786030173301697,0.1494397670030594,-0.001079232996940599,0.3140353198057528
1789260186.7645843,0.9255250692367554,0.9180108904838562,-0.37807440757751465,-1.1798242330551147,0.33261552453041077,2.033825635910034,0.27980634570121765,0.5900020003318787,0.4787495732307434,0.149510458111763,-0.0010085418882369857,0.305827932186261
1789260186.7982106,0.9321035146713257,0.917946994304657,-0.3856166899204254,-1.182269811630249,0.33902618288993835,2.0339338779449463,0.2617836892604828,0.5890874862670898,0.47936442494392395,0.14959312975406647,-0.0009258702459335189,0.30001439728971957
1789260186.831824,0.9389328360557556,0.9179501533508301,-0.3925684094429016,-1.1845325231552124,0.3451331555843353,2.0340189933776855,0.24404701590538025,0.5878592133522034,0.4803929924964905,0.14964018762111664,-0.000878812378883348,0.2934198544058264
1789260186.8653705,0.9455540180206299,0.9179033041000366,-0.39927938580513,-1.1866455078125,0.35114961862564087,2.034116268157959,0.22710870206356049,0.5866756439208984,0.4814473092556,0.1497747004032135,-0.0007442995967864852,0.2726810091663889
1789260186.8989954,0.9522789120674133,0.9178388714790344,-0.40647098422050476,-1.188905119895935,0.35743728280067444,2.034223794937134,0.2092776745557785,0.5856070518493652,0.48234206438064575,0.14995306730270386,-0.0005659326972961287,0.2517882961682785
1789260186.932583,0.9586591720581055,0.9177253842353821,-0.41371747851371765,-1.1912373304367065,0.36345183849334717,2.034332513809204,0.19191093742847443,0.5847498774528503,0.48295995593070984,0.1501663774251938,-0.0003526225748061995,0.23573396487594475
1789260186.9661548,0.9655596613883972,0.9176770448684692,-0.4206759035587311,-1.1935237646102905,0.36967775225639343,2.0344250202178955,0.17414918541908264,0.5835105776786804,0.48403772711753845,0.15032631158828735,-0.00019268841171263262,0.21397885808123562
1789260186.9997668,0.97243332862854,0.9176039099693298,-0.4276060163974762,-1.1958564519882202,0.37594467401504517,2.0345401763916016,0.15661047399044037,0.5822755694389343,0.48510709404945374,0.15050223469734192,-1.6765302658067194e-05,0.18871159039859822
1789260187.0333858,0.9790161848068237,0.917632520198822,-0.43481579422950745,-1.1982394456863403,0.3821629285812378,2.0345563888549805,0.1390092521905899,0.581272542476654,0.4858362078666687,0.15064117312431335,0.00012217312431336835,0.1747129721695325
1789260187.067001,0.9855120778083801,0.9176602959632874,-0.4421483278274536,-1.2007479667663574,0.38839098811149597,2.0345618724823,0.12133985012769699,0.5803504586219788,0.486421138048172,0.15076880156993866,0.00024980156993867353,0.16785878907325083
1789260187.100586,0.9920483827590942,0.917666494846344,-0.4489329755306244,-1.2030338048934937,0.3944002687931061,2.034574508666992,0.10431446880102158,0.5792382955551147,0.4873138964176178,0.15093784034252167,0.00041884034252168134,0.145369962588823
1789260187.1342075,0.9990140795707703,0.9178708791732788,-0.4561801254749298,-1.2057081460952759,0.4007737338542938,2.0345990657806396,0.0864596888422966,0.5780196785926819,0.488146036863327,0.15089763700962067,0.00037863700962068036,0.14401765375946743
1789260187.1678414,1.0056982040405273,0.9182713031768799,-0.4637644290924072,-1.2086684703826904,0.4073171317577362,2.0344977378845215,0.06846462935209274,0.5769959688186646,0.48855382204055786,0.15066562592983246,0.00014662592983247236,0.16902045629320203
1789260187.201455,1.012039065361023,0.9187350273132324,-0.47091853618621826,-1.2114815711975098,0.4136151671409607,2.034235954284668,0.0513472855091095,0.5759719014167786,0.48893654346466064,0.15038640797138214,-0.00013259202861784503,0.201741189079591
1789260187.235096,1.0187441110610962,0.9191513657569885,-0.4781019687652588,-1.2142161130905151,0.42001834511756897,2.033989906311035,0.033819396048784256,0.5748011469841003,0.489563912153244,0.15020620822906494,-0.00031279177093504473,0.21760588102725667
1789260187.2686675,1.0256115198135376,0.9194969534873962,-0.485281378030777,-1.216957926750183,0.42635712027549744,2.033759355545044,0.016181649640202522,0.5735712647438049,0.490286648273468,0.15009859204292297,-0.0004204079570770125,0.22985018505318222
1789260187.3022351,1.032132625579834,0.9198253154754639,-0.4927445948123932,-1.2197827100753784,0.4327445924282074,2.033515691757202,-0.0013768784701824188,0.5726249814033508,0.4906696081161499,0.15004496276378632,-0.0004740372362136702,0.24308965745644515
1789260187.335854,1.0388137102127075,0.9202501773834229,-0.50014728307724,-1.2226911783218384,0.43913576006889343,2.0332562923431396,-0.019134925678372383,0.5715615153312683,0.4911247491836548,0.14989976584911346,-0.0006192341508865218,0.2639295804557845
1789260187.3694665,1.0453290939331055,0.9206956028938293,-0.5071319937705994,-1.22541344165802,0.4453417956829071,2.0329954624176025,-0.03624575585126877,0.570445716381073,0.49169597029685974,0.14976279437541962,-0.0007562056245803694,0.2776586580329258
1789260187.4030902,1.0523037910461426,0.9212035536766052,-0.5145322680473328,-1.2282700538635254,0.4519616663455963,2.0327281951904297,-0.05434785410761833,0.5692356824874878,0.4923517107963562,0.1496300995349884,-0.0008889004650115828,0.2907401591260049
1789260187.436685,1.058821439743042,0.9216204285621643,-0.5219802260398865,-1.2311841249465942,0.45841461420059204,2.032489061355591,-0.07203570753335953,0.5682989954948425,0.4927031099796295,0.14957599341869354,-0.0009430065813064437,0.2967354455961293
1789260187.470247,1.0651850700378418,0.9220094084739685,-0.5291049480438232,-1.23393714427948,0.4645187556743622,2.0322444438934326,-0.089007169008255,0.5673551559448242,0.4931158423423767,0.1495690792798996,-0.000949920720100389,0.30196467842978897
1789260187.5038126,1.0720051527023315,0.9224705696105957,-0.5363685488700867,-1.2367098331451416,0.4709649980068207,2.031982660293579,-0.10683608055114746,0.5662171244621277,0.49375486373901367,0.14955423772335052,-0.0009647622766494612,0.30001439728971957
1789260187.5373724,1.0787476301193237,0.922885537147522,-0.5435184240341187,-1.2394282817840576,0.47731325030326843,2.031731605529785,-0.12420133501291275,0.5650960803031921,0.4944116771221161,0.14959664642810822,-0.0009223535718917708,0.2934198544058264
1789260187.5709846,1.085329294204712,0.9233554005622864,-0.5509802103042603,-1.2422856092453003,0.48367366194725037,2.031496286392212,-0.14195789396762848,0.5641780495643616,0.4947957992553711,0.14963485300540924,-0.0008841469945907454,0.29141239305266703
1789260187.6045594,1.0917105674743652,0.9237229824066162,-0.558127760887146,-1.2450777292251587,0.48997169733047485,2.031247854232788,-0.15897420048713684,0.5632509589195251,0.4952267110347748,0.14972886443138123,-0.0007901355686187606,0.27906453641602885
1789260187.6381593,1.098654866218567,0.9241329431533813,-0.5655404925346375,-1.247933030128479,0.49661073088645935,2.0309929847717285,-0.17709268629550934,0.5621309876441956,0.4958825409412384,0.14984887838363647,-0.0006701216163635115,0.2624426388026188
1789260187.6717558,1.1055083274841309,0.9245822429656982,-0.5727269053459167,-1.250723123550415,0.5029337406158447,2.0307209491729736,-0.1947203278541565,0.560989499092102,0.4965534508228302,0.14994259178638458,-0.0005764082136154036,0.2502292180346854
1789260187.7053182,1.1117533445358276,0.9250878691673279,-0.5799309015274048,-1.253536581993103,0.5090939402580261,2.030458688735962,-0.21179896593093872,0.560171902179718,0.49683913588523865,0.15001711249351501,-0.0005018875064849715,0.24228338651132322
1789260187.7389271,1.1183979511260986,0.925552248954773,-0.5873546600341797,-1.2564445734024048,0.5155997276306152,2.0302047729492188,-0.2296065390110016,0.55922931432724,0.49728113412857056,0.15015703439712524,-0.000361965602874742,0.22468434599379783
1789260187.7725143,1.1250791549682617,0.9259325265884399,-0.5945387482643127,-1.2591476440429688,0.5218205451965332,2.0299596786499023,-0.24702505767345428,0.5582215785980225,0.49789300560951233,0.1504107415676117,-0.0001082584323882918,0.19483355668961086
1789260187.8061118,1.1320356130599976,0.9264206886291504,-0.6017224788665771,-1.261930227279663,0.5283238887786865,2.029686689376831,-0.2647576332092285,0.5570423007011414,0.49864789843559265,0.15057925879955292,6.025879955293134e-05,0.16902045629320203
1789260187.839737,1.138238787651062,0.926906406879425,-0.608977735042572,-1.2647247314453125,0.5345932841300964,2.0294599533081055,-0.2817985713481903,0.5563007593154907,0.4989265501499176,0.15079030394554138,0.0002713039455413957,0.14401765375946743
1789260187.8733447,1.145005464553833,0.9273436069488525,-0.6165315508842468,-1.26761794090271,0.5410832166671753,2.0292022228240967,-0.2999269962310791,0.5553879737854004,0.4994012117385864,0.15108832716941833,0.0005693271694183488,0.11014342980975618
1789260187.9069526,1.151772141456604,0.927687406539917,-0.6237514615058899,-1.27035653591156,0.547500729560852,2.028961181640625,-0.3174895942211151,0.5543670654296875,0.5000748038291931,0.15146008133888245,0.0009410813388824601,0.06561060592844098
1789260187.940535,1.158517837524414,0.9284436702728271,-0.6307666897773743,-1.2734712362289429,0.5537762641906738,2.0283896923065186,-0.33455944061279297,0.5531595349311829,0.5005585551261902,0.15134429931640625,0.0008252993164062639,0.07401874722002606
1789260187.9741037,1.164955735206604,0.9295413494110107,-0.6383447647094727,-1.2769793272018433,0.5602537989616394,2.027649402618408,-0.35232147574424744,0.5522549152374268,0.5004599094390869,0.15098923444747925,0.0004702344474792619,0.12354070345060089
1789260188.0076966,1.1716395616531372,0.9306600093841553,-0.6459632515907288,-1.2806100845336914,0.5669446587562561,2.026858329772949,-0.37043702602386475,0.5512195825576782,0.5004566311836243,0.15060830116271973,8.930116271974042e-05,0.16902045629320203
1789260188.0413375,1.1782019138336182,0.9316888451576233,-0.6529617309570312,-1.283909797668457,0.5733151435852051,2.026122808456421,-0.3875217139720917,0.5500525832176208,0.5007297396659851,0.150299534201622,-0.00021946579837797686,0.20558422779686011
1789260188.0749226,1.185009241104126,0.9326781630516052,-0.6602252721786499,-1.2872785329818726,0.5797333121299744,2.025391101837158,-0.40512868762016296,0.548882007598877,0.5010237097740173,0.15008556842803955,-0.00043343157196043536,0.23406797725889517
1789260188.1084797,1.191349983215332,0.9337117671966553,-0.6678137183189392,-1.2907679080963135,0.5861868858337402,2.0246686935424805,-0.4227103590965271,0.5480825304985046,0.5008915066719055,0.14990834891796112,-0.0006106510820388655,0.26169599974856805
1789260188.1421015,1.197941780090332,0.9346653819084167,-0.6752209663391113,-1.2941542863845825,0.5927180051803589,2.0239059925079346,-0.44031500816345215,0.5470889210700989,0.5010284185409546,0.14980514347553253,-0.0007138565244674544,0.27976482632557653
1789260188.175691,1.2046159505844116,0.9356547594070435,-0.6821718215942383,-1.2973968982696533,0.5988858938217163,2.0231852531433105,-0.45738646388053894,0.5459054112434387,0.5013896226882935,0.14964638650417328,-0.0008726134958267073,0.30001439728971957
1789260188.209314,1.2115063667297363,0.9366427063941956,-0.6894960403442383,-1.300811529159546,0.6055024266242981,2.0224616527557373,-0.4750947952270508,0.544741153717041,0.5017237663269043,0.14954787492752075,-0.0009711250724792342,0.3102742728505004
1789260188.2429233,1.2179901599884033,0.9377180933952332,-0.6973434686660767,-1.3044836521148682,0.6122111678123474,2.0216968059539795,-0.49322232604026794,0.5439800024032593,0.5015366077423096,0.1494593769311905,-0.0010596230688094954,0.32805345982048595
1789260188.2765796,1.224392294883728,0.9387363195419312,-0.7044891715049744,-1.3078417778015137,0.6184790730476379,2.020948886871338,-0.5102270841598511,0.5430222749710083,0.5016449689865112,0.14937229454517365,-0.0011467054548263411,0.34206916020256234
1789260188.3101482,1.231196403503418,0.9397778511047363,-0.7116899490356445,-1.3112083673477173,0.624951958656311,2.020202159881592,-0.5279005169868469,0.5418800115585327,0.5019744634628296,0.1493101269006729,-0.0012088730993270735,0.3483045901864645
1789260188.3437674,1.238029956817627,0.9408243298530579,-0.7190372347831726,-1.3146229982376099,0.6315113306045532,2.0194272994995117,-0.545655369758606,0.5407806634902954,0.5022579431533813,0.14929336309432983,-0.0012256369056701522,0.3516591364137872
1789260188.3773835,1.2442498207092285,0.9418125152587891,-0.7266272902488708,-1.318135142326355,0.6378710865974426,2.0187196731567383,-0.5631288886070251,0.5401270985603333,0.5020750164985657,0.1493813395500183,-0.0011376604499816756,0.3483045901864645
1789260188.4109538,1.2510101795196533,0.9428392648696899,-0.7339577078819275,-1.3215575218200684,0.6443973183631897,2.017948865890503,-0.5808252096176147,0.539077877998352,0.5023291707038879,0.1494295299053192,-0.0010894700946807723,0.34378094829305916
1789260188.4446292,1.257645845413208,0.9437655806541443,-0.7409508228302002,-1.324758529663086,0.6508135795593262,2.017241954803467,-0.597957193851471,0.5379908084869385,0.5027391314506531,0.1495637148618698,-0.0009552851381301741,0.3250574669850846
1789260188.4782848,1.2646023035049438,0.9447569847106934,-0.7484986782073975,-1.328245997428894,0.6574063897132874,2.0164692401885986,-0.6160200238227844,0.5369470119476318,0.503017008304596,0.14973019063472748,-0.0007888093652725081,0.30901041820232844
1789260188.5118725,1.2709112167358398,0.9457881450653076,-0.7561141848564148,-1.3318541049957275,0.663865864276886,2.0157036781311035,-0.6336261630058289,0.5362673997879028,0.5028546452522278,0.14987704157829285,-0.0006419584217071395,0.2987071358280474
1789260188.5455208,1.2773388624191284,0.9468018412590027,-0.7632047533988953,-1.335202693939209,0.6701735258102417,2.0149881839752197,-0.6506731510162354,0.5353420972824097,0.5030401945114136,0.1500115543603897,-0.0005074456396102767,0.2811601735667408
1789260188.5790942,1.2842190265655518,0.9477978944778442,-0.7704949378967285,-1.3385707139968872,0.676655113697052,2.0142438411712646,-0.66842120885849,0.5342664122581482,0.5034180283546448,0.15023493766784668,-0.00028406233215330645,0.25410897847036323
1789260188.612699,1.2910640239715576,0.9488185048103333,-0.7780860066413879,-1.3420308828353882,0.6833315491676331,2.0134756565093994,-0.6865286827087402,0.5333237648010254,0.5036587119102478,0.1505262702703476,7.270270347609076e-06,0.22028696137813833
1789260188.6464608,1.2972691059112549,0.9499018788337708,-0.7853665351867676,-1.3454822301864624,0.6896818280220032,2.012747049331665,-0.7035742402076721,0.5326009392738342,0.5036239624023438,0.15072038769721985,0.0002013876972198625,0.19782350757194625
1789260188.680083,1.303971290588379,0.9508877396583557,-0.7926642298698425,-1.348862886428833,0.6961655020713806,2.0120153427124023,-0.721231997013092,0.53164142370224,0.5039178133010864,0.1510356366634369,0.0005166366634369035,0.15825877775862904
1789260188.7137027,1.3108999729156494,0.9518693685531616,-0.8000133037567139,-1.352230191230774,0.7027024030685425,2.0112860202789307,-0.7389864325523376,0.5305944681167603,0.5043333768844604,0.15140311419963837,0.0008841141996383806,0.11364091540157657
1789260188.747321,1.3175097703933716,0.9531879425048828,-0.8072579503059387,-1.3559198379516602,0.7090398669242859,2.010289192199707,-0.7564677596092224,0.5296007990837097,0.5043777227401733,0.1514158993959427,0.0008968993959427018,0.11869406681127799
1789260188.7809584,1.3238732814788818,0.9549344778060913,-0.8145991563796997,-1.3599708080291748,0.7154191732406616,2.0091981887817383,-0.7741636633872986,0.5287262797355652,0.5040357708930969,0.15108604729175568,0.0005670472917556901,0.1532333996180995
1789260188.814575,1.3303277492523193,0.9564750790596008,-0.8215226531028748,-1.3637361526489258,0.7216399312019348,2.008134603500366,-0.7912408113479614,0.5276696085929871,0.5040244460105896,0.1508895307779312,0.00037053077793122724,0.1747129721695325
1789260188.848232,1.337241530418396,0.9581502676010132,-0.8288415670394897,-1.3676759004592896,0.7283274531364441,2.0069916248321533,-0.8092905282974243,0.526505172252655,0.5040873885154724,0.15069925785064697,0.00018025785064698652,0.19683190382077603
1789260188.8817756,1.3438959121704102,0.9599674344062805,-0.8359375596046448,-1.3715896606445312,0.7346946001052856,2.0057270526885986,-0.8269435167312622,0.5253750681877136,0.5040237903594971,0.15038233995437622,-0.00013666004562376544,0.23323052090303778
1789260188.9153564,1.3500868082046509,0.9617008566856384,-0.8429844975471497,-1.375689148902893,0.7407742142677307,2.0045084953308105,-0.8439741730690002,0.5244894623756409,0.5036377310752869,0.1500716209411621,-0.00044737905883787676,0.2769530426626223
1789260188.9490528,1.3568947315216064,0.9633912444114685,-0.8501161336898804,-1.379638433456421,0.7471887469291687,2.0032663345336914,-0.8617360591888428,0.523320734500885,0.5036681890487671,0.14989914000034332,-0.0006198599996566634,0.30001439728971957
1789260188.9826422,1.3638139963150024,0.9651322960853577,-0.8574172258377075,-1.3836586475372314,0.7537216544151306,2.0019938945770264,-0.879880964756012,0.5221609473228455,0.5036810040473938,0.14975832402706146,-0.0007606759729385237,0.3189810748477827
1789260189.016292,1.3702336549758911,0.9669663906097412,-0.8642989993095398,-1.3876070976257324,0.7599191069602966,2.0007736682891846,-0.8969137072563171,0.5211087465286255,0.5035462379455566,0.14948424696922302,-0.0010347530307769637,0.3488659211959672
1789260189.0498784,1.3765649795532227,0.9688029885292053,-0.8715739250183105,-1.3918684720993042,0.766325056552887,1.9995166063308716,-0.914577305316925,0.5202508568763733,0.5031352043151855,0.14926287531852722,-0.0012561246814727645,0.37794177802093665
1789260189.0834396,1.3831822872161865,0.9706056714057922,-0.8786600232124329,-1.395811676979065,0.7727380990982056,1.9982823133468628,-0.9321249723434448,0.519190788269043,0.5030855536460876,0.14914406836032867,-0.0013749316396713118,0.38866207707076406
1789260189.1170397,1.3899484872817993,0.9722825884819031,-0.8857230544090271,-1.3997125625610352,0.779067873954773,1.997031331062317,-0.9498013854026794,0.5180609822273254,0.5031540393829346,0.14913728833198547,-0.0013817116680145125,0.3921703946518568
1789260189.1505716,1.3964848518371582,0.9739281535148621,-0.8925706744194031,-1.4035675525665283,0.78517746925354,1.9958438873291016,-0.9667582511901855,0.5169886350631714,0.5031770467758179,0.14912685751914978,-0.0013921424808502059,0.39416112793789093
1789260189.1841629,1.4029793739318848,0.9756593108177185,-0.8999682068824768,-1.4077576398849487,0.791633129119873,1.9945772886276245,-0.984541654586792,0.5161359310150146,0.5028936862945557,0.14916940033435822,-0.0013495996656417708,0.3926690241331743
1789260189.2178423,1.4097695350646973,0.9774936437606812,-0.9072898030281067,-1.411827802658081,0.7981404066085815,1.9933078289031982,-1.0026322603225708,0.515105664730072,0.5028349161148071,0.14920058846473694,-0.0013184115352630477,0.38866207707076406
1789260189.2514012,1.4163169860839844,0.979275107383728,-0.9140830636024475,-1.4156886339187622,0.804426372051239,1.9920856952667236,-1.019668459892273,0.5140052437782288,0.5028954744338989,0.14918243885040283,-0.001336561149597154,0.3841043013843332
1789260189.285045,1.4228819608688354,0.9811682105064392,-0.9211762547492981,-1.4197887182235718,0.8108283877372742,1.9907994270324707,-1.0373173952102661,0.5130056142807007,0.5027656555175781,0.1491534560918808,-0.0013655439081191878,0.38461338807931095
1789260189.3186376,1.4292006492614746,0.9830307364463806,-0.9284523129463196,-1.4239755868911743,0.8170780539512634,1.9896026849746704,-1.0548441410064697,0.5122417211532593,0.5024133920669556,0.1492210030555725,-0.0012979969444274764,0.37586515166080414
1789260189.3522944,1.435889720916748,0.9846888184547424,-0.9356182217597961,-1.42787504196167,0.8234735131263733,1.9883893728256226,-1.0725786685943604,0.5112495422363281,0.502475917339325,0.14949220418930054,-0.001026795810699449,0.34149665741854734
1789260189.3858812,1.4428839683532715,0.9864309430122375,-0.942598283290863,-1.4317431449890137,0.8299329280853271,1.9871386289596558,-1.090250015258789,0.5100178122520447,0.5027633905410767,0.1496863216161728,-0.0008326783838271956,0.31216046066761094
1789260189.4194512,1.4493025541305542,0.9881812334060669,-0.94949871301651,-1.4356733560562134,0.8360257148742676,1.985912799835205,-1.1073890924453735,0.5090721249580383,0.5027078986167908,0.14985935389995575,-0.0006596461000442366,0.29006636730293733
1789260189.4530509,1.4558161497116089,0.9900899529457092,-0.9570114016532898,-1.4400420188903809,0.8426481485366821,1.984621524810791,-1.1253986358642578,0.508296012878418,0.50237637758255,0.15005581080913544,-0.00046318919086454913,0.2639295804557845
1789260189.4866462,1.4622217416763306,0.9917627573013306,-0.9639278054237366,-1.4438979625701904,0.8488849997520447,1.9834181070327759,-1.1424801349639893,0.5073747634887695,0.5023962259292603,0.1503681093454361,-0.00015089065456388995,0.22117343270373202
1789260189.5202382,1.4689818620681763,0.9936029314994812,-0.9709126949310303,-1.4478363990783691,0.8551512360572815,1.982168197631836,-1.1600821018218994,0.5062952041625977,0.5025176405906677,0.15061365067958832,9.465067958833173e-05,0.1866263135942662
1789260189.553887,1.4756290912628174,0.9955835938453674,-0.9779894948005676,-1.4520679712295532,0.8614675998687744,1.9807077646255493,-1.1778485774993896,0.5052687525749207,0.5023989081382751,0.15073703229427338,0.00021803229427339033,0.17358940356200137
1789260189.5875044,1.4820184707641602,0.9975627064704895,-0.9850022196769714,-1.4563685655593872,0.8676431775093079,1.9792383909225464,-1.1952991485595703,0.5043569207191467,0.502125084400177,0.150847926735878,0.0003289267358780046,0.16432452156180907
1789260189.6211505,1.4888309240341187,0.9995297193527222,-0.9917997121810913,-1.4604971408843994,0.8738505244255066,1.9777122735977173,-1.2130002975463867,0.5031353831291199,0.502214252948761,0.15096494555473328,0.00044594555473329023,0.14935344105781187
1789260189.654764,1.495647668838501,1.001853346824646,-0.9983882904052734,-1.464823603630066,0.8799520134925842,1.976064682006836,-1.2306677103042603,0.5018059611320496,0.5021935701370239,0.15076777338981628,0.00024877338981629804,0.17132016174909548
1789260189.6883163,1.5021138191223145,1.0043927431106567,-1.0049508810043335,-1.469313144683838,0.8860487937927246,1.9742177724838257,-1.2482028007507324,0.5006073117256165,0.5018829107284546,0.15041063725948334,-0.00010836274051664874,0.21579998972694253
1789260189.721865,1.508453607559204,1.0069655179977417,-1.0117121934890747,-1.4741131067276,0.8919576406478882,1.972360610961914,-1.265885829925537,0.49957236647605896,0.5012855529785156,0.1500534564256668,-0.00046554357433317706,0.2676107911134112
1789260189.7554324,1.514908790588379,1.0094081163406372,-1.017928123474121,-1.4783680438995361,0.8977116346359253,1.970587968826294,-1.2828561067581177,0.49828267097473145,0.501156747341156,0.1497604250907898,-0.0007585749092101912,0.3032578979737829
1789260189.7890174,1.5218923091888428,1.0119061470031738,-1.024390697479248,-1.4827898740768433,0.9037338495254517,1.9687447547912598,-1.3006707429885864,0.496811181306839,0.5011788010597229,0.14951200783252716,-0.0010069921674728255,0.3339648250912153
1789260189.822646,1.5286543369293213,1.014426350593567,-1.0311378240585327,-1.4874171018600464,0.9099124670028687,1.9668575525283813,-1.3186982870101929,0.4955618679523468,0.5009434223175049,0.14933501183986664,-0.001183988160133348,0.3588197513886266
1789260189.8562448,1.5348289012908936,1.016832947731018,-1.0376811027526855,-1.491971731185913,0.9156774878501892,1.9650870561599731,-1.3357616662979126,0.49457406997680664,0.500479519367218,0.1492028832435608,-0.0013161167564391951,0.3820611713169772
1789260189.889843,1.541525959968567,1.019333839416504,-1.0441076755523682,-1.496432900428772,0.9217367172241211,1.9632192850112915,-1.3533742427825928,0.49324655532836914,0.5003759264945984,0.14902809262275696,-0.0014909073772430281,0.4020254984013364
1789260189.9234643,1.5482561588287354,1.0219146013259888,-1.0504698753356934,-1.5008714199066162,0.9277486205101013,1.9613255262374878,-1.3709816932678223,0.49187931418418884,0.5002993941307068,0.1488243043422699,-0.0016946956577300887,0.42428491427026155
1789260189.9570317,1.5547659397125244,1.024391531944275,-1.05709969997406,-1.5054643154144287,0.9336736798286438,1.9595036506652832,-1.3886491060256958,0.4907621145248413,0.4999927878379822,0.14877866208553314,-0.001740337914466844,0.4347627123954492
1789260189.990685,1.56131911277771,1.0266985893249512,-1.0639163255691528,-1.5100829601287842,0.9397019743919373,1.9576729536056519,-1.406360387802124,0.4897010028362274,0.4997033476829529,0.14892275631427765,-0.0015962436857223372,0.42520627661361654
1789260190.0243015,1.5678880214691162,1.0290316343307495,-1.070177435874939,-1.5142658948898315,0.9455414414405823,1.9558632373809814,-1.4234859943389893,0.48841455578804016,0.4997408390045166,0.14898426830768585,-0.001534731692314134,0.41777848794322114
1789260190.0579028,1.5748809576034546,1.031704306602478,-1.076754093170166,-1.51883864402771,0.9516503810882568,1.9539521932601929,-1.4415066242218018,0.4870246350765228,0.4997059404850006,0.14891882240772247,-0.001600177592277513,0.4228991070506066
1789260190.091518,1.5811200141906738,1.034220814704895,-1.0831234455108643,-1.5233885049819946,0.9574263095855713,1.9521597623825073,-1.458611249923706,0.48597222566604614,0.4993602931499481,0.14889562129974365,-0.0016233787002563338,0.42612564684258253
1789260190.1251433,1.5874342918395996,1.0367939472198486,-1.0898257493972778,-1.528111219406128,0.9634619355201721,1.9503217935562134,-1.4761446714401245,0.4850066304206848,0.4989253282546997,0.14896629750728607,-0.0015527024927139144,0.41730986150760563
1789260190.158751,1.594159722328186,1.0392295122146606,-1.0962404012680054,-1.5324642658233643,0.9694449305534363,1.9484928846359253,-1.4937630891799927,0.48371973633766174,0.4989594519138336,0.14912128448486328,-0.0013977155151367049,0.3951527337522308
1789260190.1923897,1.6011587381362915,1.0416733026504517,-1.102661371231079,-1.536791443824768,0.9754065275192261,1.9466304779052734,-1.5113763809204102,0.48229753971099854,0.4991382360458374,0.14931105077266693,-0.001207949227333055,0.3690354227376269
1789260190.2259707,1.6076772212982178,1.0441734790802002,-1.10932195186615,-1.541386604309082,0.9813784956932068,1.9447572231292725,-1.5291180610656738,0.4812217950820923,0.4989035129547119,0.1495339572429657,-0.000985042757034288,0.343211300880818
1789260190.2595475,1.6139124631881714,1.0465755462646484,-1.1158241033554077,-1.5459725856781006,0.9872527718544006,1.942980170249939,-1.5462263822555542,0.4802505075931549,0.49859386682510376,0.14977997541427612,-0.0007390245857238631,0.3127866623704862
1789260190.293152,1.6207536458969116,1.04911470413208,-1.1224441528320312,-1.55052649974823,0.9933155179023743,1.9410537481307983,-1.564332365989685,0.47899067401885986,0.49856817722320557,0.15004052221775055,-0.0004784777822494368,0.27906453641602885
1789260190.32674,1.6275084018707275,1.0516884326934814,-1.1288659572601318,-1.5549899339675903,0.9993857741355896,1.9391717910766602,-1.5819894075393677,0.4777039885520935,0.498597115278244,0.150259867310524,-0.0002591326894759993,0.24469422950165987
1789260190.3603384,1.6337814331054688,1.054067611694336,-1.1352314949035645,-1.5594427585601807,1.0051738023757935,1.9373811483383179,-1.5989506244659424,0.47666871547698975,0.4984210133552551,0.15058867633342743,6.967633342744306e-05,0.2007689357290851
1789260190.3939242,1.6404186487197876,1.0565087795257568,-1.1419888734817505,-1.5640511512756348,1.0111103057861328,1.935500979423523,-1.6167874336242676,0.4755938947200775,0.49827486276626587,0.15104398131370544,0.0005249813137054582,0.14935344105781187
1789260190.4275024,1.6470859050750732,1.0590189695358276,-1.1482700109481812,-1.5683952569961548,1.017012119293213,1.9336251020431519,-1.634160041809082,0.4743105471134186,0.49836674332618713,0.15135879814624786,0.0008397981462478776,0.10279207254188717
1789260190.461146,1.65396249294281,1.0620949268341064,-1.1541141271591187,-1.5731680393218994,1.0225028991699219,1.9314582347869873,-1.6519001722335815,0.47273531556129456,0.4982749819755554,0.15111210942268372,0.0005931094226837297,0.13122123336572936
1789260190.4948354,1.6602981090545654,1.065322995185852,-1.1596293449401855,-1.5780723094940186,1.0277976989746094,1.929053783416748,-1.66945481300354,0.47127312421798706,0.4978698492050171,0.1506277620792389,0.00010876207923890546,0.1958352792096712
1789260190.5287564,1.6668733358383179,1.0685347318649292,-1.1653276681900024,-1.5831910371780396,1.0331281423568726,1.9266549348831177,-1.6872749328613281,0.46977925300598145,0.4974523186683655,0.15021322667598724,-0.0003057733240127425,0.2533377797477128
1789260190.5623562,1.6736552715301514,1.0713926553726196,-1.170949935913086,-1.5876708030700684,1.0385075807571411,1.9243526458740234,-1.7047154903411865,0.46814578771591187,0.49753502011299133,0.1501288264989853,-0.0003901735010146956,0.2676107911134112
1789260190.595951,1.6806259155273438,1.0744203329086304,-1.176513910293579,-1.592347264289856,1.0439013242721558,1.921923279762268,-1.7224767208099365,0.4663850963115692,0.4975947439670563,0.1499117612838745,-0.0006072387161254744,0.2980513549927252
1789260190.6295683,1.6868034601211548,1.0774738788604736,-1.1820052862167358,-1.5971633195877075,1.0490103960037231,1.9196277856826782,-1.7395596504211426,0.4650427997112274,0.4971972107887268,0.14965856075286865,-0.0008604392471313338,0.33571793833399766
1789260190.6631947,1.6934990882873535,1.0806537866592407,-1.1878252029418945,-1.6023292541503906,1.0544233322143555,1.9171665906906128,-1.7576260566711426,0.4635485112667084,0.4968318045139313,0.14943183958530426,-0.0010871604146957259,0.37325312220015094
1789260190.696784,1.7001911401748657,1.0837606191635132,-1.1934776306152344,-1.6069716215133667,1.0597195625305176,1.9148117303848267,-1.7752985954284668,0.4619988799095154,0.49675583839416504,0.14933259785175323,-0.0011864021482467513,0.3896676766123833
1789260190.7305808,1.7067946195602417,1.0866767168045044,-1.1988738775253296,-1.611485481262207,1.0649592876434326,1.9125159978866577,-1.792267084121704,0.46040189266204834,0.4967864751815796,0.14926466345787048,-0.0012543365421295027,0.39712851762917784
1789260190.7648714,1.7136117219924927,1.0899862051010132,-1.2046797275543213,-1.6165963411331177,1.0704184770584106,1.9100728034973145,-1.8105800151824951,0.4588617980480194,0.49651479721069336,0.14909157156944275,-0.0014274284305572371,0.42150874377770203
1789260190.7984781,1.72019624710083,1.093153715133667,-1.2102375030517578,-1.6215322017669678,1.0757229328155518,1.9076861143112183,-1.8281018733978271,0.4573529064655304,0.49627894163131714,0.14894481003284454,-0.0015741899671554427,0.44057473683036125
1789260190.8320897,1.7269775867462158,1.0962392091751099,-1.2158128023147583,-1.6262457370758057,1.081114411354065,1.905291199684143,-1.8458231687545776,0.4557397961616516,0.4962727427482605,0.14892491698265076,-0.0015940830173492293,0.44278981828488884
1789260190.8656943,1.733427882194519,1.0991464853286743,-1.221308946609497,-1.630810260772705,1.0862857103347778,1.9030290842056274,-1.862784743309021,0.45428895950317383,0.49621355533599854,0.14901934564113617,-0.0014996543588638167,0.4320538712014663
1789260190.899335,1.7398184537887573,1.1022653579711914,-1.227082371711731,-1.6358683109283447,1.0915560722351074,1.9005995988845825,-1.880624532699585,0.4529722034931183,0.49581843614578247,0.14905698597431183,-0.0014620140256881575,0.43566191667554527
1789260190.9329274,1.746747612953186,1.1053919792175293,-1.232800841331482,-1.6408077478408813,1.0970466136932373,1.8981633186340332,-1.8986704349517822,0.45135441422462463,0.49577778577804565,0.14912480115890503,-0.0013941988410949568,0.42612564684258253
1789260190.9665978,1.7536388635635376,1.1084460020065308,-1.2383750677108765,-1.6454004049301147,1.1023956537246704,1.8958030939102173,-1.9163552522659302,0.44970470666885376,0.4959142208099365,0.14927111566066742,-0.0012478843393325667,0.404935262540025
1789260191.0002453,1.7601784467697144,1.1114612817764282,-1.243791937828064,-1.6499552726745605,1.107502818107605,1.893541693687439,-1.9333775043487549,0.4482000172138214,0.4959183931350708,0.14940448105335236,-0.0011145189466476302,0.3866430319548
1789260191.0338354,1.7665289640426636,1.1146122217178345,-1.249611496925354,-1.65509033203125,1.112852931022644,1.8911868333816528,-1.9511539936065674,0.44695407152175903,0.4955117106437683,0.14956721663475037,-0.0009517833652496199,0.36797344444081465
1789260191.0673938,1.7730149030685425,1.1178698539733887,-1.2550263404846191,-1.6599851846694946,1.1181749105453491,1.8887817859649658,-1.9685808420181274,0.44547218084335327,0.4953313171863556,0.1495743989944458,-0.0009446010055541854,0.359908740021321
1789260191.1010325,1.7798978090286255,1.1209592819213867,-1.2605777978897095,-1.6646625995635986,1.1236016750335693,1.8864293098449707,-1.9862323999404907,0.4438358545303345,0.495469868183136,0.14979684352874756,-0.0007221564712524275,0.3238513094526778
1789260191.1347277,1.7867865562438965,1.1239172220230103,-1.2662194967269897,-1.669297218322754,1.1288570165634155,1.884071707725525,-2.003919839859009,0.4422318935394287,0.49562105536460876,0.15015238523483276,-0.00036661476516722247,0.27836248477296915
1789260191.1683636,1.793095350265503,1.1269428730010986,-1.2720204591751099,-1.674259901046753,1.1341298818588257,1.8817235231399536,-2.0214154720306396,0.44100138545036316,0.4953346252441406,0.1505177915096283,-1.2084903716902407e-06,0.23573396487594475
1789260191.2019331,1.7997623682022095,1.1299816370010376,-1.2776317596435547,-1.679158329963684,1.1394163370132446,1.8793283700942993,-2.039153575897217,0.4395110011100769,0.4952746033668518,0.15082547068595886,0.00030647068595887617,0.19382665722055112
1789260191.235592,1.8062492609024048,1.1330807209014893,-1.282932162284851,-1.6837141513824463,1.1446326971054077,1.8770129680633545,-2.056121349334717,0.43799591064453125,0.49533870816230774,0.15106670558452606,0.0005477055845260759,0.15195108845669586
1789260191.2692177,1.8130114078521729,1.1362911462783813,-1.2882537841796875,-1.6885731220245361,1.1496150493621826,1.8745081424713135,-2.0739543437957764,0.4363516569137573,0.4953133165836334,0.15122362971305847,0.0007046297130584855,0.13847642022149
1789260191.302803,1.819655418395996,1.1397656202316284,-1.2930570840835571,-1.6935176849365234,1.1544092893600464,1.8718212842941284,-2.092017412185669,0.43456754088401794,0.49518871307373047,0.1510215401649475,0.0005025401649475236,0.16192549306284887
1789260191.3364744,1.826241135597229,1.1431691646575928,-1.2973822355270386,-1.6982269287109375,1.1588835716247559,1.8692030906677246,-2.1090872287750244,0.43265029788017273,0.4951859414577484,0.15069283545017242,0.00017383545017243818,0.2027087792782551
1789260191.3700776,1.8330187797546387,1.1466058492660522,-1.3018200397491455,-1.7029091119766235,1.1635661125183105,1.8665379285812378,-2.126648426055908,0.43066543340682983,0.4952937364578247,0.1504354625940323,-8.353740596769854e-05,0.22899730459219447
1789260191.4036734,1.839708924293518,1.1500568389892578,-1.3062448501586914,-1.7077580690383911,1.168043613433838,1.8638666868209839,-2.1441760063171387,0.428744912147522,0.49525028467178345,0.15015915036201477,-0.00035984963798521563,0.2654081917510314
1789260191.4372363,1.8459759950637817,1.1534942388534546,-1.310890555381775,-1.7128386497497559,1.1725564002990723,1.8611875772476196,-2.161885976791382,0.4271327555179596,0.49489739537239075,0.14997833967208862,-0.0005406603279113631,0.2940859630902249
1789260191.470867,1.8527894020080566,1.1567696332931519,-1.3154264688491821,-1.7175973653793335,1.1771347522735596,1.8584929704666138,-2.1795296669006348,0.42517656087875366,0.4949917495250702,0.1498907506465912,-0.0006282493534087996,0.3051874526224817
1789260191.5044055,1.8595359325408936,1.160050392150879,-1.3197747468948364,-1.7220261096954346,1.1816366910934448,1.8558884859085083,-2.196720600128174,0.42318618297576904,0.49523496627807617,0.1498049944639206,-0.0007140055360793929,0.3127866623704862
1789260191.5380452,1.8664069175720215,1.163621187210083,-1.3244190216064453,-1.726923942565918,1.1862809658050537,1.8531968593597412,-2.214712619781494,0.421272337436676,0.4952409267425537,0.14969180524349213,-0.0008271947565078597,0.3256588705358646
1789260191.5716987,1.8706563711166382,1.166080117225647,-1.3273487091064453,-1.730552315711975,1.1893951892852783,1.8512579202651978,-2.227185010910034,0.42010703682899475,0.4949336647987366,0.14943882822990417,-0.0010801717700958113,0.35608270981587586
1789260192.3117158,1.871446132659912,1.1666542291641235,-1.3279683589935303,-1.7311115264892578,1.1903477907180786,1.8507871627807617,-2.230478048324585,0.419875830411911,0.49496224522590637,0.1494024246931076,-0.0011165753068923812,0.3516591364137872
1789260192.3776984,1.871457815170288,1.1666542291641235,-1.3279614448547363,-1.7311131954193115,1.1903423070907593,1.8507870435714722,-2.2304775714874268,0.41986793279647827,0.49496614933013916,0.14939862489700317,-0.0011203751029968123,0.35221512133480676
1789260192.4176598,1.8714427947998047,1.1666524410247803,-1.3279719352722168,-1.7311128377914429,1.1903432607650757,1.850785255432129,-2.230480670928955,0.4198785722255707,0.4949592053890228,0.14940445125102997,-0.0011145487489700179,0.35221512133480676
1789260192.457608,1.8714420795440674,1.166655421257019,-1.3279680013656616,-1.7311155796051025,1.1903437376022339,1.8507851362228394,-2.230482578277588,0.41987788677215576,0.4949576258659363,0.14940087497234344,-0.0011181250276565413,0.3516591364137872
1789260192.4966717,1.8714532852172852,1.166650414466858,-1.327966332435608,-1.7311135530471802,1.1903445720672607,1.850782871246338,-2.230477809906006,0.4198708236217499,0.4949643909931183,0.1494019776582718,-0.0011170223417281966,0.3516591364137872
1789260192.5357313,1.871451735496521,1.1666502952575684,-1.3279683589935303,-1.7311111688613892,1.1903445720672607,1.8507859706878662,-2.230475664138794,0.4198727309703827,0.4949648678302765,0.14940376579761505,-0.0011152342023849349,0.3516591364137872
1789260192.5756428,1.8714462518692017,1.1666525602340698,-1.3279683589935303,-1.7311153411865234,1.1903456449508667,1.8507853746414185,-2.230478286743164,0.41987574100494385,0.4949602484703064,0.14940212666988373,-0.0011168733301162581,0.3516591364137872
1789260192.614638,1.871448278427124,1.166650414466858,-1.3279683589935303,-1.7311079502105713,1.1903477907180786,1.8507871627807617,-2.2304770946502686,0.41987428069114685,0.4949655532836914,0.14940443634986877,-0.0011145636501312117,0.3516591364137872
1789260192.6566246,1.8714556694030762,1.1666523218154907,-1.327966570854187,-1.7311108112335205,1.190342903137207,1.850785493850708,-2.2304799556732178,0.41987019777297974,0.49496620893478394,0.1494021862745285,-0.0011168137254714827,0.35221512133480676
1789260192.6955996,1.871448278427124,1.1666538715362549,-1.3279701471328735,-1.731111764907837,1.1903437376022339,1.8507839441299438,-2.230477809906006,0.41987496614456177,0.49496200680732727,0.14940311014652252,-0.0011158898534774642,0.3516591364137872
1789260192.734702,1.8714462518692017,1.1666524410247803,-1.3279731273651123,-1.7311134338378906,1.190342903137207,1.8507822751998901,-2.2304773330688477,0.4198767840862274,0.4949600100517273,0.14940467476844788,-0.0011143252315521102,0.35221512133480676
1789260192.773649,1.871448040008545,1.1666470766067505,-1.3279701471328735,-1.7311069965362549,1.1903427839279175,1.8507813215255737,-2.2304797172546387,0.41987377405166626,0.494965136051178,0.14940617978572845,-0.0011128202142715315,0.3516591364137872
1789260192.8136704,1.8714534044265747,1.1666494607925415,-1.3279681205749512,-1.7311155796051025,1.1903437376022339,1.8507821559906006,-2.2304775714874268,0.41987133026123047,0.49496322870254517,0.14940275251865387,-0.0011162474813461165,0.35221512133480676
1789260192.8556063,1.8714462518692017,1.16665518283844,-1.327966570854187,-1.7311153411865234,1.1903456449508667,1.8507821559906006,-2.2304775714874268,0.4198746085166931,0.49495986104011536,0.1494000107049942,-0.0011189892950057845,0.3516591364137872
1789260192.8892267,1.8714451789855957,1.1666533946990967,-1.3279615640640259,-1.7311159372329712,1.1903389692306519,1.850782871246338,-2.2304763793945312,0.4198737144470215,0.49495887756347656,0.1493980884552002,-0.0011209115447997908,0.35221512133480676
1789260192.9228017,1.871424913406372,1.1667068004608154,-1.327952265739441,-1.7311081886291504,1.1903218030929565,1.850788950920105,-2.2304766178131104,0.41988465189933777,0.49494320154190063,0.14937682449817657,-0.0011421755018234114,0.3549819843055889
1789260192.9563975,1.8714020252227783,1.166752576828003,-1.3279222249984741,-1.7311139106750488,1.190317153930664,1.8507896661758423,-2.2304768562316895,0.41988861560821533,0.49492549896240234,0.14934471249580383,-0.0011742875041961531,0.3577274477315911
1789260192.9900434,1.8713932037353516,1.1667616367340088,-1.3279157876968384,-1.7311136722564697,1.1903117895126343,1.8507897853851318,-2.230475902557373,0.4198913872241974,0.49492010474205017,0.14933836460113525,-0.0011806353988647322,0.3582740158310247
1789260193.0235858,1.871384859085083,1.166761040687561,-1.327919602394104,-1.7311177253723145,1.1903115510940552,1.8507927656173706,-2.230482339859009,0.41989779472351074,0.4949144423007965,0.14933998882770538,-0.0011790111722946028,0.3577274477315911
1789260193.0572174,1.8713788986206055,1.1667691469192505,-1.3279155492782593,-1.731116533279419,1.1903128623962402,1.850794792175293,-2.2304775714874268,0.4199000895023346,0.49491187930107117,0.14933551847934723,-0.0011834815206527571,0.3582740158310247
1789260193.0908267,1.8713819980621338,1.1667708158493042,-1.327918529510498,-1.7311198711395264,1.1903103590011597,1.8507920503616333,-2.230476140975952,0.41989946365356445,0.494910329580307,0.1493355631828308,-0.0011834368171691756,0.3582740158310247
1789260193.1244566,1.87138032913208,1.166767954826355,-1.3279163837432861,-1.731116533279419,1.1903088092803955,1.850796103477478,-2.230478048324585,0.41990000009536743,0.49491193890571594,0.14933647215366364,-0.0011825278463363509,0.3582740158310247
1789260193.158027,1.8713682889938354,1.1667698621749878,-1.3279143571853638,-1.7311122417449951,1.1903128623962402,1.850794792175293,-2.2304799556732178,0.41990455985069275,0.49490952491760254,0.14933547377586365,-0.0011835262241363387,0.3577274477315911
1789260193.1917074,1.8711003065109253,1.166691780090332,-1.3276870250701904,-1.73096764087677,1.1900917291641235,1.8511627912521362,-2.230177402496338,0.4200250804424286,0.4948877990245819,0.1493079513311386,-0.0012110486688613753,0.35332446655648236
1789260193.2252448,1.8661472797393799,1.1639970541000366,-1.3238619565963745,-1.728539228439331,1.1866425275802612,1.8549730777740479,-2.2230498790740967,0.4216983914375305,0.4945022165775299,0.14912407100200653,-0.0013949289979934554,0.31589905197193274
1789260193.258883,1.8589731454849243,1.1605533361434937,-1.319514274597168,-1.7267557382583618,1.1829543113708496,1.8590911626815796,-2.2144737243652344,0.42436254024505615,0.49303704500198364,0.14885671436786652,-0.00166228563213347,0.2846186153678242
1789260193.2924798,1.8523441553115845,1.1568615436553955,-1.315118670463562,-1.7249939441680908,1.179376244544983,1.862978458404541,-2.206143379211426,0.4266698658466339,0.49184995889663696,0.14864327013492584,-0.0018757298650741439,0.24787221470538592
1789260193.326152,1.843798279762268,1.151747703552246,-1.3088253736495972,-1.7225226163864136,1.1738818883895874,1.8670845031738281,-2.194582223892212,0.4292271137237549,0.49036848545074463,0.14816606044769287,-0.002352939552307115,0.26979540926805484
1789260193.3597689,1.830065369606018,1.143621563911438,-1.2996811866760254,-1.717995285987854,1.164306879043579,1.8732737302780151,-2.176975965499878,0.4335807263851166,0.4879879057407379,0.1479887217283249,-0.002530278271675096,0.30001439728971957
1789260193.3933592,1.816339135169983,1.1362630128860474,-1.2906445264816284,-1.7148313522338867,1.154454231262207,1.8794387578964233,-2.159416913986206,0.4380732774734497,0.48476335406303406,0.14738056063652039,-0.0031384393634796004,0.3881583003657882
1789260193.426953,1.8022688627243042,1.1282281875610352,-1.2816497087478638,-1.710589051246643,1.1448484659194946,1.8857756853103638,-2.141742467880249,0.4426513910293579,0.4820924997329712,0.14734569191932678,-0.003173308080673204,0.3931670212438742
1789260193.4605591,1.7893792390823364,1.1207430362701416,-1.2727080583572388,-1.7067418098449707,1.1352115869522095,1.8916795253753662,-2.124744415283203,0.4466167688369751,0.4796350598335266,0.1470872014760971,-0.003431798523902879,0.43790184934227433
1789260193.4943094,1.7752504348754883,1.1130645275115967,-1.2634867429733276,-1.7027757167816162,1.125555157661438,1.8979588747024536,-2.106921672821045,0.4511159062385559,0.4767933487892151,0.14689475297927856,-0.0036242470207214217,0.45714025132323916
1789260193.5278728,1.7615348100662231,1.1049509048461914,-1.2540050745010376,-1.6986185312271118,1.115584373474121,1.9042929410934448,-2.0888595581054688,0.45529988408088684,0.47432148456573486,0.14686495065689087,-0.003654049343109117,0.46140076009492326
1789260193.5614147,1.7481675148010254,1.097372055053711,-1.2452539205551147,-1.694717288017273,1.1062034368515015,1.910293459892273,-2.071737289428711,0.45951592922210693,0.47175928950309753,0.14697346091270447,-0.0035455390872955184,0.4480613380270093
1789260193.5951025,1.734737515449524,1.0896270275115967,-1.2359601259231567,-1.6905990839004517,1.0964070558547974,1.9164743423461914,-2.0540804862976074,0.4635830819606781,0.46935778856277466,0.1470278799533844,-0.0034911200466155867,0.43790184934227433
1789260193.6286905,1.7206240892410278,1.0819295644760132,-1.2269206047058105,-1.6868246793746948,1.0867676734924316,1.9227120876312256,-2.0364134311676025,0.46806856989860535,0.4664590358734131,0.14718717336654663,-0.0033318266334533553,0.4116447344476216
1789260193.6622968,1.7077447175979614,1.074453592300415,-1.2182420492172241,-1.6830613613128662,1.0776474475860596,1.9285818338394165,-2.0196523666381836,0.47201499342918396,0.46410131454467773,0.1474682241678238,-0.0030507758321761946,0.3685048161428836
1789260193.695858,1.6942729949951172,1.0669363737106323,-1.2095361948013306,-1.6793681383132935,1.068405032157898,1.934437870979309,-2.002737045288086,0.4762166738510132,0.46143361926078796,0.14780738949775696,-0.002711610502243028,0.3238513094526778
1789260193.7294436,1.6817890405654907,1.0598032474517822,-1.2008321285247803,-1.6755722761154175,1.059364914894104,1.940122365951538,-1.986330270767212,0.47992008924484253,0.4592522382736206,0.14807575941085815,-0.002443240589141832,0.28046336769824726
1789260193.7630801,1.6686971187591553,1.052398443222046,-1.1922003030776978,-1.6716140508651733,1.0499598979949951,1.9461441040039062,-1.969565987586975,0.48400065302848816,0.45685938000679016,0.14862950146198273,-0.001889498538017259,0.2027087792782551
1789260193.796708,1.6616681814193726,1.04744553565979,-1.1870369911193848,-1.6705204248428345,1.0439790487289429,1.9502105712890625,-1.958590030670166,0.4861651062965393,0.45526793599128723,0.14892947673797607,-0.001589523262023912,0.1655109964311004
1789260193.830297,1.6574244499206543,1.0430470705032349,-1.1815240383148193,-1.6697983741760254,1.0382702350616455,1.9535740613937378,-1.9484127759933472,0.486774742603302,0.45485708117485046,0.14870980381965637,-0.001809196180343614,0.19483355668961086
1789260193.863889,1.6526850461959839,1.0385264158248901,-1.175901174545288,-1.66898512840271,1.0323169231414795,1.9573549032211304,-1.9377785921096802,0.48765620589256287,0.45429372787475586,0.14857208728790283,-0.001946912712097154,0.20653381460469245
1789260193.897472,1.6478999853134155,1.0339401960372925,-1.1706767082214355,-1.6685185432434082,1.026435375213623,1.9610517024993896,-1.9273537397384644,0.4886849820613861,0.4534854292869568,0.14856544137001038,-0.00195355862998961,0.21028928664640814
1789260193.9310672,1.642719030380249,1.026573896408081,-1.1626967191696167,-1.6684949398040771,1.01760995388031,1.9660704135894775,-1.9112123250961304,0.48913440108299255,0.4530581533908844,0.14850786328315735,-0.0020111367168426375,0.24787221470538592
1789260193.9646797,1.6379328966140747,1.0187236070632935,-1.1544233560562134,-1.6688313484191895,1.008203148841858,1.971810221672058,-1.8941617012023926,0.4894348084926605,0.4527963399887085,0.14853426814079285,-0.0019847318592071395,0.26687861114866307
1789260193.9982884,1.6328376531600952,1.0108236074447632,-1.1453149318695068,-1.6694726943969727,0.9980769157409668,1.9777717590332031,-1.8760690689086914,0.48959505558013916,0.4524015188217163,0.14819902181625366,-0.002319978183746324,0.32805345982048595
1789260194.031834,1.6278380155563354,1.0032891035079956,-1.1363697052001953,-1.670222282409668,0.9882639050483704,1.983659267425537,-1.858341097831726,0.4897368252277374,0.4519939124584198,0.14779448509216309,-0.0027245149078369,0.3891652016442876
1789260194.065414,1.6229990720748901,0.995441198348999,-1.1280720233917236,-1.6707463264465332,0.978614330291748,1.9893296957015991,-1.8413326740264893,0.4900032877922058,0.45173144340515137,0.14789307117462158,-0.002625928825378404,0.40590054866317626
1789260194.0990307,1.6181265115737915,0.9874882698059082,-1.1191396713256836,-1.6711583137512207,0.9688099026679993,1.9952614307403564,-1.8234500885009766,0.49008074402809143,0.4517274796962738,0.14786621928215027,-0.0026527807178497176,0.42104426910032394
1789260194.1326666,1.6133630275726318,0.9799783825874329,-1.1102396249771118,-1.671751856803894,0.9590388536453247,2.0010979175567627,-1.806077003479004,0.49008721113204956,0.45165345072746277,0.14765581488609314,-0.0028631851139068465,0.45542488819021215
1789260194.1663163,1.6084012985229492,0.971880316734314,-1.101455569267273,-1.6723195314407349,0.949238657951355,2.0070722103118896,-1.7883071899414062,0.4902442991733551,0.45162615180015564,0.14781783521175385,-0.002701164788246141,0.4489339067758656
1789260194.1998773,1.6034327745437622,0.9640182256698608,-1.0927907228469849,-1.6728886365890503,0.9392135143280029,2.012901544570923,-1.7707672119140625,0.4904227554798126,0.4515286684036255,0.14796657860279083,-0.0025524213972091536,0.4532715557058549
1789260194.2334678,1.5983514785766602,0.9564568400382996,-1.0840184688568115,-1.6736838817596436,0.929535984992981,2.0187485218048096,-1.7531157732009888,0.49058157205581665,0.45134586095809937,0.14792582392692566,-0.002593176073074327,0.46393828577858687
1789260194.2670853,1.5933372974395752,0.948470413684845,-1.0752094984054565,-1.6742342710494995,0.919714093208313,2.0246217250823975,-1.7354892492294312,0.4907042682170868,0.451429545879364,0.1481817066669464,-0.002337293333053575,0.44499387390701634
1789260194.3006582,1.5886831283569336,0.9407626390457153,-1.0667530298233032,-1.6746551990509033,0.9102189540863037,2.0303053855895996,-1.7184245586395264,0.4907592535018921,0.4516849219799042,0.1485326886177063,-0.0019863113822936873,0.4130683001293441
1789260194.3342783,1.583869218826294,0.9330018758773804,-1.0577009916305542,-1.6752164363861084,0.900162935256958,2.0362586975097656,-1.7006181478500366,0.49069949984550476,0.4519576132297516,0.1487022191286087,-0.0018167808713912825,0.3976209296106134
1789260194.367882,1.5789793729782104,0.9251598715782166,-1.0487725734710693,-1.6758290529251099,0.8904244303703308,2.042144536972046,-1.6828997135162354,0.49068892002105713,0.4522406756877899,0.1489913910627365,-0.001527608937263475,0.3653049922954136
1789260194.4014707,1.5743743181228638,0.9180020689964294,-1.0412352085113525,-1.6764076948165894,0.881739616394043,2.047346830368042,-1.6672568321228027,0.49095064401626587,0.45230066776275635,0.1495225727558136,-0.0009964272441863875,0.31216046066761094
1789260194.4351385,1.5698210000991821,0.91092449426651,-1.0331498384475708,-1.676974892616272,0.8727840185165405,2.0526018142700195,-1.6512157917022705,0.4909748435020447,0.4525418281555176,0.14985543489456177,-0.0006635651054382186,0.2776586580329258
1789260194.4687688,1.5653647184371948,0.9036548137664795,-1.0249019861221313,-1.6774797439575195,0.8636863231658936,2.0579159259796143,-1.6349215507507324,0.49090221524238586,0.45296674966812134,0.15028464794158936,-0.00023435205841063067,0.2323900466696225
1789260194.502386,1.5612691640853882,0.8972228169441223,-1.0175347328186035,-1.677889347076416,0.8553677797317505,2.0630528926849365,-1.6205838918685913,0.4909743666648865,0.4533267915248871,0.15072888135910034,0.00020988135910035566,0.17132016174909548
1789260194.5359805,1.5583537817001343,0.893940806388855,-1.013283133506775,-1.6775243282318115,0.8508660197257996,2.065434694290161,-1.6149497032165527,0.49117377400398254,0.45348331332206726,0.1509467363357544,0.0004277363357544084,0.1480375253231069
1789260194.5695677,1.5553762912750244,0.8913041949272156,-1.008975625038147,-1.6772708892822266,0.8465439081192017,2.067356586456299,-1.6118342876434326,0.49126824736595154,0.45346590876579285,0.1507837176322937,0.00026471763229371503,0.17358940356200137
1789260194.6031818,1.5521130561828613,0.8884882926940918,-1.0046123266220093,-1.6770607233047485,0.8419615626335144,2.0695395469665527,-1.608586072921753,0.49152809381484985,0.4533267617225647,0.15070337057113647,0.00018437057113648847,0.1855748884546529
1789260194.6367905,1.5489418506622314,0.8856669068336487,-1.0001301765441895,-1.6766552925109863,0.8374671339988708,2.071674346923828,-1.6053847074508667,0.4916953146457672,0.45337873697280884,0.1506524533033371,0.00013345330333711103,0.19382665722055112
1789260194.670358,1.5425840616226196,0.8816325664520264,-0.9919075965881348,-1.6749694347381592,0.8295083045959473,2.074897527694702,-1.6054894924163818,0.4921573996543884,0.45345038175582886,0.15030626952648163,-0.00021273047351835772,0.23406797725889517
1789260194.7039247,1.53287935256958,0.8757641315460205,-0.9788589477539062,-1.672107219696045,0.8176324963569641,2.079246759414673,-1.6068141460418701,0.49254414439201355,0.4538511037826538,0.14958620071411133,-0.000932799285888658,0.32203360287353744
1789260194.7375014,1.5232666730880737,0.8699001669883728,-0.9660930633544922,-1.6696873903274536,0.80621737241745,2.0834555625915527,-1.6081348657608032,0.49293220043182373,0.45412078499794006,0.14891032874584198,-0.0016086712541580062,0.40541819288584663
1789260194.771124,1.513181447982788,0.8641645908355713,-0.9533444046974182,-1.6673270463943481,0.7944290041923523,2.0877223014831543,-1.6095010042190552,0.4935649037361145,0.45411479473114014,0.1482623666524887,-0.0022566333475112776,0.4885892593545095
1789260194.8047137,1.5031949281692505,0.858031153678894,-0.9397029280662537,-1.6647255420684814,0.7818970084190369,2.0921289920806885,-1.610915184020996,0.4938502311706543,0.4546051621437073,0.1476861983537674,-0.002832801646232591,0.5647526074797767
1789260194.8383315,1.491929531097412,0.851450502872467,-0.9249029159545898,-1.6615173816680908,0.7686518430709839,2.0970895290374756,-1.612611174583435,0.4944155514240265,0.45521441102027893,0.14729765057563782,-0.0032213494243621688,0.600682710406109
1789260194.8719454,1.4807145595550537,0.8445159196853638,-0.9101922512054443,-1.658516526222229,0.7550730109214783,2.1019985675811768,-1.61430823802948,0.4949972629547119,0.4558192491531372,0.14717431366443634,-0.003344686335563646,0.6189721945019225
1789260194.9056325,1.4699739217758179,0.8379382491111755,-0.8960168361663818,-1.655436635017395,0.741874098777771,2.1068239212036133,-1.6159542798995972,0.49557867646217346,0.4565591812133789,0.14720506966114044,-0.0033139303388595442,0.612617014638344
1789260194.9392679,1.4583463668823242,0.8312829732894897,-0.8813160061836243,-1.6526858806610107,0.7285045385360718,2.111746072769165,-1.6176620721817017,0.4963405728340149,0.4569642245769501,0.14712417125701904,-0.003394828742980943,0.6148487993810771
1789260194.972916,1.4470387697219849,0.824611246585846,-0.8660135865211487,-1.6496071815490723,0.7146416902542114,2.116856336593628,-1.619371771812439,0.49679329991340637,0.4579075872898102,0.1471235305070877,-0.0033954694929122786,0.5980710103126731
1789260195.0065534,1.4360630512237549,0.8180820345878601,-0.8519439101219177,-1.646729826927185,0.7014983296394348,2.121666193008423,-1.620978832244873,0.4975419342517853,0.4586029052734375,0.14748093485832214,-0.0030380651416778426,0.547869367485167
1789260195.0401776,1.425087571144104,0.8111139535903931,-0.837287962436676,-1.6435065269470215,0.6881840229034424,2.126601457595825,-1.6226755380630493,0.49812477827072144,0.4597877860069275,0.14814968407154083,-0.0023693159284591536,0.4579955236952981
1789260195.073778,1.4136663675308228,0.8044871687889099,-0.8225173950195312,-1.6405450105667114,0.6746594309806824,2.131535530090332,-1.624342441558838,0.4988505244255066,0.4606543481349945,0.14864687621593475,-0.0018721237840652327,0.38512180183095585
1789260195.1073546,1.403795838356018,0.7985710501670837,-0.8093226552009583,-1.638137936592102,0.662756085395813,2.1354916095733643,-1.625657320022583,0.4992358684539795,0.4615326523780823,0.14907753467559814,-0.0014414653244018416,0.3397733613362828
1789260195.1409488,1.3976727724075317,0.794965386390686,-0.8004336953163147,-1.6364399194717407,0.6550860404968262,2.1384146213531494,-1.626507043838501,0.4992900788784027,0.4624403119087219,0.14927315711975098,-0.0012458428802490096,0.29739412811819066
1789260195.174525,1.3913668394088745,0.7910987138748169,-0.7924299240112305,-1.6347541809082031,0.6477203369140625,2.141159772872925,-1.627321720123291,0.49979260563850403,0.4630114734172821,0.14989511668682098,-0.0006238833131790023,0.22381178101882981
1789260195.208077,1.3846030235290527,0.7870337963104248,-0.7841742634773254,-1.633095383644104,0.6397951245307922,2.1440300941467285,-1.6281851530075073,0.5004547834396362,0.4634321928024292,0.1505965292453766,7.752924537660077e-05,0.1480375253231069
1789260195.241733,1.3796567916870117,0.7840707898139954,-0.7776182293891907,-1.6315752267837524,0.6336153745651245,2.146332263946533,-1.6276830434799194,0.5008028745651245,0.4640440344810486,0.15111811459064484,0.0005991145906448503,0.09065408419654447
1789260195.275376,1.3758885860443115,0.7810329794883728,-0.7704293727874756,-1.6318070888519287,0.6264307498931885,2.148540735244751,-1.618774175643921,0.5001406669616699,0.46465829014778137,0.15086185932159424,0.00034285932159425214,0.09891171693842998
1789260195.3089764,1.3718782663345337,0.7781328558921814,-0.7617621421813965,-1.6318451166152954,0.6187970638275146,2.150800943374634,-1.6083683967590332,0.4989650249481201,0.4657391309738159,0.15022143721580505,-0.00029756278419493243,0.16785878907325083
1789260195.34256,1.3678839206695557,0.7750742435455322,-0.753313422203064,-1.6318504810333252,0.6113763451576233,2.153024196624756,-1.5981332063674927,0.4978698194026947,0.466828852891922,0.14977459609508514,-0.0007444039049148421,0.22117343270373202
1789260195.3761423,1.3636692762374878,0.7718109488487244,-0.7437558174133301,-1.6319574117660522,0.6035088300704956,2.155229091644287,-1.5874892473220825,0.4963775873184204,0.4681941270828247,0.14913620054721832,-0.0013827994527816634,0.3032578979737829
1789260195.4097886,1.3575258255004883,0.7671613097190857,-0.731689989566803,-1.6320204734802246,0.5921398997306824,2.159193277359009,-1.5729283094406128,0.4952029585838318,0.4696044623851776,0.14882202446460724,-0.0016969755353927474,0.31959391287887345
1789260195.4434369,1.354429841041565,0.7648743987083435,-0.726438581943512,-1.631995677947998,0.5857766270637512,2.162919044494629,-1.5645610094070435,0.4953632056713104,0.4701053500175476,0.14905183017253876,-0.0014671698274612288,0.23903110827999308
1789260195.4770076,1.352894902229309,0.7639588713645935,-0.7245680689811707,-1.6320700645446777,0.5844271183013916,2.163849115371704,-1.5627626180648804,0.4954926371574402,0.4701266884803772,0.1491277664899826,-0.0013912335100173812,0.20653381460469245
1789260195.510719,1.351868748664856,0.7634612321853638,-0.7239120602607727,-1.6320178508758545,0.5840433835983276,2.1642909049987793,-1.5621790885925293,0.49580204486846924,0.469976544380188,0.14929504692554474,-0.0012239530744552474,0.17693870661400976
1789260195.544341,1.3514127731323242,0.7632067203521729,-0.7238885760307312,-1.6320488452911377,0.5840331315994263,2.1642978191375732,-1.562180995941162,0.49601343274116516,0.46979188919067383,0.14942170679569244,-0.0010972932043075423,0.1631294174610896
1789260195.5779505,1.3512083292007446,0.7631688714027405,-0.7238921523094177,-1.6320548057556152,0.5840322375297546,2.1643030643463135,-1.562169075012207,0.4961129128932953,0.46969377994537354,0.14944222569465637,-0.001076774305343614,0.15949038294479406
1789260195.611507,1.3512827157974243,0.763179361820221,-0.7237690091133118,-1.6320492029190063,0.5840324759483337,2.1642985343933105,-1.5621631145477295,0.4960203170776367,0.46977826952934265,0.1494055688381195,-0.0011134311618804793,0.1631294174610896
1789260195.645109,1.35133695602417,0.763168454170227,-0.723699688911438,-1.6320492029190063,0.5840297937393188,2.164302110671997,-1.5621687173843384,0.4959639608860016,0.4698339104652405,0.1493937373161316,-0.0011252626838683943,0.16192549306284887
1789260196.496693,1.351333498954773,0.7631815671920776,-0.7237264513969421,-1.6320308446884155,0.5840199589729309,2.164302349090576,-1.5621849298477173,0.4959804117679596,0.46982595324516296,0.14940045773983002,-0.001118542260169969,0.16192549306284887
1789260196.5366344,1.351332187652588,0.7631791234016418,-0.7237245440483093,-1.6320279836654663,0.5840222835540771,2.1643013954162598,-1.5621888637542725,0.49598029255867004,0.4698277711868286,0.14940239489078522,-0.0011166051092147689,0.16432452156180907
1789260196.5815563,1.3513342142105103,0.7631792426109314,-0.7237255573272705,-1.6320271492004395,0.584022581577301,2.164302349090576,-1.562180995941162,0.49598008394241333,0.46982884407043457,0.14940299093723297,-0.001116009062767015,0.1631294174610896
1789260196.6216135,1.3513295650482178,0.7631778120994568,-0.7237216234207153,-1.6320306062698364,0.5840212106704712,2.164302349090576,-1.5621825456619263,0.4959801733493805,0.46982669830322266,0.14940139651298523,-0.0011176034870147566,0.1631294174610896
1789260196.6607172,1.3513295650482178,0.7631750702857971,-0.7237223982810974,-1.6320267915725708,0.5840204954147339,2.1643009185791016,-1.5621833801269531,0.4959808886051178,0.4698282480239868,0.14940448105335236,-0.0011145189466476302,0.16071255014426922
1789260196.7056115,1.3513314723968506,0.7631826400756836,-0.7237226366996765,-1.6320323944091797,0.5840216279029846,2.1643025875091553,-1.5621888637542725,0.49597930908203125,0.46982574462890625,0.14939825236797333,-0.0011207476320266585,0.16192549306284887
1789260196.7445793,1.3513308763504028,0.763177752494812,-0.723724365234375,-1.6320288181304932,0.5840219259262085,2.164301633834839,-1.5621849298477173,0.495980829000473,0.4698270559310913,0.14940285682678223,-0.0011161431732177596,0.16432452156180907
1789260196.783663,1.3513312339782715,0.7631782293319702,-0.7237216234207153,-1.6320364475250244,0.5840197801589966,2.164302349090576,-1.5621830224990845,0.49597862362861633,0.4698249399662018,0.14939895272254944,-0.0011200472774505477,0.16432452156180907
1789260196.822622,1.3513294458389282,0.7631798386573792,-0.7237178683280945,-1.6320267915725708,0.5840164422988892,2.164302349090576,-1.5621873140335083,0.4959791600704193,0.4698288142681122,0.1494007408618927,-0.001118259138107286,0.16192549306284887
1789260196.8666751,1.351330041885376,0.7631816267967224,-0.723716676235199,-1.6320323944091797,0.5840194225311279,2.1643049716949463,-1.5621833801269531,0.49597781896591187,0.4698275327682495,0.14939749240875244,-0.0011215075912475447,0.1631294174610896
1789260196.9002492,1.3513299226760864,0.7631978988647461,-0.7237319350242615,-1.6320257186889648,0.584018886089325,2.164301633834839,-1.5621898174285889,0.49598461389541626,0.4698210060596466,0.14939455687999725,-0.0011244431200027327,0.1631294174610896
1789260196.9338317,1.3513294458389282,0.7632627487182617,-0.7237462401390076,-1.6320385932922363,0.5840216279029846,2.1642990112304688,-1.5622129440307617,0.4959864616394043,0.4697984457015991,0.1493564248085022,-0.0011625751914977889,0.16785878907325083
1789260196.9674485,1.3513294458389282,0.7633416056632996,-0.7237429022789001,-1.6320593357086182,0.5840184092521667,2.164294719696045,-1.5622202157974243,0.4959784746170044,0.4697763919830322,0.14930257201194763,-0.0012164279880523543,0.17358940356200137
1789260197.001062,1.3513294458389282,0.7633583545684814,-0.7237446904182434,-1.6320555210113525,0.5840173363685608,2.164295196533203,-1.5622241497039795,0.49597927927970886,0.46977415680885315,0.14929503202438354,-0.0012239679756164412,0.17582936122100767
1789260197.0346687,1.3513295650482178,0.763355016708374,-0.7237482666969299,-1.6320490837097168,0.5840196013450623,2.1642942428588867,-1.562220811843872,0.4959815740585327,0.4697762429714203,0.1493002474308014,-0.0012187525691985945,0.17358940356200137
1789260197.0682805,1.3513261079788208,0.763359546661377,-0.7237491011619568,-1.6320505142211914,0.5840145349502563,2.164295196533203,-1.5622260570526123,0.4959836006164551,0.4697723686695099,0.14929744601249695,-0.001221553987503038,0.17358940356200137
1789260197.1018863,1.3513312339782715,0.7633623480796814,-0.7237450480461121,-1.632053017616272,0.5840160250663757,2.164290189743042,-1.5622245073318481,0.49597787857055664,0.46977463364601135,0.14929340779781342,-0.0012255922021865706,0.1747129721695325
1789260197.1355364,1.3513312339782715,0.7633603811264038,-0.7237496972084045,-1.6320512294769287,0.5840157270431519,2.164295196533203,-1.5622241497039795,0.4959813058376312,0.4697743058204651,0.14929687976837158,-0.001222120231628404,0.1747129721695325
1789260197.1691287,1.3513314723968506,0.7633667588233948,-0.7237465381622314,-1.6320514678955078,0.5840142369270325,2.1642916202545166,-1.5622313022613525,0.49597880244255066,0.4697739779949188,0.1492920070886612,-0.0012269929113387923,0.17582936122100767
1789260197.2027395,1.3509529829025269,0.7634968161582947,-0.7234358191490173,-1.6317286491394043,0.584022581577301,2.164252996444702,-1.5618548393249512,0.49604150652885437,0.46981218457221985,0.1492568403482437,-0.0012621596517562728,0.17245851507387558
1789260197.2363396,1.3493642807006836,0.7637500166893005,-0.7216659784317017,-1.629902958869934,0.5833717584609985,2.1642580032348633,-1.5546625852584839,0.496229350566864,0.4703328013420105,0.1493484526872635,-0.0011705473127364974,0.13562092827251515
1789260197.269953,1.3476661443710327,0.7640892863273621,-0.7198240756988525,-1.628152847290039,0.5825221538543701,2.1641931533813477,-1.546757698059082,0.496419221162796,0.47075167298316956,0.1493382602930069,-0.0011807397069930892,0.11869406681127799
1789260197.3035262,1.3459227085113525,0.7644691467285156,-0.717876672744751,-1.6261762380599976,0.5817322731018066,2.164123773574829,-1.5369380712509155,0.49660536646842957,0.47127965092658997,0.14936530590057373,-0.0011536940994262557,0.09487278508118449
1789260197.3372204,1.3422845602035522,0.765306293964386,-0.7142956256866455,-1.6223000288009644,0.5792455077171326,2.163435697555542,-1.5197266340255737,0.49712494015693665,0.4719406068325043,0.14938312768936157,-0.0011358723106384139,0.09487278508118449
1789260197.370815,1.3383641242980957,0.7663096785545349,-0.7106903791427612,-1.6183172464370728,0.5766748189926147,2.16265606880188,-1.5021564960479736,0.49776220321655273,0.472463458776474,0.14933644235134125,-0.0011825576486587386,0.09691329395132914
1789260197.4043756,1.334728479385376,0.767139732837677,-0.7070918083190918,-1.6144840717315674,0.5742600560188293,2.161864757537842,-1.4850709438323975,0.4982476532459259,0.4731094539165497,0.1493363082408905,-0.0011826917591094832,0.09891171693842998
1789260197.4379904,1.3309299945831299,0.7681118249893188,-0.7032166123390198,-1.6103051900863647,0.5716446042060852,2.1610286235809326,-1.4670534133911133,0.4987243711948395,0.47386643290519714,0.14931675791740417,-0.0012022420825958113,0.09891171693842998
1789260197.4715712,1.3273378610610962,0.7689878940582275,-0.6995384693145752,-1.6063306331634521,0.5691500902175903,2.160228967666626,-1.4499950408935547,0.499175101518631,0.474598228931427,0.14933229982852936,-0.0011867001714706282,0.09487278508118449
1789260197.5052023,1.3235880136489868,0.770000696182251,-0.6958110332489014,-1.602455496788025,0.5665572285652161,2.159395217895508,-1.432411551475525,0.49965962767601013,0.4751887619495392,0.14921845495700836,-0.0013005450429916243,0.11014342980975618
1789260197.5388622,1.3196605443954468,0.7710018157958984,-0.6921221613883972,-1.5984807014465332,0.5639510154724121,2.1585605144500732,-1.414682388305664,0.5002626180648804,0.47571292519569397,0.14916393160820007,-0.001355068391799913,0.11869406681127799
1789260197.5725,1.3157531023025513,0.7719091773033142,-0.6885840892791748,-1.5945289134979248,0.5614285469055176,2.157773494720459,-1.397226333618164,0.5009344816207886,0.4762061536312103,0.14920218288898468,-0.001316817111015306,0.11534989781745353
1789260197.6060956,1.311810851097107,0.7727965712547302,-0.6849796772003174,-1.5905377864837646,0.55886310338974,2.1569666862487793,-1.3795881271362305,0.501599133014679,0.47671693563461304,0.14925315976142883,-0.0012658402385711531,0.10653118153060223
1789260197.6397042,1.3082363605499268,0.7736905217170715,-0.6813170909881592,-1.5866680145263672,0.5563157200813293,2.15616512298584,-1.362438440322876,0.5020475387573242,0.4773845672607422,0.14924310147762299,-0.0012758985223770003,0.11190583714844751
1789260197.673309,1.3045244216918945,0.7746422290802002,-0.6773403882980347,-1.5824270248413086,0.5537039637565613,2.155341386795044,-1.3444396257400513,0.5024622678756714,0.4782319664955139,0.1492680013179779,-0.0012509986820220809,0.10653118153060223
1789260197.7068877,1.3008583784103394,0.7755966782569885,-0.6735134720802307,-1.5783942937850952,0.5511112809181213,2.1544809341430664,-1.3267390727996826,0.5028919577598572,0.47895553708076477,0.14924925565719604,-0.0012697443428039412,0.11190583714844751
1789260197.7405632,1.2971678972244263,0.7766027450561523,-0.6699483394622803,-1.5746561288833618,0.5485457181930542,2.153681516647339,-1.3097530603408813,0.5034267902374268,0.4794432520866394,0.14915910363197327,-0.0013598963680267195,0.11534989781745353
1789260197.7741756,1.2932002544403076,0.7775899767875671,-0.6663134098052979,-1.5706695318222046,0.5459998846054077,2.1528778076171875,-1.29193913936615,0.5040956139564514,0.4799193739891052,0.14916430413722992,-0.0013546958627700667,0.11869406681127799
1789260197.8078084,1.2891414165496826,0.7784645557403564,-0.6626843214035034,-1.566538691520691,0.5433647632598877,2.152035713195801,-1.2739187479019165,0.5048359036445618,0.4804067015647888,0.14929674565792084,-0.0012222543420791487,0.10467832346762979
1789260197.84136,1.2853909730911255,0.7793035507202148,-0.6591883301734924,-1.5627158880233765,0.5409058332443237,2.1512608528137207,-1.2568635940551758,0.5054572820663452,0.48090410232543945,0.14937248826026917,-0.001146511739730821,0.09691329395132914
1789260197.8749783,1.2817285060882568,0.7802525758743286,-0.6553488373756409,-1.5586488246917725,0.5384061336517334,2.1504313945770264,-1.2392812967300415,0.505896806716919,0.4816458523273468,0.14939408004283905,-0.0011249199571609358,0.09487278508118449
1789260197.9085543,1.278110146522522,0.7811959981918335,-0.6515077352523804,-1.5545614957809448,0.5358729362487793,2.1496083736419678,-1.2217656373977661,0.5063226819038391,0.48241305351257324,0.14943256974220276,-0.0010864302577972274,0.08846932694105811
1789260197.9422052,1.2743772268295288,0.7821847200393677,-0.6477276086807251,-1.5506055355072021,0.5332916975021362,2.1487741470336914,-1.2040765285491943,0.5068159699440002,0.48302844166755676,0.14941035211086273,-0.0011086478891372542,0.09065408419654447
1789260197.9757712,1.2705382108688354,0.783265233039856,-0.6440255045890808,-1.5467137098312378,0.5306882858276367,2.1479265689849854,-1.186445951461792,0.5073848366737366,0.4835105836391449,0.14932899177074432,-0.0011900082292556624,0.09691329395132914
1789260198.0093393,1.2667558193206787,0.784188985824585,-0.6405194401741028,-1.5428494215011597,0.5281601548194885,2.1471595764160156,-1.1693211793899536,0.5080360770225525,0.48397305607795715,0.1493912786245346,-0.0011277213754653792,0.08622923312351063
1789260198.042916,1.262699007987976,0.7851370573043823,-0.6369470953941345,-1.5387675762176514,0.5253654718399048,2.1463165283203125,-1.1512995958328247,0.5088204145431519,0.4843614399433136,0.1495075672864914,-0.001011432713508592,0.07661668268387072
1789260198.076504,1.2589255571365356,0.7861320376396179,-0.6334658861160278,-1.5350258350372314,0.5227354764938354,2.1454691886901855,-1.1341675519943237,0.5094554424285889,0.48473137617111206,0.14948494732379913,-0.0010340526762008528,0.07661668268387072
1789260198.1100736,1.2552869319915771,0.7872104644775391,-0.6296621561050415,-1.5310091972351074,0.5199826955795288,2.144617795944214,-1.1166267395019531,0.5099150538444519,0.48537343740463257,0.14944815635681152,-0.0010708436431884627,0.07912937001338383
1789260198.14368,1.2516427040100098,0.7882795333862305,-0.6257852911949158,-1.5269644260406494,0.5172119736671448,2.143734931945801,-1.0988364219665527,0.5103453993797302,0.48604583740234375,0.14941343665122986,-0.0011055633487701277,0.08392937202498843
1789260198.1773126,1.2479398250579834,0.7893779277801514,-0.6220917105674744,-1.5231349468231201,0.5145335793495178,2.1428606510162354,-1.081442952156067,0.5108585357666016,0.48653432726860046,0.14932280778884888,-0.0011961922111511092,0.09278741380920028
1789260198.2108548,1.2440897226333618,0.7905169725418091,-0.618432879447937,-1.519275188446045,0.5117527842521667,2.141979694366455,-1.0637527704238892,0.511468768119812,0.4869224727153778,0.1492309421300888,-0.00128805786991118,0.10653118153060223
1789260198.2444751,1.2403494119644165,0.7915067076683044,-0.614968478679657,-1.5153865814208984,0.5090395212173462,2.141181230545044,-1.0466505289077759,0.5121428370475769,0.48733779788017273,0.14930090308189392,-0.0012180969181060652,0.09891171693842998
1789260198.278127,1.236295223236084,0.7924709320068359,-0.6113889217376709,-1.5113681554794312,0.5062722563743591,2.1403307914733887,-1.0286266803741455,0.5129315257072449,0.4876777231693268,0.14941270649433136,-0.0011062935056686263,0.09065408419654447
1789260198.3117352,1.23238205909729,0.7935367822647095,-0.6078019738197327,-1.5074689388275146,0.5035178661346436,2.139451265335083,-1.0109537839889526,0.513623058795929,0.48802390694618225,0.14941294491291046,-0.0011060550870895247,0.09487278508118449
1789260198.3452547,1.2288494110107422,0.7946127653121948,-0.6041115522384644,-1.5035839080810547,0.5009051561355591,2.138620138168335,-0.9939785599708557,0.5140814781188965,0.488617479801178,0.14938616752624512,-0.001132832473754869,0.09278741380920028
1789260198.3787687,1.225201964378357,0.7957565188407898,-0.6002539992332458,-1.4995688199996948,0.49817389249801636,2.137737512588501,-0.9761521816253662,0.5145314931869507,0.4892352521419525,0.14933143556118011,-0.0011875644388198714,0.09691329395132914
1789260198.4123466,1.2214785814285278,0.79689621925354,-0.5965645909309387,-1.4957562685012817,0.49552810192108154,2.1368486881256104,-0.9587708711624146,0.5150668621063232,0.48967498540878296,0.14923962950706482,-0.0012793704929351668,0.10467832346762979
1789260198.445997,1.2176209688186646,0.7980493903160095,-0.5929163098335266,-1.4918545484542847,0.49278485774993896,2.1359739303588867,-0.9410285949707031,0.515709638595581,0.49004706740379333,0.14919054508209229,-0.001328454917907701,0.10653118153060223
1789260198.4796498,1.213911533355713,0.7990426421165466,-0.5894107222557068,-1.4879698753356934,0.4901107847690582,2.1351497173309326,-0.9240037202835083,0.516362190246582,0.49046778678894043,0.14927786588668823,-0.0012411341133117537,0.10279207254188717
1789260198.5132852,1.2098312377929688,0.8000324368476868,-0.5858396291732788,-1.4839926958084106,0.48728859424591064,2.1342995166778564,-0.9059335589408875,0.5171864628791809,0.4907354414463043,0.14939308166503906,-0.0011259183349609236,0.09487278508118449
1789260198.5468829,1.205926537513733,0.801093339920044,-0.5822193622589111,-1.4800670146942139,0.48450779914855957,2.1334388256073,-0.8883172869682312,0.5178890228271484,0.4910814166069031,0.14943477511405945,-0.001084224885940538,0.09691329395132914
1789260198.5804915,1.20242178440094,0.8021438717842102,-0.578527569770813,-1.4761943817138672,0.48187071084976196,2.1326045989990234,-0.8713160753250122,0.5183544158935547,0.4916607737541199,0.14945299923419952,-0.0010660007658004622,0.08846932694105811
1789260198.6141446,1.1987601518630981,0.803265392780304,-0.5746665000915527,-1.4722135066986084,0.4791345000267029,2.1317310333251953,-0.8535433411598206,0.5188300013542175,0.4922373294830322,0.14943426847457886,-0.0010847315254211287,0.08392937202498843
1789260198.647724,1.19489324092865,0.8044463992118835,-0.5708815455436707,-1.4682722091674805,0.4763139486312866,2.1308393478393555,-0.8354821801185608,0.5194380879402161,0.4926357567310333,0.14938117563724518,-0.001137824362754808,0.08622923312351063
1789260198.6812992,1.1911965608596802,0.8055211901664734,-0.5673575401306152,-1.4644378423690796,0.47368261218070984,2.1300225257873535,-0.8183550238609314,0.5200812220573425,0.4930194914340973,0.14942146837711334,-0.0010975316228866439,0.08622923312351063
1789260198.7148383,1.1874139308929443,0.806505024433136,-0.5637310743331909,-1.4604400396347046,0.47086164355278015,2.129193067550659,-0.8008164167404175,0.5207602977752686,0.4934496283531189,0.14956997334957123,-0.0009490266504287581,0.07661668268387072
1789260198.7484105,1.1834200620651245,0.8075383901596069,-0.5602450966835022,-1.4566413164138794,0.46814781427383423,2.128277063369751,-0.7832165360450745,0.521559476852417,0.49362868070602417,0.14963194727897644,-0.0008870527210235457,0.08156468806857739
1789260198.782052,1.179500937461853,0.8086965680122375,-0.5566173195838928,-1.452756643295288,0.4653434753417969,2.1273274421691895,-0.7656518220901489,0.5222619771957397,0.4938972294330597,0.1496192365884781,-0.0008997634115218978,0.08392937202498843
1789260198.8157609,1.1758400201797485,0.8098829984664917,-0.5527424216270447,-1.448837399482727,0.46257147192955017,2.126324415206909,-0.747891902923584,0.5227165222167969,0.4944043755531311,0.14955013990402222,-0.0009688600959777693,0.08622923312351063
1789260198.8493667,1.1723182201385498,0.8110538125038147,-0.5489929914474487,-1.4451452493667603,0.45988741517066956,2.1253628730773926,-0.7308904528617859,0.5231359004974365,0.494861900806427,0.14943277835845947,-0.0010862216415405135,0.09278741380920028
1789260198.8829565,1.1684379577636719,0.812290370464325,-0.5451921820640564,-1.4412685632705688,0.4570571780204773,2.124337673187256,-0.7128035426139832,0.5237303376197815,0.49518272280693054,0.14933720231056213,-0.0011817976894378524,0.10279207254188717
1789260198.916513,1.1647282838821411,0.8133938908576965,-0.5416571497917175,-1.4375081062316895,0.454373836517334,2.1234307289123535,-0.6957648992538452,0.5243725776672363,0.49548810720443726,0.14935216307640076,-0.0011668369235992293,0.09691329395132914
1789260198.9500911,1.1609402894973755,0.8144564628601074,-0.5379944443702698,-1.4336374998092651,0.45156532526016235,2.1224544048309326,-0.6781743764877319,0.5250115394592285,0.49582651257514954,0.14941264688968658,-0.0011063531103134017,0.09891171693842998
1789260198.9837387,1.1569063663482666,0.81554114818573,-0.534447968006134,-1.4298431873321533,0.44875770807266235,2.121474266052246,-0.660350501537323,0.5258171558380127,0.49595123529434204,0.1494554877281189,-0.0010635122718810897,0.10087055545943382
1789260199.017327,1.1530590057373047,0.8166490793228149,-0.5308541059494019,-1.4260063171386719,0.44593939185142517,2.120506763458252,-0.6429545283317566,0.5265190005302429,0.4962007403373718,0.14949706196784973,-0.0010219380321502547,0.10087055545943382
1789260199.0509648,1.149399757385254,0.8178159594535828,-0.5269769430160522,-1.4220669269561768,0.44313880801200867,2.119495153427124,-0.6251906752586365,0.5270006656646729,0.4966872036457062,0.14948593080043793,-0.001033069199562059,0.10087055545943382
1789260199.0845592,1.1458796262741089,0.818993866443634,-0.5232434272766113,-1.4183942079544067,0.44044435024261475,2.1185011863708496,-0.6082220077514648,0.5274417400360107,0.49709901213645935,0.14939211308956146,-0.0011268869104385237,0.10467832346762979
1789260199.1181307,1.1419975757598877,0.8202652931213379,-0.5194340348243713,-1.4145034551620483,0.4375212490558624,2.1174817085266113,-0.5901028513908386,0.5280648469924927,0.497381329536438,0.14931455254554749,-0.0012044474544525008,0.11190583714844751
1789260199.151728,1.1383020877838135,0.8213930130004883,-0.5158739686012268,-1.4107433557510376,0.43484288454055786,2.116547107696533,-0.5731063485145569,0.5287056565284729,0.4976682960987091,0.1493413895368576,-0.0011776104631423812,0.11014342980975618
1789260199.1853542,1.1345263719558716,0.8225044012069702,-0.5122141242027283,-1.4068846702575684,0.4319579601287842,2.1155762672424316,-0.5554808378219604,0.5293663144111633,0.4979604184627533,0.14940282702445984,-0.0011161729755401473,0.11014342980975618
1789260199.2189384,1.130480170249939,0.8236393928527832,-0.5086719989776611,-1.4030954837799072,0.42916399240493774,2.1145713329315186,-0.537773847579956,0.5301960110664368,0.4980335235595703,0.14944462478160858,-0.0010743752183914046,0.11190583714844751
1789260199.2525148,1.1266093254089355,0.8247845768928528,-0.505071759223938,-1.3992592096328735,0.4263901710510254,2.113611936569214,-0.5202901363372803,0.5309277772903442,0.49824127554893494,0.1494971066713333,-0.0010218933286666732,0.10653118153060223
1789260199.2861729,1.1229584217071533,0.8259750008583069,-0.5011878609657288,-1.3953239917755127,0.4236130118370056,2.112586259841919,-0.5025749802589417,0.5314218401908875,0.49870020151138306,0.149505153298378,-0.0010138467016219954,0.09691329395132914
1789260199.3197477,1.119335651397705,0.8272090554237366,-0.49734869599342346,-1.391557216644287,0.420852392911911,2.1115870475769043,-0.48500680923461914,0.5319029688835144,0.4990886449813843,0.1494292914867401,-0.0010897085132598738,0.09891171693842998
1789260199.353312,1.115545392036438,0.8284337520599365,-0.49366113543510437,-1.3877719640731812,0.4180909991264343,2.1105926036834717,-0.4673829972743988,0.5325451493263245,0.49932870268821716,0.14940263330936432,-0.0011163666906356673,0.10087055545943382
1789260199.3870518,1.1117111444473267,0.8295640349388123,-0.4899912178516388,-1.3838691711425781,0.4153021275997162,2.109622001647949,-0.4498162865638733,0.5332517027854919,0.4995896816253662,0.14950110018253326,-0.001017899817466722,0.08846932694105811
1789260199.420709,1.1080636978149414,0.8306198716163635,-0.48644185066223145,-1.3801729679107666,0.41258496046066284,2.108686923980713,-0.43275368213653564,0.5339024662971497,0.49984651803970337,0.14959441125392914,-0.000924588746070848,0.07912937001338383
1789260199.4542792,1.1040160655975342,0.8317698240280151,-0.482911080121994,-1.3763682842254639,0.4097300171852112,2.1076855659484863,-0.4150973856449127,0.5347709059715271,0.4998765289783478,0.14967231452465057,-0.0008466854753494124,0.07912937001338383
1789260199.4878972,1.100053071975708,0.8330027461051941,-0.4791809022426605,-1.3724489212036133,0.40675732493400574,2.106635093688965,-0.39698243141174316,0.5355187058448792,0.5000380277633667,0.14970581233501434,-0.0008131876649856429,0.08156468806857739
1789260199.521513,1.0965142250061035,0.8342351913452148,-0.4754273295402527,-1.3687430620193481,0.40404415130615234,2.1056177616119385,-0.3800011873245239,0.5360050201416016,0.5003911256790161,0.1496528834104538,-0.0008661165895461898,0.07661668268387072
1789260199.555124,1.0928863286972046,0.8355622291564941,-0.4716213047504425,-1.3650504350662231,0.4012049436569214,2.104560613632202,-0.3623431921005249,0.5365077257156372,0.5006753206253052,0.14952141046524048,-0.0009975895347595076,0.08622923312351063
1789260199.58875,1.089066743850708,0.8368930816650391,-0.4679109752178192,-1.3612645864486694,0.3982577919960022,2.1035001277923584,-0.3446062207221985,0.5371739864349365,0.5008304715156555,0.1494496762752533,-0.0010693237247466902,0.09691329395132914
1789260199.6223373,1.0852934122085571,0.8381041288375854,-0.4643048048019409,-1.3575019836425781,0.3954189717769623,2.1024367809295654,-0.3271544575691223,0.5378671884536743,0.500985324382782,0.1494748294353485,-0.0010441705646514754,0.09891171693842998
1789260199.6559496,1.081485629081726,0.8393113613128662,-0.4606320858001709,-1.3537293672561646,0.3924512565135956,2.1013994216918945,-0.3094216585159302,0.5385671257972717,0.5011369585990906,0.14950281381607056,-0.0010161861839294295,0.10087055545943382
1789260199.6896527,1.0774940252304077,0.840536892414093,-0.45714128017425537,-1.350039005279541,0.38958895206451416,2.1003499031066895,-0.29187843203544617,0.5394227504730225,0.5010868906974792,0.1495194137096405,-0.0009995862903594832,0.10467832346762979
1789260199.723289,1.0736280679702759,0.8417761921882629,-0.45350223779678345,-1.3462506532669067,0.3866983950138092,2.0992865562438965,-0.2742660343647003,0.5401645302772522,0.5011889934539795,0.14954623579978943,-0.0009727642002105574,0.1083523598284494
1789260199.756874,1.0699762105941772,0.8430513739585876,-0.44965118169784546,-1.3424419164657593,0.3838507831096649,2.0982253551483154,-0.2567264139652252,0.5407039523124695,0.501498281955719,0.14952540397644043,-0.0009935960235595565,0.10279207254188717
1789260199.7905369,1.0664653778076172,0.844321072101593,-0.44598156213760376,-1.3388781547546387,0.3811035454273224,2.0971763134002686,-0.2396489977836609,0.5412188768386841,0.501732587814331,0.14944134652614594,-0.001077653473854051,0.11014342980975618
1789260199.8241796,1.0626254081726074,0.8456622362136841,-0.44228753447532654,-1.335115909576416,0.3782442510128021,2.096090078353882,-0.2219812124967575,0.541915774345398,0.5018332004547119,0.14939062297344208,-0.0011283770265579085,0.11364091540157657
1789260199.8577936,1.0586819648742676,0.846950113773346,-0.43856334686279297,-1.3311914205551147,0.3752865493297577,2.0950167179107666,-0.20383988320827484,0.5426932573318481,0.5019388198852539,0.14944882690906525,-0.0010701730909347396,0.1083523598284494
1789260199.8913605,1.0550066232681274,0.8481629490852356,-0.4350211024284363,-1.3275924921035767,0.3724793791770935,2.094005823135376,-0.1868220418691635,0.5433817505836487,0.5020336508750916,0.14946117997169495,-0.0010578200283050399,0.10653118153060223
1789260199.924945,1.0510385036468506,0.8494478464126587,-0.4315149486064911,-1.3238953351974487,0.3695833384990692,2.0929534435272217,-0.16920922696590424,0.5442445874214172,0.5019554495811462,0.14947283267974854,-0.001046167320251451,0.11014342980975618
1789260199.9586194,1.0471992492675781,0.8507143259048462,-0.4278663992881775,-1.32013738155365,0.3666904866695404,2.0919132232666016,-0.15163786709308624,0.5449951887130737,0.5020279288291931,0.1495063453912735,-0.0010126546087264876,0.11190583714844751
1789260199.9922833,1.0435384511947632,0.8520215153694153,-0.4239979386329651,-1.31632399559021,0.36381444334983826,2.090855836868286,-0.13400335609912872,0.5455616116523743,0.5022987723350525,0.14950287342071533,-0.001016126579284654,0.10087055545943382
1789260200.0258658,1.0398778915405273,0.8533862233161926,-0.42019322514533997,-1.3126200437545776,0.3609176278114319,2.0897531509399414,-0.11628749221563339,0.5461329221725464,0.5024844408035278,0.1494237333536148,-0.001095266646385179,0.1083523598284494
1789260200.0594575,1.036185622215271,0.8546926975250244,-0.4166357219219208,-1.30900239944458,0.3581274747848511,2.0887451171875,-0.09929060190916061,0.5468368530273438,0.5025455355644226,0.14940248429775238,-0.0011165157022476058,0.10467832346762979
1789260200.0930302,1.0322731733322144,0.8559688925743103,-0.412908673286438,-1.305100440979004,0.3551577031612396,2.087691307067871,-0.08116737008094788,0.5476301312446594,0.502626359462738,0.14950063824653625,-0.0010183617534637313,0.09487278508118449
1789260200.1266332,1.0285935401916504,0.8571374416351318,-0.4093753695487976,-1.301474690437317,0.35228395462036133,2.086679458618164,-0.06420540064573288,0.5483667850494385,0.5026876330375671,0.14959561824798584,-0.0009233817520141463,0.09065408419654447
1789260200.1602411,1.0246307849884033,0.8583923578262329,-0.40588194131851196,-1.2977778911590576,0.34942346811294556,2.085637331008911,-0.04654652625322342,0.5492638349533081,0.5025790333747864,0.14966905117034912,-0.000849948829650865,0.08392937202498843
1789260200.1938243,1.0207369327545166,0.8597030639648438,-0.4021911025047302,-1.2939481735229492,0.34650230407714844,2.0845718383789062,-0.028836950659751892,0.5500575304031372,0.5026124715805054,0.14973297715187073,-0.0007860228481292586,0.07912937001338383
1789260200.2274466,1.0171234607696533,0.8610309958457947,-0.3983941674232483,-1.2902300357818604,0.3436416983604431,2.083483934402466,-0.011341042816638947,0.550640344619751,0.5028059482574463,0.14972321689128876,-0.0007957831087112288,0.07132624918176021
1789260200.2610514,1.0134481191635132,0.862449586391449,-0.39458221197128296,-1.286573886871338,0.34076717495918274,2.0823473930358887,0.006338451523333788,0.5512263178825378,0.5029253363609314,0.14962054789066315,-0.0008984521093368392,0.07661668268387072
1789260200.2946641,1.0097564458847046,0.8638553023338318,-0.3910779654979706,-1.2830586433410645,0.33794069290161133,2.0812575817108154,0.02343568205833435,0.5519461035728455,0.5028649568557739,0.14952202141284943,-0.0009969785871505599,0.08846932694105811
1789260200.3283005,1.0058084726333618,0.8652360439300537,-0.38738563656806946,-1.279253602027893,0.33490195870399475,2.0801024436950684,0.041504792869091034,0.5527667999267578,0.5028039813041687,0.14953958988189697,-0.0009794101181030135,0.09065408419654447
1789260200.361891,1.0019820928573608,0.8665483593940735,-0.3837829530239105,-1.2756168842315674,0.3319443464279175,2.078988790512085,0.05910659581422806,0.5535526275634766,0.5027363896369934,0.1495552361011505,-0.0009637638988494734,0.08846932694105811
1789260200.3954427,0.9981805086135864,0.8678632378578186,-0.3803996741771698,-1.2721171379089355,0.32903212308883667,2.077892303466797,0.07613695412874222,0.5544056296348572,0.5025449395179749,0.14954815804958344,-0.0009708419504165511,0.09891171693842998
1789260200.428979,0.9943259954452515,0.8692052960395813,-0.37672051787376404,-1.2683727741241455,0.32607877254486084,2.076754331588745,0.09381881356239319,0.5551893711090088,0.502511203289032,0.14958707988262177,-0.000931920117378221,0.09487278508118449
1789260200.4625318,0.9906992316246033,0.8705658316612244,-0.3729570806026459,-1.264674425125122,0.3231801986694336,2.0756189823150635,0.1113353967666626,0.5558132529258728,0.5026241540908813,0.14958606660366058,-0.0009329333963394026,0.09278741380920028
1789260200.496161,0.9870223999023438,0.8720318078994751,-0.3691870868206024,-1.26106858253479,0.32015952467918396,2.0744738578796387,0.12896673381328583,0.5564467906951904,0.50264573097229,0.14947181940078735,-0.0010471805992126326,0.10087055545943382
1789260200.52979,0.9832220077514648,0.8735074400901794,-0.36557334661483765,-1.257458209991455,0.3172229528427124,2.0733249187469482,0.1466047465801239,0.5572081804275513,0.5025346279144287,0.1493801325559616,-0.0011388674440383773,0.11014342980975618
1789260200.5633538,0.9794080257415771,0.8749011754989624,-0.36198890209198,-1.2537460327148438,0.31421318650245667,2.0721969604492188,0.16411414742469788,0.5580273270606995,0.5024357438087463,0.1494044065475464,-0.0011145934524535994,0.11364091540157657
1789260200.596951,0.9755573868751526,0.8762649893760681,-0.35838037729263306,-1.250095009803772,0.3112625479698181,2.0710947513580322,0.18181848526000977,0.5588520765304565,0.502316415309906,0.14942768216133118,-0.0010913178386688094,0.11014342980975618
1789260200.6305695,0.9717788696289062,0.8776112198829651,-0.354981929063797,-1.2466297149658203,0.3084181845188141,2.0699965953826904,0.19879627227783203,0.5597017407417297,0.5020975470542908,0.1494162380695343,-0.0011027619304656844,0.11190583714844751
1789260200.664132,0.9679238200187683,0.8790246844291687,-0.35128018260002136,-1.2428656816482544,0.30547264218330383,2.068859815597534,0.21653951704502106,0.5605030059814453,0.50202876329422,0.1494484692811966,-0.001070530718803392,0.1083523598284494
1789260200.6977406,0.9641679525375366,0.8804618716239929,-0.3474159240722656,-1.2390543222427368,0.3024866282939911,2.067715883255005,0.2346234917640686,0.5611953139305115,0.5020861029624939,0.14946769177913666,-0.0010513082208633284,0.09891171693842998
1789260200.7313182,0.9606046080589294,0.8818622827529907,-0.343790203332901,-1.2355711460113525,0.2996639907360077,2.06658935546875,0.2516311705112457,0.5618412494659424,0.5020670294761658,0.14940744638442993,-0.0011115536155700545,0.10467832346762979
1789260200.7649484,0.9567892551422119,0.883336067199707,-0.34018081426620483,-1.2319988012313843,0.2967039942741394,2.0654656887054443,0.26926904916763306,0.5626432299613953,0.5018941760063171,0.1493408977985382,-0.0011781022014617781,0.1083523598284494
1789260200.79856,0.9529599547386169,0.8847269415855408,-0.33659735321998596,-1.228330373764038,0.2937444746494293,2.0643556118011475,0.28676536679267883,0.5634943842887878,0.501739501953125,0.1493881493806839,-0.0011308506193160872,0.10279207254188717
1789260200.832165,0.9490765929222107,0.8860619068145752,-0.33301737904548645,-1.2246192693710327,0.29078975319862366,2.0632264614105225,0.3044721186161041,0.5643877983093262,0.5015661120414734,0.14949995279312134,-0.0010190472068786482,0.08846932694105811
1789260200.8657174,0.9451828002929688,0.8874216675758362,-0.3294552266597748,-1.2210065126419067,0.2877785861492157,2.06207275390625,0.3220796287059784,0.5652804970741272,0.5013294816017151,0.1495552808046341,-0.0009637191953658919,0.09065408419654447
1789260200.8993692,0.9415155053138733,0.8887692093849182,-0.3258671760559082,-1.2173980474472046,0.2849321961402893,2.060990333557129,0.3392510414123535,0.5660526752471924,0.501254677772522,0.1496262550354004,-0.0008927449645995955,0.07912937001338383
1789260200.9329765,0.9377623796463013,0.8901814818382263,-0.3220061659812927,-1.2135897874832153,0.28190797567367554,2.0597925186157227,0.3572689890861511,0.5667749643325806,0.5012609362602234,0.14970041811466217,-0.0008185818853378157,0.06852804325551864
1789260200.9665792,0.934173583984375,0.8915581703186035,-0.3183911144733429,-1.2100839614868164,0.279062420129776,2.058699369430542,0.374367356300354,0.5674838423728943,0.501194417476654,0.14971113204956055,-0.0008078679504394393,0.059347025446578223
1789260201.0002801,0.9303855895996094,0.8931061625480652,-0.31483784317970276,-1.206590175628662,0.2760285437107086,2.057480573654175,0.3919287323951721,0.5682960748672485,0.5009154677391052,0.1495915800333023,-0.000927419966697679,0.07912937001338383
1789260201.0338871,0.9265142679214478,0.8946439623832703,-0.31124168634414673,-1.20301353931427,0.2729123830795288,2.0562515258789062,0.40966230630874634,0.569155752658844,0.5006169676780701,0.14951588213443756,-0.001003117865562425,0.08846932694105811
1789260201.0674756,0.9226513504981995,0.8960443139076233,-0.30777063965797424,-1.1994171142578125,0.2699538767337799,2.0550854206085205,0.4271257817745209,0.5700856447219849,0.500313937664032,0.14957697689533234,-0.0009420231046676497,0.08846932694105811
1789260201.1010315,0.9187639355659485,0.8974892497062683,-0.3042271137237549,-1.1958914995193481,0.26694443821907043,2.0538740158081055,0.44476523995399475,0.5709807276725769,0.49998360872268677,0.1495656818151474,-0.0009533181848525862,0.08846932694105811
1789260201.134604,0.9151325821876526,0.8989492654800415,-0.30068525671958923,-1.1923640966415405,0.26405850052833557,2.052743911743164,0.46189993619918823,0.571755588054657,0.49981534481048584,0.14955663681030273,-0.0009623631896972518,0.08622923312351063
1789260201.168237,0.9113644957542419,0.9004808664321899,-0.29688790440559387,-1.1886132955551147,0.2610226571559906,2.051506996154785,0.47985559701919556,0.5725180506706238,0.4996999204158783,0.14956168830394745,-0.0009573116960525374,0.08156468806857739
1789260201.2018607,0.9076375961303711,0.902051568031311,-0.29320886731147766,-1.1850641965866089,0.258046418428421,2.050304889678955,0.4976152777671814,0.5732778310775757,0.4994962811470032,0.1494690328836441,-0.0010499671163558821,0.09065408419654447
1789260201.235412,0.9039504528045654,0.9036033749580383,-0.28975167870521545,-1.1817365884780884,0.2551126182079315,2.0491271018981934,0.5145642161369324,0.5740814805030823,0.49915769696235657,0.14932270348072052,-0.0011962965192794661,0.1083523598284494
1789260201.2690969,0.9000774621963501,0.9052050709724426,-0.2861655354499817,-1.1781853437423706,0.2520463168621063,2.047926425933838,0.5323981046676636,0.5749667286872864,0.4988020658493042,0.14922890067100525,-0.0012900993289947371,0.11703392759136522
1789260201.3027756,0.896028459072113,0.9067264795303345,-0.28260284662246704,-1.1744599342346191,0.24890169501304626,2.046705484390259,0.550394594669342,0.575995922088623,0.49837726354599,0.14928023517131805,-0.001238764828681932,0.11190583714844751
1789260201.3363562,0.8923050165176392,0.9081307649612427,-0.2791728675365448,-1.1710572242736816,0.24601472914218903,2.0455543994903564,0.5674580335617065,0.576871931552887,0.4980383515357971,0.14929883182048798,-0.00122016817951201,0.11014342980975618
1789260201.36998,0.8886204957962036,0.9096261858940125,-0.2754768133163452,-1.1674683094024658,0.24300475418567657,2.0443601608276367,0.58504319190979,0.5776457786560059,0.49785393476486206,0.1493065506219864,-0.001212449378013597,0.10467832346762979
1789260201.4035506,0.8849601745605469,0.9110819101333618,-0.2717905044555664,-1.163838505744934,0.24001452326774597,2.0431723594665527,0.6025872826576233,0.5784275531768799,0.4976927936077118,0.14937013387680054,-0.001148866123199449,0.09487278508118449
1789260201.4372272,0.8812032341957092,0.9125938415527344,-0.2681366205215454,-1.1602176427841187,0.23698124289512634,2.0419678688049316,0.6202590465545654,0.5792686343193054,0.4974369406700134,0.149395152926445,-0.0011238470735549788,0.09278741380920028
1789260201.4707994,0.8773730397224426,0.9141677021980286,-0.2645561695098877,-1.1567260026931763,0.2338816076517105,2.0407164096832275,0.6378651261329651,0.5801490545272827,0.4970405697822571,0.14932377636432648,-0.001195223635673509,0.10087055545943382
1789260201.504387,0.873670756816864,0.915726363658905,-0.2610733211040497,-1.1533616781234741,0.23099972307682037,2.0395238399505615,0.6550683975219727,0.5809822678565979,0.49666857719421387,0.14922603964805603,-0.0012929603519439559,0.11190583714844751
1789260201.538033,0.869619607925415,0.9172618389129639,-0.2575296461582184,-1.1496909856796265,0.22790469229221344,2.038325309753418,0.6730623841285706,0.5820409655570984,0.4961755573749542,0.1492839902639389,-0.0012350097360610823,0.10279207254188717
1789260201.5716193,0.8658624291419983,0.9186310768127441,-0.2540991008281708,-1.146194577217102,0.22503075003623962,2.0371620655059814,0.6901823282241821,0.582981526851654,0.4958020746707916,0.1494074910879135,-0.001111508912086473,0.09278741380920028
1789260201.6052105,0.8622183203697205,0.9200694561004639,-0.25037944316864014,-1.1426414251327515,0.2220568060874939,2.0359432697296143,0.7077077031135559,0.5837522149085999,0.49560433626174927,0.14947718381881714,-0.0010418161811828475,0.07661668268387072
1789260201.6387794,0.8585146069526672,0.9215415120124817,-0.24665135145187378,-1.138954758644104,0.21906429529190063,2.034728765487671,0.7254976034164429,0.5845758318901062,0.49539846181869507,0.14958807826042175,-0.0009309217395782332,0.06561060592844098
1789260201.6723728,0.8547796010971069,0.922997236251831,-0.24308185279369354,-1.1353564262390137,0.21606820821762085,2.033529758453369,0.7428807020187378,0.5854743123054504,0.49507567286491394,0.14969314634799957,-0.0008258536520004134,0.05595291190411357
1789260201.7060027,0.8509271144866943,0.9245833158493042,-0.23952433466911316,-1.1318994760513306,0.2130117565393448,2.0322647094726562,0.7605811953544617,0.5863932967185974,0.49460020661354065,0.14963532984256744,-0.0008836701574325423,0.0625572578997782
1789260201.739636,0.8472317457199097,0.9262169003486633,-0.23609291017055511,-1.1285849809646606,0.21000197529792786,2.0310580730438232,0.7777018547058105,0.5872651934623718,0.4941215515136719,0.1494978815317154,-0.001021118468284593,0.07132624918176021
1789260201.7731972,0.8431505560874939,0.9279142618179321,-0.23261122405529022,-1.1250298023223877,0.20689742267131805,2.029766321182251,0.7956803441047668,0.5883398652076721,0.4934653341770172,0.1494152694940567,-0.0011037305059432845,0.07912937001338383
1789260201.8068047,0.8392632603645325,0.9295011162757874,-0.22909609973430634,-1.1214814186096191,0.20384567975997925,2.0285236835479736,0.8134056925773621,0.5893256068229675,0.4929563105106354,0.14941999316215515,-0.0010990068378448348,0.08392937202498843
1789260201.8403914,0.8357870578765869,0.9310104250907898,-0.22552044689655304,-1.118144154548645,0.20089910924434662,2.027277946472168,0.8303679823875427,0.5900506377220154,0.4926775395870209,0.14938627183437347,-0.001132728165626512,0.08392937202498843
1789260201.87397,0.832105815410614,0.9326228499412537,-0.22183763980865479,-1.1146091222763062,0.19780874252319336,2.0259993076324463,0.8482064008712769,0.5908678770065308,0.4923355281352997,0.14935840666294098,-0.0011605933370590071,0.08846932694105811
1789260201.9075844,0.8283591270446777,0.9341991543769836,-0.2183550000190735,-1.1111246347427368,0.19470898807048798,2.024745464324951,0.865557074546814,0.5918029546737671,0.49185094237327576,0.14935925602912903,-0.0011597439708709578,0.08622923312351063
1789260201.9411733,0.8244908452033997,0.9358372092247009,-0.21481801569461823,-1.1076284646987915,0.19167953729629517,2.023437976837158,0.8833025693893433,0.5927594304084778,0.49130839109420776,0.14931434392929077,-0.0012046560707092147,0.09065408419654447
1789260201.9747765,0.8207101225852966,0.9374925494194031,-0.21128162741661072,-1.1042745113372803,0.1886424720287323,2.0221502780914307,0.9008351564407349,0.5936532616615295,0.4907727837562561,0.14919760823249817,-0.0013213917675018172,0.10653118153060223
1789260202.0083845,0.816744327545166,0.93916255235672,-0.20789915323257446,-1.1008645296096802,0.1856316328048706,2.020864725112915,0.9184216856956482,0.5947096943855286,0.4900662899017334,0.14911292493343353,-0.0014060750665664534,0.11190583714844751
1789260202.0420163,0.8128422498703003,0.9407570958137512,-0.2044239491224289,-1.0973453521728516,0.18258869647979736,2.01960825920105,0.936048686504364,0.5957394242286682,0.489469438791275,0.14913637936115265,-0.0013826206388473372,0.1083523598284494
1789260202.0756435,0.8093482851982117,0.9422503113746643,-0.20084455609321594,-1.0939388275146484,0.17969325184822083,2.018359422683716,0.9529979825019836,0.5965129137039185,0.48915982246398926,0.14918312430381775,-0.0013358756961822371,0.10087055545943382
1789260202.1092086,0.8057109117507935,0.943806529045105,-0.19715319573879242,-1.0904390811920166,0.17657315731048584,2.017063856124878,0.9708438515663147,0.597338080406189,0.48878979682922363,0.1492176651954651,-0.0013013348045348982,0.09691329395132914
1789260202.1427681,0.8017943501472473,0.9454160332679749,-0.19355686008930206,-1.086812138557434,0.17343339323997498,2.015747547149658,0.9888563752174377,0.5983570218086243,0.4882218837738037,0.14928123354911804,-0.0012377664508819441,0.09487278508118449
1789260202.1764283,0.7980533838272095,0.9469430446624756,-0.1901756227016449,-1.0834107398986816,0.17040275037288666,2.0145151615142822,1.005987286567688,0.599352240562439,0.4876321256160736,0.14933182299137115,-0.0011871770086288314,0.08846932694105811
1789260202.2100065,0.7942509651184082,0.9485352635383606,-0.18662065267562866,-1.0800031423568726,0.16740180552005768,2.0132339000701904,1.0234959125518799,0.6002953052520752,0.4870675802230835,0.14932343363761902,-0.0011955663623809676,0.08846932694105811
1789260202.2435555,0.7903061509132385,0.9501855969429016,-0.18323849141597748,-1.076619029045105,0.1643240749835968,2.0119662284851074,1.0411018133163452,0.6013763546943665,0.4863099753856659,0.14927788078784943,-0.0012411192121505599,0.09278741380920028
1789260202.2772183,0.7864105701446533,0.9518368244171143,-0.17976808547973633,-1.0731463432312012,0.16125735640525818,2.0106914043426514,1.0586904287338257,0.6024174690246582,0.4856361746788025,0.14927083253860474,-0.0012481674613952498,0.09278741380920028
1789260202.3107886,0.7827579975128174,0.9534581303596497,-0.1760428547859192,-1.0695348978042603,0.15817786753177643,2.009438991546631,1.076412320137024,0.603281557559967,0.4852553904056549,0.14934125542640686,-0.0011777445735931258,0.07401874722002606
1789260202.344389,0.7793008685112,0.9549764394760132,-0.17247045040130615,-1.0661998987197876,0.15518110990524292,2.0082151889801025,1.0934698581695557,0.6040730476379395,0.48487600684165955,0.14938074350357056,-0.0011382564964294295,0.06561060592844098
1789260202.378001,0.775403618812561,0.9566277265548706,-0.16885319352149963,-1.062638521194458,0.152060404419899,2.0069408416748047,1.111512303352356,0.6050934791564941,0.4842588007450104,0.1494210958480835,-0.00109790415191649,0.0625572578997782
1789260202.4115841,0.771650493144989,0.9582100510597229,-0.1655219942331314,-1.0592763423919678,0.14911143481731415,2.005685329437256,1.128614068031311,0.6061168909072876,0.48357561230659485,0.14944669604301453,-0.0010723039569854598,0.059347025446578223
1789260202.4451954,0.7678245902061462,0.9599015116691589,-0.16199779510498047,-1.055830955505371,0.14609761536121368,2.0043601989746094,1.1461782455444336,0.6071010231971741,0.48291754722595215,0.14941354095935822,-0.0011054590406417708,0.06561060592844098
1789260202.4788365,0.763848066329956,0.9616186022758484,-0.15859279036521912,-1.0524682998657227,0.14301908016204834,2.0030152797698975,1.1639869213104248,0.6081900000572205,0.4820723831653595,0.14933238923549652,-0.0011866107645034651,0.07132624918176021
1789260202.5124147,0.7599972486495972,0.9633135199546814,-0.15516173839569092,-1.0491585731506348,0.13998109102249146,2.001680374145508,1.181370496749878,0.6092028617858887,0.4813043475151062,0.14924763143062592,-0.0012713685693740706,0.07661668268387072
1789260202.546134,0.7563115358352661,0.9650063514709473,-0.15152937173843384,-1.045680046081543,0.13684915006160736,2.0003204345703125,1.199120283126831,0.6101013422012329,0.4807453453540802,0.14923442900180817,-0.0012845709981918196,0.08156468806857739
1789260202.5796967,0.7527373433113098,0.9666311740875244,-0.1479158103466034,-1.0422141551971436,0.1337599903345108,1.9989874362945557,1.2166379690170288,0.6109656095504761,0.480252206325531,0.14927667379379272,-0.0012423262062072615,0.07132624918176021
1789260202.613269,0.7489871382713318,0.9682527780532837,-0.14446672797203064,-1.038885474205017,0.1306460052728653,1.9976152181625366,1.2342400550842285,0.6119493842124939,0.4795295298099518,0.1492680162191391,-0.001250983780860887,0.07661668268387072
1789260202.6469002,0.745093822479248,0.9699302315711975,-0.14105089008808136,-1.0354804992675781,0.12754572927951813,1.996269941329956,1.251820683479309,0.6130290031433105,0.47871118783950806,0.14926069974899292,-0.0012583002510070662,0.07912937001338383
1789260202.680515,0.7413621544837952,0.9715389013290405,-0.13770996034145355,-1.032171607017517,0.12456877529621124,1.994950294494629,1.2688121795654297,0.6140465140342712,0.4779551327228546,0.14927250146865845,-0.0012464985313415389,0.07661668268387072
1789260202.714148,0.7373733520507812,0.9732240438461304,-0.13431097567081451,-1.0287518501281738,0.12148172408342361,1.9935708045959473,1.2865897417068481,0.6151800751686096,0.47705337405204773,0.14927327632904053,-0.0012457236709594588,0.07912937001338383
1789260202.7477436,0.7334563732147217,0.9749809503555298,-0.13076338171958923,-1.0253684520721436,0.11824476718902588,1.9921717643737793,1.304659128189087,0.6162208914756775,0.47621679306030273,0.14919699728488922,-0.001322002715110765,0.09278741380920028
1789260202.781375,0.729899525642395,0.9766520857810974,-0.12728115916252136,-1.0220987796783447,0.11523706465959549,1.9908502101898193,1.3217653036117554,0.6171001195907593,0.4755883514881134,0.14914877712726593,-0.001370222872734056,0.09278741380920028
1789260202.8149889,0.7262697219848633,0.9783163666725159,-0.12369566410779953,-1.0186421871185303,0.11217858642339706,1.989533543586731,1.33932626247406,0.6180242300033569,0.47499001026153564,0.14919410645961761,-0.0013248935403823714,0.08622923312351063
1789260202.8486214,0.7225052714347839,0.9799723029136658,-0.12018191814422607,-1.015184998512268,0.10908998548984528,1.9881879091262817,1.3571338653564453,0.619041919708252,0.4742608070373535,0.1492519974708557,-0.0012670025291442732,0.07912937001338383
1789260202.8822494,0.7186911106109619,0.9816423654556274,-0.11678684502840042,-1.0118811130523682,0.1060672178864479,1.986841082572937,1.3745250701904297,0.6200911402702332,0.47341135144233704,0.14923690259456635,-0.001282097405433641,0.08392937202498843
1789260202.9158652,0.714791476726532,0.9833812117576599,-0.11334459483623505,-1.0084651708602905,0.10299928486347198,1.9854707717895508,1.392229437828064,0.621180534362793,0.4725289046764374,0.14922133088111877,-0.0012976691188812117,0.08156468806857739
1789260202.9494064,0.7109306454658508,0.985048770904541,-0.11008065193891525,-1.005170464515686,0.10000225901603699,1.9841351509094238,1.4092422723770142,0.6223041415214539,0.471576064825058,0.14921924471855164,-0.0012997552814483504,0.08156468806857739
1789260202.983079,0.7070473432540894,0.9868395924568176,-0.1064862310886383,-1.001739263534546,0.09680502861738205,1.9827380180358887,1.427337884902954,0.6233407855033875,0.47073307633399963,0.14917109906673431,-0.0013479009332656722,0.08392937202498843
1789260203.0166516,0.7033851146697998,0.9885757565498352,-0.10288013517856598,-0.9984107613563538,0.09366942942142487,1.9813556671142578,1.4449483156204224,0.6242567896842957,0.47001951932907104,0.14912308752536774,-0.0013959124746322493,0.09278741380920028
1789260203.0502124,0.6998235583305359,0.9902351498603821,-0.09946243464946747,-0.9951395988464355,0.09069143235683441,1.9800256490707397,1.4620071649551392,0.6251906752586365,0.4692979156970978,0.14912442862987518,-0.001394571370124803,0.08622923312351063
1789260203.0837681,0.6960398554801941,0.9918789863586426,-0.095941923558712,-0.9916321039199829,0.08758093416690826,1.9786601066589355,1.4797617197036743,0.626253068447113,0.46850475668907166,0.14924713969230652,-0.0012718603076934676,0.07661668268387072
1789260203.117368,0.6928271651268005,0.9933016300201416,-0.09302933514118195,-0.9885897040367126,0.0848696306347847,1.9774763584136963,1.4951831102371216,0.6271970868110657,0.46778640151023865,0.1493649035692215,-0.0011540964307784896,0.06561060592844098
1789260203.1509266,0.6898931860923767,0.9947913289070129,-0.09008263796567917,-0.9856786727905273,0.08231820166110992,1.9762966632843018,1.509730577468872,0.6279510855674744,0.4672389626502991,0.149370938539505,-0.0011480614604949813,0.0625572578997782
1789260203.1845922,0.6870476603507996,0.9962376952171326,-0.08728707581758499,-0.982803463935852,0.07980111241340637,1.9751509428024292,1.5236581563949585,0.628721296787262,0.46667778491973877,0.1494051069021225,-0.0011138930978774886,0.059347025446578223
1789260203.2182035,0.6844319701194763,0.9973141551017761,-0.08520971238613129,-0.9804993271827698,0.07778656482696533,1.97431218624115,1.533392071723938,0.6295790672302246,0.4659571051597595,0.14951130747795105,-0.0010076925220489363,0.044234660174789026
1789260203.2518551,0.6826700568199158,0.996138870716095,-0.08600769191980362,-0.9830392003059387,0.07887829840183258,1.975315809249878,1.5343400239944458,0.6303873658180237,0.4643765091896057,0.14934508502483368,-0.001173914975166307,0.059347025446578223
1789260203.2854686,0.680683434009552,0.9946402311325073,-0.08768479526042938,-0.9859797954559326,0.08022095263004303,1.9767253398895264,1.5345890522003174,0.6316123008728027,0.46228262782096863,0.14930669963359833,-0.0012123003664016585,0.05233915627441309
1789260203.3190587,0.6784402132034302,0.9927303791046143,-0.08988697826862335,-0.9899100065231323,0.08161649107933044,1.978029727935791,1.5348283052444458,0.6329586505889893,0.459621399641037,0.1491321474313736,-0.00138685256862639,0.09278741380920028
1789260203.3527129,0.6737798452377319,0.9876653552055359,-0.09470009803771973,-0.999925971031189,0.08662894368171692,1.982420802116394,1.5331006050109863,0.6356812119483948,0.45418205857276917,0.14891615509986877,-0.0016028449001312117,0.10279207254188717
1789260203.3863525,0.6672559976577759,0.9814293384552002,-0.10171571373939514,-1.0119267702102661,0.09212695062160492,1.9874944686889648,1.5309455394744873,0.6397777795791626,0.44633376598358154,0.14882977306842804,-0.0016892269315719466,0.11190583714844751
1789260203.4199698,0.6601691246032715,0.9744971990585327,-0.10911070555448532,-1.0243239402770996,0.09804459661245346,1.9925035238265991,1.5286855697631836,0.6441404223442078,0.4378952980041504,0.14912715554237366,-0.001391844457626329,0.1083523598284494
1789260203.4535267,0.6531533598899841,0.9676532745361328,-0.11658221483230591,-1.037459135055542,0.10439687222242355,1.9981087446212769,1.52622389793396,0.6483029723167419,0.429328590631485,0.14908534288406372,-0.0014336571159362654,0.11703392759136522
1789260203.4872456,0.6460078358650208,0.9601598978042603,-0.12401524931192398,-1.0520306825637817,0.11111491173505783,2.0040013790130615,1.523449420928955,0.6522106528282166,0.42045363783836365,0.1489190012216568,-0.0015999987783431868,0.13122123336572936
1789260203.5208447,0.6389795541763306,0.9529919028282166,-0.13170434534549713,-1.0664726495742798,0.11795391887426376,2.009990692138672,1.5207089185714722,0.656039834022522,0.411437064409256,0.14860451221466064,-0.0019144877853393416,0.15701751249847418
1789260203.5544133,0.6318296790122986,0.9453348517417908,-0.13932093977928162,-1.0800729990005493,0.12455616146326065,2.0157463550567627,1.5180619955062866,0.6600283980369568,0.4024394452571869,0.149058535695076,-0.0014604643049239974,0.11869406681127799
1789260203.5881124,0.6263285875320435,0.9402333498001099,-0.14519430696964264,-1.0897287130355835,0.12879018485546112,2.0197160243988037,1.5165728330612183,0.6630728244781494,0.3953602910041809,0.1491512507200241,-0.0013677492799758773,0.13270400689029618
1789260203.6217084,0.6231294870376587,0.9368217587471008,-0.1485009640455246,-1.0966678857803345,0.13201460242271423,2.022470474243164,1.515545129776001,0.6645651459693909,0.3911968171596527,0.14896981418132782,-0.0015491858186721663,0.13562092827251515
1789260203.6553166,0.6203904747962952,0.9334875345230103,-0.151488795876503,-1.1030710935592651,0.13511402904987335,2.025377035140991,1.514546513557434,0.6659064888954163,0.3875827491283417,0.14897747337818146,-0.0015415266218185286,0.11869406681127799
1789260203.688901,0.6174604296684265,0.9299295544624329,-0.15345172584056854,-1.1096410751342773,0.13695307075977325,2.0282015800476074,1.5162156820297241,0.6670438051223755,0.3841690719127655,0.14901511371135712,-0.0015038862886428694,0.11014342980975618
1789260203.7226176,0.6155776977539062,0.924562394618988,-0.15401536226272583,-1.119001865386963,0.13703115284442902,2.0323917865753174,1.5251744985580444,0.6673026084899902,0.38168758153915405,0.14918048679828644,-0.0013385132017135482,0.09278741380920028
1789260203.7562313,0.6137800812721252,0.9183247089385986,-0.15418799221515656,-1.1284005641937256,0.13709741830825806,2.0368077754974365,1.5345898866653442,0.6675499081611633,0.37956494092941284,0.14998789131641388,-0.0005311086835861067,0.027976455118293345
1789260203.7898207,0.6117599010467529,0.9123474955558777,-0.15457871556282043,-1.1390324831008911,0.13712330162525177,2.0408382415771484,1.543992280960083,0.6675204038619995,0.37685415148735046,0.1499994397163391,-0.0005195602836608748,0.044234660174789026
1789260203.8234591,0.6089304089546204,0.9042409062385559,-0.15518181025981903,-1.1538368463516235,0.1372288018465042,2.04671573638916,1.556860327720642,0.6674720048904419,0.3730389475822449,0.14987283945083618,-0.0006461605491638045,0.09278741380920028
1789260203.8570707,0.6057450771331787,0.8957349061965942,-0.15600962936878204,-1.1684455871582031,0.13751254975795746,2.0529112815856934,1.5700825452804565,0.6677306890487671,0.36898893117904663,0.15017612278461456,-0.00034287721538542315,0.08156468806857739
1789260203.8906891,0.602685809135437,0.886890709400177,-0.1567426472902298,-1.1829510927200317,0.1377563625574112,2.059154987335205,1.5833642482757568,0.6679484844207764,0.36511608958244324,0.15077480673789978,0.00025580673789979413,0.03956468264845247
1789260203.9242697,0.6001783013343811,0.8790922164916992,-0.15711146593093872,-1.1968681812286377,0.1380571573972702,2.064880847930908,1.5958452224731445,0.6676921844482422,0.3617704510688782,0.15077894926071167,0.0002599492607116838,0.06852804325551864
1789260203.957828,0.5984727144241333,0.873025119304657,-0.15858061611652374,-1.2073906660079956,0.1388287991285324,2.0689918994903564,1.6054328680038452,0.6677201390266418,0.35878443717956543,0.15096056461334229,0.000441564613342299,0.07132624918176021
1789260203.991475,0.5969668626785278,0.8677414655685425,-0.1595846265554428,-1.2167868614196777,0.13955973088741302,2.072956085205078,1.6145498752593994,0.6676558256149292,0.3563062846660614,0.15102636814117432,0.0005073681411743303,0.07912937001338383
1789260204.0251875,0.5954346060752869,0.862196147441864,-0.16064691543579102,-1.2264493703842163,0.1403476893901825,2.077162981033325,1.623897671699524,0.6676123738288879,0.35377252101898193,0.15118901431560516,0.0006700143156051774,0.07401874722002606
1789260204.058867,0.5942082405090332,0.8557264804840088,-0.1640487015247345,-1.2383112907409668,0.14278902113437653,2.082352876663208,1.6365649700164795,0.6678144335746765,0.35008907318115234,0.15126605331897736,0.0007470533189773698,0.05595291190411357
1789260204.0924654,0.5928370356559753,0.8482814431190491,-0.16817820072174072,-1.2524378299713135,0.14547401666641235,2.0878348350524902,1.650887370109558,0.667848527431488,0.34557437896728516,0.15110866725444794,0.0005896672544479509,0.07401874722002606
1789260204.1260915,0.5913597941398621,0.8402576446533203,-0.17237281799316406,-1.2665767669677734,0.14821845293045044,2.093332290649414,1.665450096130371,0.6679795980453491,0.34098660945892334,0.1513848453760147,0.0008658453760147233,0.07661668268387072
1789260204.159712,0.5900755524635315,0.8326019644737244,-0.17629452049732208,-1.2804250717163086,0.15097945928573608,2.0990357398986816,1.6799064874649048,0.6679813265800476,0.33669131994247437,0.15151943266391754,0.0010004326639175554,0.06852804325551864
1789260204.1933339,0.5891573429107666,0.8263220191001892,-0.17972953617572784,-1.2924046516418457,0.15330016613006592,2.1035187244415283,1.6919881105422974,0.6677623987197876,0.33297863602638245,0.15134558081626892,0.0008265808162689348,0.11014342980975618
1789260204.2268834,0.5882639288902283,0.8201362490653992,-0.18302451074123383,-1.3041960000991821,0.15561534464359283,2.1081972122192383,1.7040599584579468,0.6675391793251038,0.3293861746788025,0.15119612216949463,0.0006771221694946428,0.1341703946898555
1789260204.2606328,0.5873740911483765,0.8137691617012024,-0.1862192451953888,-1.3151319026947021,0.15788014233112335,2.112722873687744,1.71564781665802,0.6674932837486267,0.3260106146335602,0.15154844522476196,0.0010294452247619768,0.11014342980975618
1789260204.2942302,0.5868785381317139,0.8102585077285767,-0.18897825479507446,-1.3216824531555176,0.16007831692695618,2.1151952743530273,1.722286343574524,0.6675577759742737,0.3235807716846466,0.15157629549503326,0.001057295495033278,0.11869406681127799
1789260204.3278096,0.5876213908195496,0.8084679245948792,-0.1923719346523285,-1.3256672620773315,0.1629486382007599,2.116786003112793,1.7256852388381958,0.6676527261734009,0.3219811022281647,0.15147443115711212,0.0009554311571121354,0.12354070345060089
1789260204.3613777,0.5884448885917664,0.8067954182624817,-0.19556571543216705,-1.3296326398849487,0.16565020382404327,2.1181483268737793,1.7288799285888672,0.6676124930381775,0.32049721479415894,0.15126410126686096,0.0007451012668609758,0.145369962588823
1789260204.39496,0.5897383093833923,0.8052604794502258,-0.20101700723171234,-1.3334548473358154,0.1697169989347458,2.119685173034668,1.7318055629730225,0.6680735945701599,0.31823045015335083,0.15121032297611237,0.0006913229761123796,0.1370561110185936
1789260204.4285934,0.5933062434196472,0.8029093742370605,-0.21165019273757935,-1.3399311304092407,0.17870087921619415,2.1216883659362793,1.7356493473052979,0.6685734987258911,0.3146824538707733,0.15102383494377136,0.0005048349437713762,0.1532333996180995
1789260204.4622772,0.5964758396148682,0.8006626963615417,-0.2227838933467865,-1.3463956117630005,0.18754523992538452,2.123666286468506,1.739457130432129,0.6693359017372131,0.3105285167694092,0.15085160732269287,0.00033260732269288495,0.1655109964311004
1789260204.4958618,0.5997181534767151,0.7982835173606873,-0.2345333993434906,-1.3531802892684937,0.19651319086551666,2.1255855560302734,1.7433068752288818,0.6701645851135254,0.30599963665008545,0.1507309526205063,0.00021195262050630048,0.1855748884546529
1789260204.5294578,0.6034910082817078,0.7954846024513245,-0.24727846682071686,-1.360477089881897,0.20670652389526367,2.127561569213867,1.747416615486145,0.6709915399551392,0.3013150095939636,0.15083786845207214,0.0003188684520721574,0.18767184827349362
1789260204.5630915,0.607420802116394,0.7927919030189514,-0.26038986444473267,-1.3681386709213257,0.21702200174331665,2.1298375129699707,1.7516956329345703,0.6718093156814575,0.29643765091896057,0.15083011984825134,0.00031111984825135663,0.18871159039859822
1789260204.5966544,0.611294150352478,0.7902805209159851,-0.2729552984237671,-1.3755003213882446,0.2270185649394989,2.132047176361084,1.755896806716919,0.6725443005561829,0.29180848598480225,0.15082937479019165,0.00031037479019166425,0.18451747215888148
1789260204.630254,0.6144613027572632,0.787915825843811,-0.2832053303718567,-1.3818044662475586,0.23546667397022247,2.1339566707611084,1.759611964225769,0.6731125116348267,0.2880251705646515,0.15097691118717194,0.0004579111871719499,0.16192549306284887
1789260204.6638215,0.6160678267478943,0.7856888175010681,-0.28884974122047424,-1.3866322040557861,0.23984786868095398,2.135838747024536,1.761112093925476,0.6733927130699158,0.2856491208076477,0.1512068510055542,0.0006878510055542131,0.12666881248565126
1789260204.6973937,0.6177412271499634,0.7836732864379883,-0.293828547000885,-1.391592025756836,0.24381080269813538,2.137613296508789,1.7626169919967651,0.6733916401863098,0.283584862947464,0.15115435421466827,0.0006353542146682878,0.12354070345060089
1789260204.7309878,0.6192800998687744,0.78157639503479,-0.2989685833454132,-1.3968455791473389,0.24785415828227997,2.139449119567871,1.764137625694275,0.6734080910682678,0.2812834084033966,0.15106257796287537,0.0005435779628753801,0.12666881248565126
1789260204.7646098,0.6204625964164734,0.7767878770828247,-0.3042130172252655,-1.4068297147750854,0.2518482804298401,2.1432437896728516,1.7651389837265015,0.6729850769042969,0.27799221873283386,0.1509840339422226,0.0004650339422226091,0.12666881248565126
1789260204.7983172,0.6216161847114563,0.7700808644294739,-0.3112879693508148,-1.4201538562774658,0.2567816972732544,2.148226499557495,1.7661352157592773,0.6725714802742004,0.27322158217430115,0.15111450850963593,0.0005955085096359392,0.11703392759136522
1789260204.8319275,0.6225348711013794,0.7637266516685486,-0.3185917139053345,-1.432961344718933,0.26156172156333923,2.1533539295196533,1.767069935798645,0.6723765730857849,0.2681956887245178,0.1512734591960907,0.0007544591960907121,0.09891171693842998
1789260204.8655663,0.6236943602561951,0.7572440505027771,-0.32565775513648987,-1.446023941040039,0.2661813795566559,2.158194065093994,1.7680203914642334,0.6719030141830444,0.2633640766143799,0.15136639773845673,0.0008473977384567399,0.09691329395132914
1789260204.899169,0.6251302361488342,0.7504258155822754,-0.3333017826080322,-1.460904598236084,0.27165016531944275,2.163944959640503,1.769158959388733,0.6711375713348389,0.2581203281879425,0.15105856955051422,0.000539569550514235,0.1083523598284494
1789260204.9327834,0.6267198920249939,0.7432736754417419,-0.3411874771118164,-1.4761567115783691,0.277216374874115,2.16949725151062,1.7702865600585938,0.670239269733429,0.2527577579021454,0.15084560215473175,0.00032660215473176435,0.12511453444308365
1789260204.9664092,0.6280975937843323,0.7361795902252197,-0.348730206489563,-1.4900765419006348,0.28241780400276184,2.175135850906372,1.7713420391082764,0.669677734375,0.24768057465553284,0.15114523470401764,0.000626234704017653,0.07132624918176021
1789260204.9999926,0.6293079853057861,0.7297013998031616,-0.3555680513381958,-1.503524661064148,0.28677845001220703,2.1796576976776123,1.7723381519317627,0.6687746047973633,0.24277877807617188,0.1510428488254547,0.0005238488254547258,0.10653118153060223
1789260205.033547,0.6305578351020813,0.7250239253044128,-0.3608480393886566,-1.513053059577942,0.29029741883277893,2.1838278770446777,1.7731826305389404,0.6683249473571777,0.2393944263458252,0.1511756032705307,0.0006566032705307145,0.059347025446578223
1789260205.0670838,0.6322314739227295,0.720052182674408,-0.36573004722595215,-1.5233083963394165,0.2937561273574829,2.187443494796753,1.7740813493728638,0.6673575639724731,0.23635704815387726,0.15109536051750183,0.0005763605175018449,0.08156468806857739
1789260205.100727,0.6346381902694702,0.7150780558586121,-0.36967283487319946,-1.532900094985962,0.29636940360069275,2.191418170928955,1.7750262022018433,0.666266143321991,0.23442311584949493,0.15120795369148254,0.0006889536914825578,0.059347025446578223
1789260205.134356,0.6405285596847534,0.708387553691864,-0.3738834857940674,-1.5454684495925903,0.297419935464859,2.1965579986572266,1.7768964767456055,0.6640000343322754,0.23400209844112396,0.15133212506771088,0.0008131250677108903,0.027976455118293345
1789260205.167915,0.6475290656089783,0.7007799744606018,-0.3771441876888275,-1.5592750310897827,0.2985953390598297,2.2017195224761963,1.7788405418395996,0.6609615683555603,0.23469427227973938,0.15140371024608612,0.0008847102460861345,0.05233915627441309
1789260205.2015374,0.6540216207504272,0.6936866044998169,-0.3803216516971588,-1.5723698139190674,0.29966214299201965,2.206550359725952,1.780632495880127,0.6580818295478821,0.23515407741069794,0.15138490498065948,0.0008659049806594987,0.07912937001338383
1789260205.2351098,0.6600205898284912,0.6865158081054688,-0.3839535713195801,-1.5858807563781738,0.30065277218818665,2.2112860679626465,1.782427430152893,0.6552702784538269,0.23489324748516083,0.15128302574157715,0.0007640257415771623,0.12511453444308365
1789260205.268674,0.6652353405952454,0.6799910664558411,-0.387446790933609,-1.5974233150482178,0.3016636073589325,2.2159252166748047,1.7841253280639648,0.6531045436859131,0.2345624417066574,0.15155594050884247,0.0010369405088424821,0.10279207254188717
1789260205.302304,0.6704897880554199,0.67380690574646,-0.3907124400138855,-1.6095528602600098,0.3025478422641754,2.22009015083313,1.7857991456985474,0.6505212783813477,0.2341708540916443,0.15127326548099518,0.0007542654809951921,0.1631294174610896
1789260205.335958,0.6756111979484558,0.6685625910758972,-0.39323145151138306,-1.6193071603775024,0.3033635914325714,2.2241499423980713,1.7874419689178467,0.6483771800994873,0.23455612361431122,0.15126509964466095,0.0007460996446609636,0.15949038294479406
1789260205.3695672,0.677044689655304,0.6662400364875793,-0.3954865634441376,-1.622965693473816,0.30523839592933655,2.225261926651001,1.78719961643219,0.6479521989822388,0.2338002324104309,0.1516369879245758,0.0011179879245758195,0.13122123336572936
1789260205.4035828,0.6770715713500977,0.6651033759117126,-0.39907556772232056,-1.626302719116211,0.3074943423271179,2.226412773132324,1.7864829301834106,0.6481272578239441,0.23131896555423737,0.15156181156635284,0.001042811566352858,0.12972151222939818
1789260205.4371657,0.677132785320282,0.66402268409729,-0.4027917981147766,-1.6302103996276855,0.30967286229133606,2.2273244857788086,1.7858158349990845,0.6480752825737,0.2286258041858673,0.15120971202850342,0.0006907120285034318,0.17582936122100767
1789260205.4707115,0.6751524209976196,0.6640016436576843,-0.4099104702472687,-1.6333236694335938,0.3155391812324524,2.2279629707336426,1.7827706336975098,0.6493026614189148,0.2230365127325058,0.15097223222255707,0.00045323222255708173,0.17913678902801208
1789260205.5042586,0.6719048023223877,0.6638354063034058,-0.4203328490257263,-1.637558102607727,0.3232245147228241,2.228398561477661,1.7787116765975952,0.6511370539665222,0.21458487212657928,0.15083931386470795,0.00032031386470796064,0.19281449969864173
1789260205.5378366,0.6680116057395935,0.6637125015258789,-0.43180274963378906,-1.6425341367721558,0.3313360810279846,2.228778600692749,1.7743237018585205,0.6529809832572937,0.20493488013744354,0.15055949985980988,4.049985980988935e-05,0.22899730459219447
1789260205.5714538,0.6647859811782837,0.6637307405471802,-0.4438544511795044,-1.6472842693328857,0.33995091915130615,2.229245901107788,1.769972562789917,0.6547683477401733,0.1954447478055954,0.1504308432340622,-8.815676593779131e-05,0.24147442349920606
1789260205.6050375,0.6607259511947632,0.6633991599082947,-0.4579116106033325,-1.653400182723999,0.3506942689418793,2.229799509048462,1.7641962766647339,0.6566102504730225,0.18414556980133057,0.15033277869224548,-0.00018622130775450274,0.24628834802245791
1789260205.638692,0.6558592915534973,0.663468062877655,-0.4730897843837738,-1.6597857475280762,0.36159777641296387,2.230468273162842,1.7582919597625732,0.658524751663208,0.1715274602174759,0.15013644099235535,-0.00038255900764463946,0.2624426388026188
1789260205.6722865,0.6514529585838318,0.6633169054985046,-0.4876502752304077,-1.666022777557373,0.37234190106391907,2.2311582565307617,1.7526146173477173,0.6601230502128601,0.1596059650182724,0.15012238919734955,-0.0003966108026504378,0.2533377797477128
1789260205.7058618,0.6473603844642639,0.6630120277404785,-0.5016098022460938,-1.6717662811279297,0.38265010714530945,2.231750965118408,1.7471563816070557,0.6615509390830994,0.14831741154193878,0.1503712683916092,-0.00014773160839079424,0.21760588102725667
1789260205.7394724,0.6437375545501709,0.6629534959793091,-0.5142619609832764,-1.6770700216293335,0.3918222486972809,2.2323741912841797,1.7422399520874023,0.6626384854316711,0.1380675584077835,0.15048950910568237,-2.9490894317613092e-05,0.19683190382077603
1789260205.7731063,0.6399548053741455,0.6628812551498413,-0.5274242758750916,-1.682692527770996,0.4015430808067322,2.232926845550537,1.737033486366272,0.6635693311691284,0.12738631665706635,0.1506292223930359,0.00011022239303590253,0.17245851507387558
1789260205.806667,0.6360194087028503,0.6626600623130798,-0.5388882756233215,-1.6879746913909912,0.4103296101093292,2.2335476875305176,1.7321745157241821,0.6642491817474365,0.11762344092130661,0.1507522016763687,0.00023320167636872724,0.13847642022149
1789260205.8402512,0.6337928175926208,0.6627209782600403,-0.5461417436599731,-1.69050133228302,0.41479361057281494,2.233725070953369,1.730055332183838,0.6647947430610657,0.11164968460798264,0.15104679763317108,0.0005277976331710954,0.145369962588823
1789260205.8738186,0.6326698064804077,0.6625878810882568,-0.5513302087783813,-1.6924502849578857,0.4190782308578491,2.233832836151123,1.7278825044631958,0.6650860905647278,0.10779959708452225,0.15131516754627228,0.0007961675462722917,0.10279207254188717
1789260205.9073977,0.6313645839691162,0.6626363396644592,-0.556335985660553,-1.69426691532135,0.42328977584838867,2.2340269088745117,1.725745677947998,0.6653892397880554,0.10393842309713364,0.15151053667068481,0.0009915366706848283,0.07132624918176021
1789260205.9410064,0.6303132176399231,0.6616034507751465,-0.5584578514099121,-1.6973998546600342,0.42448320984840393,2.2352850437164307,1.7241896390914917,0.6650958061218262,0.1015067994594574,0.15136882662773132,0.0008498266277313371,0.08156468806857739
1789260205.974605,0.6307058334350586,0.6585176587104797,-0.5570901036262512,-1.7027307748794556,0.4224519431591034,2.2375895977020264,1.7230796813964844,0.6638224720954895,0.10157373547554016,0.15098819136619568,0.00046919136619569257,0.10087055545943382
1789260206.0082245,0.631318986415863,0.6547827124595642,-0.555279016494751,-1.7074685096740723,0.4202694594860077,2.2402868270874023,1.7218936681747437,0.6628503799438477,0.10223105549812317,0.15118543803691864,0.000666438036918654,0.07132624918176021
1789260206.0418398,0.6316092014312744,0.6501961350440979,-0.5537777543067932,-1.7138482332229614,0.4179565906524658,2.24306321144104,1.7206295728683472,0.6614893674850464,0.1022302508354187,0.15128657221794128,0.000767572217941298,0.059347025446578223
1789260206.075389,0.6323119401931763,0.6422946453094482,-0.5510208606719971,-1.7256311178207397,0.4130021631717682,2.24898099899292,1.717866063117981,0.65901780128479,0.1021994799375534,0.1512007713317871,0.0006817713317871232,0.08156468806857739
1789260206.1089733,0.6332180500030518,0.632920503616333,-0.5477768182754517,-1.7388689517974854,0.4076535403728485,2.2551558017730713,1.715001106262207,0.6561559438705444,0.1024511530995369,0.15132027864456177,0.0008012786445617814,0.07912937001338383
1789260206.1425214,0.634153425693512,0.6239522099494934,-0.5446186661720276,-1.7512696981430054,0.4024825692176819,2.2614896297454834,1.7121895551681519,0.6535634398460388,0.10284031182527542,0.15155963599681854,0.0010406359968185563,0.059347025446578223
1789260206.1762109,0.6352829933166504,0.6145277619361877,-0.5410524606704712,-1.7652771472930908,0.3969428241252899,2.267637252807617,1.7092887163162231,0.6502857208251953,0.10333526879549026,0.15131819248199463,0.0007991924819946428,0.09278741380920028
1789260206.2097409,0.6363314390182495,0.6052333116531372,-0.5377758741378784,-1.778242826461792,0.3915387690067291,2.274134874343872,1.7064052820205688,0.6474769115447998,0.10382983833551407,0.15149575471878052,0.0009767547187805314,0.06852804325551864
1789260206.243297,0.6373412013053894,0.5960161685943604,-0.5345312356948853,-1.7916077375411987,0.38617831468582153,2.2803330421447754,1.7035006284713745,0.6444241404533386,0.1042340099811554,0.15143735706806183,0.0009183570680618425,0.09065408419654447
1789260206.2768958,0.6383885741233826,0.5879406929016113,-0.5313915610313416,-1.8035780191421509,0.38107913732528687,2.2865285873413086,1.7006789445877075,0.6417232751846313,0.1047978475689888,0.1512923240661621,0.0007733240661621232,0.09065408419654447
1789260206.310512,0.6391972303390503,0.5832844972610474,-0.529928982257843,-1.8096784353256226,0.37895864248275757,2.289085865020752,1.6994584798812866,0.6402857303619385,0.10530173778533936,0.15149852633476257,0.000979526334762587,0.08622923312351063
1789260206.3441913,0.6399298310279846,0.5796945095062256,-0.52860426902771,-1.8148739337921143,0.37688344717025757,2.291719436645508,1.6981958150863647,0.639079213142395,0.10573690384626389,0.15148310363292694,0.0009641036329269548,0.08622923312351063
1789260206.377745,0.6406415700912476,0.5760982036590576,-0.5274170637130737,-1.8204920291900635,0.3747456967830658,2.2943520545959473,1.6969324350357056,0.6377283334732056,0.10599233210086823,0.15132175385951996,0.0008027538595199724,0.10087055545943382
1789260206.4112923,0.6442644596099854,0.5738179683685303,-0.5297154784202576,-1.8249057531356812,0.3750010132789612,2.296311140060425,1.6956090927124023,0.6367282271385193,0.10629693418741226,0.15139202773571014,0.0008730277357101579,0.08392937202498843
1789260206.444858,0.6522121429443359,0.5717664361000061,-0.534999430179596,-1.8307828903198242,0.3775951862335205,2.2981553077697754,1.694028377532959,0.6351022720336914,0.10744433104991913,0.15121357142925262,0.0006945714292526384,0.10467832346762979
1789260206.4784582,0.6603866219520569,0.5694417357444763,-0.5400739908218384,-1.8363597393035889,0.38018718361854553,2.300055742263794,1.6924294233322144,0.6335828304290771,0.10893694311380386,0.15128470957279205,0.0007657095727920671,0.08622923312351063
1789260206.512075,0.6693211197853088,0.5667850971221924,-0.5464296936988831,-1.8430415391921997,0.3829178512096405,2.301953077316284,1.6907784938812256,0.6317912936210632,0.10995054244995117,0.15131054818630219,0.0007915481863021989,0.10467832346762979
1789260206.5456338,0.6834126114845276,0.5626074075698853,-0.5562338829040527,-1.8542662858963013,0.38742178678512573,2.30560564994812,1.6877881288528442,0.6287949681282043,0.11152424663305283,0.15109610557556152,0.0005771055755615373,0.12972151222939818
1789260206.579249,0.697582483291626,0.557868242263794,-0.5656718611717224,-1.865088939666748,0.39184778928756714,2.309150218963623,1.6848561763763428,0.6259297132492065,0.11346612870693207,0.1512874960899353,0.0007684960899353166,0.11190583714844751
1789260206.612824,0.7126739025115967,0.5531498193740845,-0.5754574537277222,-1.876428484916687,0.3965441882610321,2.312958240509033,1.6817467212677002,0.6228510737419128,0.11564767360687256,0.1513402909040451,0.0008212909040451188,0.09487278508118449
1789260206.6463652,0.7267166972160339,0.5485525131225586,-0.5852150917053223,-1.887556552886963,0.4008435010910034,2.316497564315796,1.6788045167922974,0.619878888130188,0.1171448677778244,0.1513810008764267,0.0008620008764267106,0.10279207254188717
1789260206.6799557,0.7414218783378601,0.5441465973854065,-0.5951511859893799,-1.899135947227478,0.40521353483200073,2.3201210498809814,1.675786018371582,0.6166600584983826,0.11879406869411469,0.1511763036251068,0.0006573036251068254,0.11703392759136522
1789260206.713621,0.7558201551437378,0.5395566821098328,-0.6053521037101746,-1.9104421138763428,0.40967458486557007,2.323786497116089,1.6727752685546875,0.6136466860771179,0.1201421245932579,0.15122579038143158,0.0007067903814315935,0.11869406681127799
1789260206.7472525,0.7706101536750793,0.534796953201294,-0.6152666211128235,-1.9220349788665771,0.41416963934898376,2.3273205757141113,1.6697272062301636,0.6104061007499695,0.12182646989822388,0.15118743479251862,0.0006684347925186296,0.1083523598284494
1789260206.7808428,0.7853318452835083,0.5298644304275513,-0.6256461143493652,-1.9335675239562988,0.4182545840740204,2.3310012817382812,1.6667150259017944,0.6073099374771118,0.12314895540475845,0.15134884417057037,0.0008298441705703874,0.10467832346762979
1789260206.814456,0.799665629863739,0.5250007510185242,-0.6356437802314758,-1.9449008703231812,0.4221009612083435,2.3344099521636963,1.6637839078903198,0.6041903495788574,0.12444058060646057,0.15145348012447357,0.0009344801244735856,0.10653118153060223
1789260206.8480651,0.8146538138389587,0.5203032493591309,-0.6462084054946899,-1.9567537307739258,0.4261850416660309,2.338085651397705,1.6607252359390259,0.600904643535614,0.1256415843963623,0.15138418972492218,0.000865189724922194,0.11703392759136522
1789260206.8816535,0.8292946219444275,0.5154702663421631,-0.65663081407547,-1.968617558479309,0.4301876127719879,2.341550827026367,1.6576945781707764,0.5975894331932068,0.12669049203395844,0.15132693946361542,0.0008079394636154313,0.12194656246489412
1789260206.9152393,0.8435919284820557,0.5109396576881409,-0.6664137244224548,-1.979853630065918,0.43405681848526,2.344928503036499,1.6548289060592651,0.594378650188446,0.1279573291540146,0.15123286843299866,0.0007138684329986711,0.12033130429241841
1789260206.9488122,0.8582417368888855,0.5059235095977783,-0.6770465970039368,-1.991606593132019,0.43803897500038147,2.348559856414795,1.651820182800293,0.5911672711372375,0.1288655698299408,0.15133656561374664,0.0008175656137466569,0.10653118153060223
1789260206.9824743,0.8729934096336365,0.5010911822319031,-0.6870595216751099,-2.00317645072937,0.4419698119163513,2.3520796298980713,1.6488244533538818,0.5878403186798096,0.13016894459724426,0.15128782391548157,0.0007688239154815812,0.09065408419654447
1789260207.0160885,0.8875380754470825,0.4962921142578125,-0.6981769800186157,-2.0147881507873535,0.4451944828033447,2.3559787273406982,1.6458288431167603,0.5847783088684082,0.1306060552597046,0.15142038464546204,0.00090138464546205,0.10279207254188717
1789260207.049726,0.9022365808486938,0.49142950773239136,-0.7090002298355103,-2.026764392852783,0.4484238922595978,2.359632730484009,1.6428242921829224,0.581438422203064,0.13120166957378387,0.15135443210601807,0.0008354321060180803,0.11869406681127799
1789260207.083332,0.9168031215667725,0.4866926968097687,-0.7198986411094666,-2.038278818130493,0.4516601264476776,2.363447666168213,1.6398513317108154,0.5783151984214783,0.1317356526851654,0.15141697227954865,0.0008979722795486589,0.12666881248565126
1789260207.116886,0.931542694568634,0.48163294792175293,-0.7308209538459778,-2.0501725673675537,0.4549253582954407,2.367121696472168,1.6368582248687744,0.5750124454498291,0.13229216635227203,0.15145520865917206,0.000936208659172072,0.12194656246489412
1789260207.150464,0.9458222389221191,0.47705933451652527,-0.7411988973617554,-2.0613036155700684,0.45803436636924744,2.3708226680755615,1.6340004205703735,0.5719073414802551,0.13295499980449677,0.1514497846364975,0.0009307846364975114,0.12033130429241841
1789260207.184243,0.9604671597480774,0.47196587920188904,-0.7524387240409851,-2.073183059692383,0.46127909421920776,2.3746156692504883,1.631001591682434,0.5686741471290588,0.13323237001895905,0.1515311449766159,0.0010121449766159196,0.11014342980975618
1789260207.2177927,0.9756815433502197,0.4672020673751831,-0.7633776068687439,-2.0852582454681396,0.4645542502403259,2.3783910274505615,1.627934217453003,0.5651742219924927,0.13388052582740784,0.15131759643554688,0.0007985964355468889,0.1083523598284494
1789260207.2513628,0.9897773861885071,0.46238622069358826,-0.7744836807250977,-2.09659743309021,0.46707090735435486,2.381934642791748,1.624969720840454,0.562082827091217,0.13390423357486725,0.1513889580965042,0.0008699580965042253,0.11869406681127799
1789260207.2849584,1.0045568943023682,0.4573929011821747,-0.7858183979988098,-2.1083476543426514,0.4694534242153168,2.3855881690979004,1.621960997581482,0.5587996244430542,0.13408342003822327,0.1514052152633667,0.0008862152633667131,0.13270400689029618
1789260207.3185666,1.0192066431045532,0.4524146020412445,-0.7975647449493408,-2.1199231147766113,0.47189226746559143,2.3895175457000732,1.6188938617706299,0.555718719959259,0.13398629426956177,0.15154875814914703,0.0010297581491470476,0.13847642022149
1789260207.3522036,1.0337623357772827,0.4472695291042328,-0.8090090751647949,-2.1315910816192627,0.4742712378501892,2.393141746520996,1.615919589996338,0.5524879097938538,0.13398714363574982,0.15161441266536713,0.0010954126653671403,0.13122123336572936
1789260207.3857896,1.0485138893127441,0.4425028860569,-0.8205975294113159,-2.143103837966919,0.47652366757392883,2.39703631401062,1.6128664016723633,0.5493212342262268,0.1339648813009262,0.15160559117794037,0.0010865911779403825,0.145369962588823
1789260207.4193902,1.0626987218856812,0.43756040930747986,-0.8319365978240967,-2.1545827388763428,0.47874271869659424,2.400559186935425,1.6099003553390503,0.5461150407791138,0.13378824293613434,0.1515708714723587,0.0010518714723587175,0.13562092827251515
1789260207.453009,1.0779047012329102,0.4326150417327881,-0.8435981869697571,-2.1663644313812256,0.4810609519481659,2.404374599456787,1.6068164110183716,0.5427517890930176,0.13391001522541046,0.15147501230239868,0.0009560123023986955,0.12972151222939818
1789260207.4866312,1.0924607515335083,0.42752447724342346,-0.8558141589164734,-2.1778862476348877,0.48283910751342773,2.408055543899536,1.6036936044692993,0.5396444201469421,0.13341931998729706,0.15157808363437653,0.0010590836343765397,0.1341703946898555
1789260207.5202658,1.106803297996521,0.4226398766040802,-0.8672904968261719,-2.1889147758483887,0.48444652557373047,2.4115827083587646,1.6007283926010132,0.5365546941757202,0.13326875865459442,0.15160788595676422,0.001088885956764235,0.1341703946898555
1789260207.5538301,1.1213786602020264,0.4176347255706787,-0.8797462582588196,-2.200331926345825,0.4861694574356079,2.415372371673584,1.59763765335083,0.5335034728050232,0.1326497346162796,0.15169315040111542,0.0011741504011154313,0.1370561110185936
1789260207.587396,1.136091709136963,0.41279691457748413,-0.891595184803009,-2.211740732192993,0.48763710260391235,2.4189040660858154,1.5945968627929688,0.5302321314811707,0.13237081468105316,0.15155750513076782,0.0010385051307678361,0.13847642022149
1789260207.6210594,1.15073823928833,0.40790921449661255,-0.9041842222213745,-2.2228283882141113,0.48892590403556824,2.4226980209350586,1.5914593935012817,0.5272747278213501,0.13173525035381317,0.15166617929935455,0.001147179299354567,0.1480375253231069
1789260207.6546829,1.1654223203659058,0.4027782082557678,-0.9166558384895325,-2.2341349124908447,0.4901958703994751,2.426342010498047,1.5883458852767944,0.5241632461547852,0.13116230070590973,0.15170080959796906,0.001181809597969069,0.13847642022149
1789260207.688282,1.1800408363342285,0.397966593503952,-0.9290187358856201,-2.2451729774475098,0.4914487600326538,2.430147409439087,1.5852007865905762,0.5211374163627625,0.13061340153217316,0.15168054401874542,0.0011615440187454362,0.13847642022149
1789260207.7218168,1.1947041749954224,0.39287102222442627,-0.9418452978134155,-2.256223201751709,0.4924315810203552,2.4337751865386963,1.582053542137146,0.5181427597999573,0.12987802922725677,0.15176381170749664,0.001244811707496657,0.13270400689029618
1789260207.7553916,1.2090152502059937,0.38842543959617615,-0.9539194703102112,-2.2668871879577637,0.4932669699192047,2.4372482299804688,1.5789953470230103,0.5151146650314331,0.129314586520195,0.1516023427248001,0.0010833427248001237,0.1412742076966625
1789260207.7889955,1.2236109972000122,0.3833656907081604,-0.9670208096504211,-2.2778687477111816,0.4941948354244232,2.4409475326538086,1.5758382081985474,0.5121699571609497,0.12840896844863892,0.15165865421295166,0.001139654212951674,0.12666881248565126
1789260207.8225412,1.2384107112884521,0.3786325752735138,-0.9796134233474731,-2.288562774658203,0.49477964639663696,2.444415330886841,1.5727033615112305,0.5091292858123779,0.12785689532756805,0.15157027542591095,0.0010512754259109636,0.12354070345060089
1789260207.8561115,1.2528831958770752,0.3740153908729553,-0.9932291507720947,-2.2988247871398926,0.49501311779022217,2.448063850402832,1.5694445371627808,0.5065009593963623,0.12669244408607483,0.1517390012741089,0.0012200012741089006,0.14670980696444608
1789260207.8897285,1.2677570581436157,0.3690059185028076,-1.0064241886138916,-2.3092050552368164,0.49519598484039307,2.4515540599823,1.566237449645996,0.5036587715148926,0.12598049640655518,0.1518426388502121,0.001323638850212111,0.13562092827251515
1789260207.9232824,1.2821663618087769,0.36456573009490967,-1.0198172330856323,-2.3196253776550293,0.4953795075416565,2.455021858215332,1.5630124807357788,0.5008323192596436,0.12483372539281845,0.15175819396972656,0.0012391939697265764,0.14670980696444608
1789260207.956865,1.2969467639923096,0.3598017394542694,-1.0332117080688477,-2.329963207244873,0.495524525642395,2.458528518676758,1.559829831123352,0.49799275398254395,0.12395007908344269,0.1517430543899536,0.0012240543899536271,0.13847642022149
1789260207.9904664,1.3111724853515625,0.35522085428237915,-1.0460501909255981,-2.3399477005004883,0.49564945697784424,2.4618239402770996,1.5567302703857422,0.49519333243370056,0.12312085181474686,0.15165063738822937,0.001131637388229384,0.12354070345060089
1789260208.0240417,1.3258863687515259,0.35065126419067383,-1.0596203804016113,-2.3502089977264404,0.49581098556518555,2.4654531478881836,1.553499698638916,0.49238893389701843,0.12211205065250397,0.15155121684074402,0.0010322168407440324,0.11190583714844751
1789260208.057643,1.3412069082260132,0.3459068536758423,-1.0734543800354004,-2.360281467437744,0.49587374925613403,2.4688141345977783,1.550188422203064,0.48956039547920227,0.12135770171880722,0.15152403712272644,0.0010050371227264543,0.09065408419654447
1789260208.091254,1.355102300643921,0.3420100212097168,-1.0873112678527832,-2.369161605834961,0.4954897463321686,2.4719150066375732,1.5470246076583862,0.4872986972332001,0.12002138048410416,0.15165312588214874,0.0011341258821487565,0.1083523598284494
1789260208.1248336,1.3699601888656616,0.3378031253814697,-1.1012351512908936,-2.3780875205993652,0.494890421628952,2.475163698196411,1.5437777042388916,0.48493099212646484,0.11915866285562515,0.15181134641170502,0.001292346411705031,0.11869406681127799
1789260208.1583946,1.3844401836395264,0.33365219831466675,-1.115330457687378,-2.387207269668579,0.4942929446697235,2.478297472000122,1.5405417680740356,0.482503741979599,0.11798683553934097,0.15185542404651642,0.0013364240465164323,0.12354070345060089
1789260208.1921453,1.3992033004760742,0.3295651376247406,-1.1293261051177979,-2.3965601921081543,0.4936508238315582,2.481306552886963,1.5372880697250366,0.47987204790115356,0.11694036424160004,0.1517297327518463,0.0012107327518463273,0.11869406681127799
1789260208.2257159,1.4138997793197632,0.32536396384239197,-1.1435102224349976,-2.405524969100952,0.4930432438850403,2.4845993518829346,1.5340090990066528,0.47748419642448425,0.11589343845844269,0.1517646163702011,0.0012456163702011247,0.11364091540157657
1789260208.259274,1.4281651973724365,0.3211880326271057,-1.1570966243743896,-2.414459705352783,0.4924594759941101,2.487638235092163,1.5308557748794556,0.4749799966812134,0.11493612825870514,0.1516449898481369,0.0011259898481369157,0.08392937202498843
1789260208.2928884,1.443189263343811,0.31716811656951904,-1.1715471744537354,-2.423736095428467,0.4917074143886566,2.4907782077789307,1.5275574922561646,0.47237372398376465,0.1138307973742485,0.15146028995513916,0.000941289955139174,0.08156468806857739
1789260208.326525,1.4573397636413574,0.31384098529815674,-1.1854759454727173,-2.430979013442993,0.49076223373413086,2.493408441543579,1.524426817893982,0.47051721811294556,0.11292237788438797,0.1516990065574646,0.0011800065574646135,0.09278741380920028
1789260208.3601983,1.472133755683899,0.31042900681495667,-1.1995385885238647,-2.438687801361084,0.48974063992500305,2.496021270751953,1.5212619304656982,0.4683849513530731,0.11216510832309723,0.15176551043987274,0.0012465104398727556,0.09891171693842998
1789260208.3937376,1.4867465496063232,0.3071662485599518,-1.2139564752578735,-2.446725845336914,0.48873189091682434,2.498600482940674,1.5180689096450806,0.4661564826965332,0.11106846481561661,0.15169866383075714,0.001179663830757155,0.1083523598284494
1789260208.4273877,1.5009288787841797,0.3039155602455139,-1.2276453971862793,-2.453808069229126,0.487746924161911,2.501187801361084,1.515047311782837,0.4642578959465027,0.11033321171998978,0.15182124078273773,0.0013022407827377458,0.11190583714844751
1789260208.460976,1.5083849430084229,0.3021656572818756,-1.2352702617645264,-2.4577863216400146,0.48715028166770935,2.502598762512207,1.5132558345794678,0.4632188677787781,0.10970088839530945,0.15184932947158813,0.0013303294715881486,0.11364091540157657
1789260208.5016694,1.5100983381271362,0.301755428314209,-1.236870527267456,-2.458672046661377,0.48701584339141846,2.502950668334961,1.512856125831604,0.46297359466552734,0.10963140428066254,0.15184693038463593,0.0013279303846359392,0.11190583714844751
1789260208.5414991,1.5100791454315186,0.3017445206642151,-1.2368069887161255,-2.458404302597046,0.48702338337898254,2.5029635429382324,1.5128660202026367,0.463085800409317,0.10971591621637344,0.1519337147474289,0.001414714747428908,0.11703392759136522
1789260208.586505,1.5099653005599976,0.3018075227737427,-1.2368155717849731,-2.458484649658203,0.4870322346687317,2.502946138381958,1.5128780603408813,0.4630602300167084,0.10962997376918793,0.15189681947231293,0.001377819472312941,0.11703392759136522
1789260208.6256595,1.5099951028823853,0.3017938733100891,-1.2367887496948242,-2.458423137664795,0.4870334267616272,2.5029478073120117,1.5128809213638306,0.46308016777038574,0.10967269539833069,0.1519165188074112,0.0013975188074112077,0.11703392759136522
1789260208.6657057,1.5099502801895142,0.3018067479133606,-1.2368043661117554,-2.458423137664795,0.48703426122665405,2.502946138381958,1.5128778219223022,0.4630870819091797,0.10964272916316986,0.1519167125225067,0.0013977125225067277,0.11703392759136522
1789260208.7055042,1.5099776983261108,0.3018041253089905,-1.2367955446243286,-2.4584147930145264,0.4870374798774719,2.502946138381958,1.5128759145736694,0.46308633685112,0.1096619963645935,0.15191876888275146,0.0013997688827514787,0.11703392759136522
1789260208.7446077,1.5099490880966187,0.3018054962158203,-1.23679518699646,-2.458444118499756,0.48703262209892273,2.5029473304748535,1.512878179550171,0.46307677030563354,0.109641432762146,0.1519085019826889,0.0013895019826889177,0.11869406681127799
1789260208.7885575,1.5099791288375854,0.30180424451828003,-1.2367833852767944,-2.4584109783172607,0.4870336055755615,2.502948760986328,1.5128836631774902,0.46308645606040955,0.10966865718364716,0.1519186645746231,0.0013996645746231218,0.11703392759136522
1789260208.8224814,1.509946346282959,0.30188238620758057,-1.2367815971374512,-2.458416700363159,0.4870750308036804,2.5029451847076416,1.5128916501998901,0.46308594942092896,0.10964114218950272,0.1519053727388382,0.0013863727388382097,0.12033130429241841
1789260208.85621,1.509957194328308,0.3019632399082184,-1.2367393970489502,-2.458395004272461,0.4870914816856384,2.5029373168945312,1.512905478477478,0.4630851447582245,0.10965654253959656,0.15189537405967712,0.0013763740596771379,0.12511453444308365
1789260208.8898563,1.509957194328308,0.30196306109428406,-1.2367326021194458,-2.4583959579467773,0.4870910048484802,2.502939462661743,1.5129061937332153,0.46308407187461853,0.10965929925441742,0.15189427137374878,0.0013752713737487932,0.12033130429241841
1789260208.9234378,1.5099657773971558,0.3019682466983795,-1.2367217540740967,-2.4583897590637207,0.48709332942962646,2.5029377937316895,1.5129050016403198,0.46308377385139465,0.10966881364583969,0.15189412236213684,0.0013751223621368547,0.12354070345060089
1789260208.957061,1.5099587440490723,0.30196961760520935,-1.2367326021194458,-2.458380937576294,0.48709654808044434,2.502936840057373,1.5129103660583496,0.46308988332748413,0.109662726521492,0.15189841389656067,0.0013794138965606828,0.12511453444308365
1789260208.9906366,1.509961724281311,0.30197033286094666,-1.236722469329834,-2.4583804607391357,0.4870982766151428,2.5029377937316895,1.5129039287567139,0.46308842301368713,0.10966868698596954,0.1518971472978592,0.0013781472978592058,0.12354070345060089
1789260209.0242078,1.5099518299102783,0.30196794867515564,-1.2367290258407593,-2.4583795070648193,0.48710066080093384,2.5029373168945312,1.512905478477478,0.4630908668041229,0.10966198891401291,0.15189871191978455,0.0013797119197845598,0.12511453444308365
1789260209.0578158,1.509960651397705,0.30196619033813477,-1.2367244958877563,-2.4583795070648193,0.4871017038822174,2.5029349327087402,1.5129138231277466,0.4630887508392334,0.10966851562261581,0.1518981158733368,0.0013791158733368059,0.12511453444308365
1789260209.0913858,1.5099667310714722,0.3019689619541168,-1.2367160320281982,-2.4583797454833984,0.48710131645202637,2.502936601638794,1.5129088163375854,0.46308696269989014,0.10967447608709335,0.1518966555595398,0.0013776555595398088,0.12511453444308365
1789260209.1250367,1.5083411931991577,0.3017062842845917,-1.2352347373962402,-2.4582931995391846,0.48681455850601196,2.5029640197753906,1.5108516216278076,0.46307528018951416,0.10963321477174759,0.15176476538181305,0.0012457653818130632,0.1083523598284494
1789260209.1586566,1.5054339170455933,0.3010948598384857,-1.2321490049362183,-2.4582083225250244,0.4859679639339447,2.502988338470459,1.5068525075912476,0.462949275970459,0.109746053814888,0.1514645218849182,0.0009455218849182268,0.08392937202498843
1789260209.1922536,1.500108003616333,0.3003813326358795,-1.22706937789917,-2.4574780464172363,0.4838634431362152,2.503218173980713,1.4995861053466797,0.4630930721759796,0.10972608625888824,0.1511543095111847,0.0006353095111847062,0.09691329395132914
1789260209.225839,1.491112470626831,0.29894283413887024,-1.2190741300582886,-2.4552018642425537,0.4802827537059784,2.5036227703094482,1.4878534078598022,0.46389633417129517,0.10971950739622116,0.1511145830154419,0.0005955830154419084,0.09691329395132914
1789260209.2594998,1.4818053245544434,0.2977338135242462,-1.2104136943817139,-2.453455924987793,0.4766251742839813,2.5038704872131348,1.47567880153656,0.46436378359794617,0.1097031682729721,0.15076743066310883,0.00024843066310883954,0.1341703946898555
1789260209.2932792,1.4685027599334717,0.2957363724708557,-1.197959542274475,-2.4503042697906494,0.47100377082824707,2.504392623901367,1.4578466415405273,0.4653543531894684,0.10989690572023392,0.15056703984737396,4.803984737397626e-05,0.15450506866003139
1789260209.3268871,1.4578081369400024,0.29435157775878906,-1.1882485151290894,-2.447983741760254,0.46660029888153076,2.5048000812530518,1.4434751272201538,0.4661060571670532,0.10983872413635254,0.15035544335842133,-0.00016355664157866046,0.1834539611091176
1789260209.3605678,1.454851508140564,0.2938064634799957,-1.1855405569076538,-2.4473836421966553,0.46516430377960205,2.5048983097076416,1.4389358758926392,0.46629226207733154,0.10984227806329727,0.1503075659275055,-0.00021143407249449298,0.19281449969864173
1789260209.4004993,1.4546465873718262,0.2937988042831421,-1.185243844985962,-2.447359800338745,0.46511027216911316,2.504908800125122,1.4387702941894531,0.4662805497646332,0.10988469421863556,0.15027929842472076,-0.00023970157527922198,0.19382665722055112
1789260209.4455068,1.4546713829040527,0.2937867045402527,-1.185291051864624,-2.447293996810913,0.46512070298194885,2.504903793334961,1.4388022422790527,0.46631360054016113,0.10989288985729218,0.15030986070632935,-0.00020913929367064044,0.18974563519333634
1789260209.4884799,1.4547301530838013,0.2937953770160675,-1.1852790117263794,-2.4473092555999756,0.4651179611682892,2.5048999786376953,1.4388128519058228,0.4662974774837494,0.10992056876420975,0.1503012329339981,-0.00021776706600187823,0.19179700087998583
1789260209.527638,1.454705834388733,0.29379478096961975,-1.185314416885376,-2.4473342895507812,0.4651215374469757,2.504899263381958,1.4388203620910645,0.4662945866584778,0.10988779366016388,0.15029719471931458,-0.00022180528068541094,0.19281449969864173
1789260209.5666468,1.4547640085220337,0.29379481077194214,-1.1852784156799316,-2.447305917739868,0.4651223421096802,2.504899263381958,1.4388188123703003,0.4662950038909912,0.10993777215480804,0.15030235052108765,-0.00021664947891233965,0.19179700087998583
1789260209.6065457,1.4547266960144043,0.29379650950431824,-1.1853175163269043,-2.447328567504883,0.46512269973754883,2.504897117614746,1.4388165473937988,0.4662948548793793,0.1098972037434578,0.15029914677143097,-0.0002198532285690169,0.19281449969864173
1789260209.6466155,1.4547580480575562,0.29379650950431824,-1.1852903366088867,-2.4473304748535156,0.4651251435279846,2.5049006938934326,1.4388164281845093,0.4662870168685913,0.10992375016212463,0.15029525756835938,-0.00022374243164061114,0.19281449969864173
1789260209.6801913,1.4547158479690552,0.29381251335144043,-1.1853193044662476,-2.447300672531128,0.4651453197002411,2.5048987865448,1.4388253688812256,0.46630871295928955,0.10989606380462646,0.1503066122531891,-0.00021238774681089923,0.19179700087998583
1789260209.713797,1.4547523260116577,0.29392579197883606,-1.1852896213531494,-2.4473369121551514,0.465160608291626,2.5048909187316895,1.4388231039047241,0.4662801921367645,0.10989860445261002,0.15027089416980743,-0.00024810583019255206,0.19683190382077603
1789260209.747391,1.454757809638977,0.29393985867500305,-1.1852864027023315,-2.4473299980163574,0.46516236662864685,2.504887819290161,1.4388259649276733,0.46628114581108093,0.1099018082022667,0.15027035772800446,-0.00024864227199553057,0.1988101655906956
1789260209.7810183,1.454757809638977,0.2939451038837433,-1.1852903366088867,-2.447333812713623,0.4651647210121155,2.504887104034424,1.4388349056243896,0.4662797451019287,0.10989832878112793,0.15026864409446716,-0.00025035590553282305,0.199791951149457
1789260209.8146532,1.4547492265701294,0.2939479947090149,-1.185299277305603,-2.4473214149475098,0.4651685357093811,2.5048887729644775,1.4388339519500732,0.46628791093826294,0.10989277809858322,0.15027378499507904,-0.0002452150049209456,0.1988101655906956
1789260209.848255,1.4547609090805054,0.2939494252204895,-1.1852833032608032,-2.4473345279693604,0.46516627073287964,2.5048844814300537,1.4388329982757568,0.4662773907184601,0.10990215092897415,0.15026654303073883,-0.00025245696926115557,0.199791951149457
1789260209.8818915,1.4547619819641113,0.29394766688346863,-1.1852924823760986,-2.4473326206207275,0.4651671350002289,2.5048861503601074,1.438828706741333,0.4662799835205078,0.10989927500486374,0.15026885271072388,-0.0002501472892761092,0.199791951149457
1789260209.9154963,1.4547615051269531,0.2939511835575104,-1.1852914094924927,-2.447333335876465,0.46516770124435425,2.5048861503601074,1.4388302564620972,0.4662795066833496,0.10989876091480255,0.1502678543329239,-0.000251145667076097,0.1988101655906956
1789260209.9490523,1.4547592401504517,0.2939525842666626,-1.1852905750274658,-2.4473280906677246,0.46516674757003784,2.504882574081421,1.4388357400894165,0.46628108620643616,0.10989902168512344,0.150269016623497,-0.00024998337650297686,0.1988101655906956
1789260209.982616,1.4542993307113647,0.29378214478492737,-1.1850217580795288,-2.4472010135650635,0.46511518955230713,2.504871129989624,1.4389384984970093,0.4663461148738861,0.10986381024122238,0.150304913520813,-0.00021408647918699786,0.18871159039859822
1789260210.016226,1.4519667625427246,0.2925543487071991,-1.182547926902771,-2.446563482284546,0.4641111493110657,2.5049495697021484,1.4394097328186035,0.4665309190750122,0.11020900309085846,0.15041306614875793,-0.00010593385124205157,0.15450506866003139
1789260210.049811,1.4488637447357178,0.29127076268196106,-1.1790825128555298,-2.445941686630249,0.46263572573661804,2.505279779434204,1.440029501914978,0.466689795255661,0.11062029004096985,0.1504223495721817,-9.665042781828448e-05,0.13847642022149
1789260210.0834048,1.4420428276062012,0.28920778632164,-1.171981692314148,-2.4449942111968994,0.45836982131004333,2.505910873413086,1.441686749458313,0.46689847111701965,0.11100662499666214,0.1502419263124466,-0.0002770736875533919,0.16432452156180907
1789260210.1170595,1.4350157976150513,0.2876359522342682,-1.1638845205307007,-2.4441921710968018,0.454029381275177,2.5063979625701904,1.4433523416519165,0.4668714106082916,0.11163083463907242,0.1498023122549057,-0.0007166877450942855,0.23406797725889517
1789260210.1506648,1.4242808818817139,0.2843705117702484,-1.1519454717636108,-2.4426968097686768,0.44721105694770813,2.507270574569702,1.446068525314331,0.46707528829574585,0.11260480433702469,0.14947283267974854,-0.001046167320251451,0.2859902821318441
1789260210.184286,1.4128952026367188,0.2815681993961334,-1.1396931409835815,-2.4412879943847656,0.4402652978897095,2.5081892013549805,1.4488153457641602,0.46727508306503296,0.1133185476064682,0.14903491735458374,-0.001484082645416246,0.35277023000569374
1789260210.217854,1.3997626304626465,0.2778438925743103,-1.1251100301742554,-2.4398114681243896,0.43206557631492615,2.509169340133667,1.452040672302246,0.4673826992511749,0.11441068351268768,0.14855822920799255,-0.0019607707920074324,0.4297834618847051
1789260210.2514544,1.386874794960022,0.27452701330184937,-1.1109793186187744,-2.437983989715576,0.42405965924263,2.5102663040161133,1.455216646194458,0.46772173047065735,0.11543983221054077,0.1482461541891098,-0.002272845810890184,0.4747775407045204
1789260210.2850778,1.3736556768417358,0.27084293961524963,-1.0963642597198486,-2.4364662170410156,0.4159393608570099,2.511258363723755,1.4584983587265015,0.46789366006851196,0.11654474586248398,0.14788784086704254,-0.0026311591329574446,0.5322902695241459
1789260210.318616,1.3603700399398804,0.26729273796081543,-1.081896424293518,-2.4346537590026855,0.40767890214920044,2.512378215789795,1.4617639780044556,0.468269944190979,0.11759867519140244,0.1476912796497345,-0.002827720350265489,0.5612771459335486
1789260210.3521993,1.347125768661499,0.26357871294021606,-1.0672210454940796,-2.4330058097839355,0.39943844079971313,2.513411045074463,1.4650757312774658,0.46854376792907715,0.11877754330635071,0.14749924838542938,-0.003019751614570604,0.5931430792477016
1789260210.3858292,1.333700180053711,0.2600695490837097,-1.0526524782180786,-2.4312069416046143,0.39108678698539734,2.514498472213745,1.4683688879013062,0.4689474105834961,0.11982610821723938,0.1473904401063919,-0.0031285598936080794,0.6106975650420225
1789260210.4194565,1.320921778678894,0.2565702795982361,-1.0383598804473877,-2.4296393394470215,0.38314715027809143,2.515489101409912,1.4715713262557983,0.4692154824733734,0.12103268504142761,0.1472764015197754,-0.0032425984802245955,0.6296288075574027
1789260210.4530406,1.3072288036346436,0.2528183162212372,-1.0235215425491333,-2.4279346466064453,0.3748314380645752,2.5165882110595703,1.474919080734253,0.4696213901042938,0.12213218957185745,0.1472787708044052,-0.0032402291955947737,0.6305604507173341
1789260210.486681,1.2940937280654907,0.24926814436912537,-1.0087473392486572,-2.426264762878418,0.3664765954017639,2.517603635787964,1.4781914949417114,0.4699481725692749,0.12343065440654755,0.14728009700775146,-0.0032389029922485213,0.6339647628357881
1789260210.52034,1.2811099290847778,0.24577383697032928,-0.9947852492332458,-2.424637794494629,0.35861197113990784,2.5186257362365723,1.481361985206604,0.470389187335968,0.12443720549345016,0.14739318192005157,-0.0031258180799484114,0.6180230834903567
1789260210.5539517,1.2678622007369995,0.24218210577964783,-0.9798938632011414,-2.422900915145874,0.35019832849502563,2.5196614265441895,1.4846632480621338,0.47078806161880493,0.1257786750793457,0.14753438532352448,-0.002984614676475511,0.600682710406109
1789260210.58754,1.2545216083526611,0.23847977817058563,-0.9656877517700195,-2.4211559295654297,0.3422015905380249,2.5207197666168213,1.4879026412963867,0.4713468849658966,0.126806378364563,0.14783579111099243,-0.0026832088890075545,0.5574291121090637
1789260210.6211824,1.2413734197616577,0.2349579781293869,-0.9508552551269531,-2.419508457183838,0.3339720368385315,2.5217554569244385,1.4912221431732178,0.47174072265625,0.1281646490097046,0.14805036783218384,-0.0024686321678161482,0.5278605610242137
1789260210.6547358,1.2279205322265625,0.23137353360652924,-0.9364446997642517,-2.4178240299224854,0.3257080614566803,2.522797107696533,1.494537115097046,0.47228559851646423,0.12920545041561127,0.148393452167511,-0.002125547832489,0.4796976752217232
1789260210.6883292,1.2149099111557007,0.22781120240688324,-0.9216760993003845,-2.416139841079712,0.31750133633613586,2.5238261222839355,1.4977718591690063,0.4727303087711334,0.13063158094882965,0.1487542986869812,-0.001764701313018785,0.4288719328188791
1789260210.7219033,1.2014110088348389,0.22413015365600586,-0.9072869420051575,-2.414396286010742,0.30922383069992065,2.5249030590057373,1.5010546445846558,0.4733668267726898,0.13168339431285858,0.14926736056804657,-0.0012516394319534163,0.35608270981587586
1789260210.7554593,1.1901708841323853,0.2211398035287857,-0.8944296836853027,-2.4130194187164307,0.30237871408462524,2.525763511657715,1.5038293600082397,0.4737209975719452,0.13295502960681915,0.14961163699626923,-0.0009073630037307601,0.3064670732398903
1789260210.789117,1.1791611909866333,0.21821847558021545,-0.882510781288147,-2.411663055419922,0.29561683535575867,2.5266034603118896,1.5065162181854248,0.4741969108581543,0.13388052582740784,0.15004712343215942,-0.0004718765678405623,0.24549258269372118
1789260210.8227465,1.1703219413757324,0.21573975682258606,-0.8728014826774597,-2.4104456901550293,0.29011738300323486,2.527325391769409,1.5086685419082642,0.4746420383453369,0.13473902642726898,0.15050500631332397,-1.399368667601153e-05,0.18238424868700404
1789260210.8563526,1.1640119552612305,0.21425001323223114,-0.8657137155532837,-2.409357786178589,0.2865558862686157,2.5277059078216553,1.510090947151184,0.47498613595962524,0.13544179499149323,0.15081560611724854,0.000296606117248549,0.13847642022149
1789260210.8900654,1.158362865447998,0.2130046784877777,-0.8597437143325806,-2.4084925651550293,0.2834245562553406,2.5281031131744385,1.5113639831542969,0.47531768679618835,0.1358584761619568,0.15107199549674988,0.0005529954967498918,0.10467832346762979
1789260210.9236746,1.15608549118042,0.21178339421749115,-0.8571346998214722,-2.4086949825286865,0.28106430172920227,2.528477907180786,1.5123602151870728,0.47527623176574707,0.1360810399055481,0.15120717883110046,0.0006881788311004777,0.08392937202498843
1789260210.9572504,1.1543822288513184,0.2104773074388504,-0.8551030158996582,-2.4088289737701416,0.2787870764732361,2.5289101600646973,1.513342261314392,0.47530296444892883,0.1363326609134674,0.15144793689250946,0.0009289368925094743,0.05233915627441309
1789260210.99084,1.1564435958862305,0.20710501074790955,-0.8565777540206909,-2.41206431388855,0.2740357518196106,2.5300915241241455,1.5156481266021729,0.4743514060974121,0.1362975835800171,0.15155667066574097,0.0010376706657409807,0.05595291190411357
1789260211.0244646,1.1589492559432983,0.20338818430900574,-0.8588390946388245,-2.4156675338745117,0.2693597376346588,2.531301259994507,1.5179122686386108,0.47333571314811707,0.1360880732536316,0.1516968309879303,0.0011778309879303117,0.06852804325551864
1789260211.058024,1.1624780893325806,0.19722974300384521,-0.8617680668830872,-2.421274185180664,0.26076361536979675,2.5335474014282227,1.5220593214035034,0.4718087911605835,0.13588576018810272,0.15200285613536835,0.001483856135368361,0.10653118153060223
1789260211.0916257,1.1664960384368896,0.18953406810760498,-0.8648979067802429,-2.428102970123291,0.2508513629436493,2.5359230041503906,1.5267632007598877,0.46983885765075684,0.13578639924526215,0.1523459404706955,0.0018269404706955095,0.13562092827251515
1789260211.125179,1.171279788017273,0.1808517724275589,-0.8686760067939758,-2.435513734817505,0.23900851607322693,2.5389668941497803,1.5323859453201294,0.4678177237510681,0.13573403656482697,0.15285563468933105,0.0023366346893310685,0.1866263135942662
1789260211.1587539,1.1775083541870117,0.16978900134563446,-0.8735150098800659,-2.4465198516845703,0.22400134801864624,2.5422990322113037,1.5395426750183105,0.46439123153686523,0.13544224202632904,0.15283632278442383,0.002317322784423842,0.2733976504176824
1789260211.1923568,1.183955430984497,0.15783648192882538,-0.8785552382469177,-2.4564146995544434,0.20827560126781464,2.546478509902954,1.5468988418579102,0.46167680621147156,0.1355588138103485,0.15351636707782745,0.0029973670778274675,0.29936148012723174
1789260211.2259445,1.1909550428390503,0.14471673965454102,-0.8846936821937561,-2.4687023162841797,0.19067223370075226,2.5507278442382812,1.5552953481674194,0.45805737376213074,0.1351330429315567,0.15367130935192108,0.0031523093519210954,0.3582740158310247
1789260211.2596192,1.198377013206482,0.13155531883239746,-0.8901574015617371,-2.4803528785705566,0.17330916225910187,2.555156707763672,1.5635851621627808,0.454557865858078,0.13542279601097107,0.15396983921527863,0.0034508392152786393,0.38308409842940866
1789260211.2931926,1.2056334018707275,0.11868304759263992,-0.8958854079246521,-2.492227792739868,0.1557713896036148,2.559386730194092,1.5719424486160278,0.45092058181762695,0.13547538220882416,0.15402285754680634,0.0035038575468063493,0.42104426910032394
1789260211.3267846,1.2129039764404297,0.10559162497520447,-0.9016362428665161,-2.504213333129883,0.13834376633167267,2.5636744499206543,1.5802748203277588,0.44721686840057373,0.1356140524148941,0.15403050184249878,0.003511501842498793,0.4338616445003961
1789260211.3603628,1.2195773124694824,0.0928485170006752,-0.9075233936309814,-2.5155951976776123,0.12139105796813965,2.5678882598876953,1.5883759260177612,0.4438059329986572,0.13555851578712463,0.15408439934253693,0.00356539934253694,0.430693061809108
1789260211.3940709,1.2271173000335693,0.07978471368551254,-0.9130586385726929,-2.5277349948883057,0.10369886457920074,2.5721828937530518,1.5967826843261719,0.4398760497570038,0.1360073983669281,0.1538790911436081,0.003360091143608107,0.4311471421598645
1789260211.427721,1.2347211837768555,0.06641840189695358,-0.9188138246536255,-2.53969407081604,0.08568359911441803,2.5766923427581787,1.60532808303833,0.4360716640949249,0.13653595745563507,0.15377958118915558,0.0032605811891555925,0.40973895341170324
1789260211.461316,1.2414579391479492,0.05370186269283295,-0.9246640801429749,-2.5514068603515625,0.06870226562023163,2.580733060836792,1.6134475469589233,0.4323223829269409,0.13666190207004547,0.15348586440086365,0.0029668644008636613,0.3810354981072366
1789260211.494898,1.2485653162002563,0.040715496987104416,-0.9304538369178772,-2.563018321990967,0.05126002058386803,2.5852229595184326,1.6217315196990967,0.42862480878829956,0.13711661100387573,0.1532759964466095,0.002756996446609511,0.33161292427421446
1789260211.5286398,1.2551438808441162,0.028911320492625237,-0.9354369044303894,-2.573692798614502,0.03553205728530884,2.5890562534332275,1.6291835308074951,0.42505818605422974,0.1377316117286682,0.15296365320682526,0.00244465320682527,0.27906453641602885
1789260211.5622454,1.261683464050293,0.017823059111833572,-0.9402661919593811,-2.583963394165039,0.02048603631556034,2.592913866043091,1.636415719985962,0.42158231139183044,0.1384170651435852,0.15256395936012268,0.0020449593601226945,0.228141235772435
1789260211.5958312,1.2659934759140015,0.009254123084247112,-0.9442510008811951,-2.5916225910186768,0.009214010089635849,2.595529079437256,1.6415332555770874,0.419062077999115,0.13859598338603973,0.1522952914237976,0.0017762914237976213,0.17693870661400976
1789260211.6300704,1.270141363143921,0.00143713247962296,-0.9479039311408997,-2.5985567569732666,-0.001264934311620891,2.598112106323242,1.6463736295700073,0.416782408952713,0.13888590037822723,0.15206430852413177,0.0015453085241317888,0.12972151222939818
1789260211.663654,1.2734019756317139,-0.00403974112123251,-0.9499982595443726,-2.6038990020751953,-0.008580319583415985,2.599733591079712,1.6502734422683716,0.4147939085960388,0.13935737311840057,0.15170200169086456,0.0011830016908645768,0.12354070345060089
1789260211.6972756,1.2758985757827759,-0.008111576549708843,-0.9514629244804382,-2.6072773933410645,-0.014052157290279865,2.6014184951782227,1.6537381410598755,0.41366222500801086,0.1399080455303192,0.15168096125125885,0.001161961251258864,0.07401874722002606
1789260211.7309046,1.2773725986480713,-0.011126823723316193,-0.9534198641777039,-2.610321283340454,-0.0179278664290905,2.602231502532959,1.6547502279281616,0.4126491844654083,0.13969577848911285,0.15142841637134552,0.0009094163713455339,0.09065408419654447
1789260211.7645335,1.2772423028945923,-0.011990608647465706,-0.9565088748931885,-2.6104929447174072,-0.019731221720576286,2.602480411529541,1.6499125957489014,0.4131236970424652,0.13845418393611908,0.15159477293491364,0.0010757729349136491,0.0625572578997782
1789260211.798155,1.2769904136657715,-0.012922092340886593,-0.9603227972984314,-2.611334800720215,-0.021541763097047806,2.602534532546997,1.6427912712097168,0.4133548438549042,0.13675813376903534,0.15151767432689667,0.0009986743268966813,0.08392937202498843
1789260211.831718,1.276780128479004,-0.01500290259718895,-0.9668015837669373,-2.6120336055755615,-0.025240397080779076,2.602715492248535,1.6303632259368896,0.41409778594970703,0.13415133953094482,0.151772141456604,0.0012531414566040178,0.05233915627441309
1789260211.865312,1.2760242223739624,-0.01667718030512333,-0.9740915894508362,-2.6129298210144043,-0.02857380174100399,2.602823257446289,1.6178226470947266,0.4148615598678589,0.13088777661323547,0.15183548629283905,0.0013164862928390642,0.059347025446578223
1789260211.8989189,1.2754215002059937,-0.019505785778164864,-0.9836622476577759,-2.6141269207000732,-0.033465005457401276,2.6030430793762207,1.6002494096755981,0.4158138334751129,0.12685833871364594,0.152057483792305,0.0015384837923050065,0.05595291190411357
1789260211.932558,1.2747575044631958,-0.022099897265434265,-0.9932612180709839,-2.615302085876465,-0.038291409611701965,2.6032674312591553,1.582971215248108,0.4167270362377167,0.12275432795286179,0.15221160650253296,0.0016926065025329728,0.06852804325551864
1789260211.9661655,1.2741228342056274,-0.024799039587378502,-1.0029411315917969,-2.6166067123413086,-0.04322813078761101,2.6034722328186035,1.565373182296753,0.4175374507904053,0.11862440407276154,0.15232358872890472,0.001804588728904738,0.08156468806857739
1789260211.9998028,1.273447871208191,-0.027350623160600662,-1.0126157999038696,-2.617860794067383,-0.048082008957862854,2.6036930084228516,1.5479259490966797,0.41832107305526733,0.11446438729763031,0.15240143239498138,0.0018824323949813981,0.09487278508118449
1789260212.033416,1.272842526435852,-0.030053675174713135,-1.0221976041793823,-2.619155168533325,-0.05291185900568962,2.60390567779541,1.5304116010665894,0.4190240502357483,0.11039447039365768,0.15248145163059235,0.00196245163059236,0.10087055545943382
1789260212.0671082,1.2720798254013062,-0.03269202262163162,-1.0319507122039795,-2.6203906536102295,-0.05777159333229065,2.6041247844696045,1.5129197835922241,0.4197392463684082,0.10618334263563156,0.15254709124565125,0.002028091245651259,0.11364091540157657
1789260212.10067,1.2713297605514526,-0.03544238582253456,-1.0417430400848389,-2.621676445007324,-0.06272948533296585,2.604342460632324,1.495272159576416,0.42038795351982117,0.10197342187166214,0.15259963274002075,0.002080632740020766,0.11869406681127799
1789260212.1343036,1.2707287073135376,-0.03797660395503044,-1.0510436296463013,-2.6228508949279785,-0.0674562156200409,2.6045730113983154,1.4783142805099487,0.4209691882133484,0.09801597893238068,0.15263251960277557,0.0021135196027755876,0.1282042487280194
1789260212.1692069,1.270005226135254,-0.040701787918806076,-1.0610941648483276,-2.6241064071655273,-0.07254540920257568,2.6047918796539307,1.4601479768753052,0.42155301570892334,0.09370868653059006,0.1526472419500351,0.002128241950035109,0.13270400689029618
1789260212.202824,1.2693015336990356,-0.04290332272648811,-1.0688649415969849,-2.6250991821289062,-0.07644016295671463,2.604952812194824,1.4460432529449463,0.4219730794429779,0.09033487737178802,0.15265581011772156,0.0021368101177215715,0.1341703946898555
1789260215.8835363,1.2692601680755615,-0.0433836355805397,-1.0709131956100464,-2.6252634525299072,-0.07764696329832077,2.6050310134887695,1.441683292388916,0.4221166670322418,0.0894942656159401,0.15267261862754822,0.0021536186275482316,0.14265252599748507
1789260215.9176364,1.2692564725875854,-0.04338635131716728,-1.0709140300750732,-2.6252634525299072,-0.07764577865600586,2.6050288677215576,1.4416898488998413,0.42211678624153137,0.08949275314807892,0.15267300605773926,0.0021540060577392717,0.14265252599748507
1789260215.9515364,1.2692564725875854,-0.04338629171252251,-1.070914387702942,-2.6252636909484863,-0.07764411717653275,2.6050288677215576,1.4416848421096802,0.4221166968345642,0.08949263393878937,0.1526728868484497,0.002153886848449721,0.14265252599748507
1789260215.985644,1.2692584991455078,-0.043385352939367294,-1.0709102153778076,-2.625267505645752,-0.07764678448438644,2.605029821395874,1.4416837692260742,0.42211446166038513,0.0894947201013565,0.1526714712381363,0.0021524712381363054,0.1412742076966625
1789260216.019627,1.2692607641220093,-0.043385427445173264,-1.0709120035171509,-2.625265121459961,-0.07764259725809097,2.605036735534668,1.4416886568069458,0.4221169352531433,0.08949563652276993,0.1526729166507721,0.0021539166507721086,0.14265252599748507
1789260216.0535028,1.269258737564087,-0.043385349214076996,-1.070911169052124,-2.62526535987854,-0.07764460891485214,2.6050312519073486,1.4416848421096802,0.42211583256721497,0.0894947499036789,0.15267235040664673,0.0021533504066467424,0.1412742076966625
1789260216.087598,1.2692592144012451,-0.04338200390338898,-1.0709129571914673,-2.6252634525299072,-0.07764683663845062,2.605032444000244,1.4416816234588623,0.4221169650554657,0.0894937738776207,0.1526724249124527,0.0021534249124527116,0.14401765375946743
1789260216.121517,1.2692567110061646,-0.04338916391134262,-1.0709142684936523,-2.6252658367156982,-0.07764887064695358,2.6050305366516113,1.441686749458313,0.42211613059043884,0.08949302136898041,0.1526728719472885,0.002153871947288527,0.1412742076966625
1789260216.155615,1.269256830215454,-0.04338192567229271,-1.070916771888733,-2.6252665519714355,-0.07764624804258347,2.6050286293029785,1.441685676574707,0.4221152067184448,0.08949070423841476,0.15267086029052734,0.0021518602905273576,0.1412742076966625
1789260216.1896214,1.2692594528198242,-0.0433836355805397,-1.0709141492843628,-2.6252682209014893,-0.07764656096696854,2.6050326824188232,1.4416863918304443,0.4221148192882538,0.0894932672381401,0.15267100930213928,0.002152009302139296,0.13988230894202303
1789260216.2236347,1.2692584991455078,-0.04338192567229271,-1.0709121227264404,-2.625267267227173,-0.07764961570501328,2.6050288677215576,1.4416894912719727,0.42211437225341797,0.08949320763349533,0.1526707112789154,0.002151711278915419,0.1412742076966625
1789260216.2576532,1.2692584991455078,-0.043386269360780716,-1.0709120035171509,-2.625267267227173,-0.07764764875173569,2.605032205581665,1.4416841268539429,0.422115296125412,0.0894942358136177,0.1526719480752945,0.0021529480752945085,0.14265252599748507
1789260216.2915556,1.2692599296569824,-0.043387532234191895,-1.0709125995635986,-2.62526535987854,-0.07764770835638046,2.605034351348877,1.4416903257369995,0.42211660742759705,0.08949510008096695,0.15267306566238403,0.002154065662384047,0.14265252599748507
1789260216.3256342,1.2692606449127197,-0.04338363930583,-1.0709129571914673,-2.625265121459961,-0.07764815539121628,2.605031728744507,1.4416918754577637,0.4221159517765045,0.08949445933103561,0.15267209708690643,0.002153097086906447,0.14265252599748507
1789260216.359691,1.2692584991455078,-0.043385349214076996,-1.0709129571914673,-2.6252615451812744,-0.0776456892490387,2.6050314903259277,1.4416855573654175,0.4221179485321045,0.08949419856071472,0.15267369151115417,0.0021546915111541887,0.14265252599748507
1789260219.5645335,1.2692601680755615,-0.043387141078710556,-1.0709129571914673,-2.625265121459961,-0.07764734327793121,2.6050291061401367,1.441688895225525,0.42211565375328064,0.08949470520019531,0.15267261862754822,0.0021536186275482316,0.14265252599748507
1789260219.5986547,1.2692564725875854,-0.043385349214076996,-1.07091224193573,-2.625267267227173,-0.07764925807714462,2.6050305366516113,1.4416859149932861,0.4221150875091553,0.08949300646781921,0.15267156064510345,0.0021525606451034685,0.13988230894202303
1789260219.6326082,1.2692546844482422,-0.04338729754090309,-1.0709142684936523,-2.625264883041382,-0.07764939963817596,2.6050329208374023,1.4416848421096802,0.4221171736717224,0.08949203789234161,0.15267305076122284,0.002154050761222853,0.14265252599748507
1789260219.667546,1.2692584991455078,-0.04338698461651802,-1.0709112882614136,-2.6252615451812744,-0.07764508575201035,2.605034112930298,1.4416881799697876,0.4221184551715851,0.08949535340070724,0.15267430245876312,0.0021553024587631364,0.1412742076966625
1789260219.701678,1.2692564725875854,-0.04338706284761429,-1.0709125995635986,-2.6252593994140625,-0.07764805108308792,2.6050305366516113,1.4416871070861816,0.42211905121803284,0.08949384093284607,0.15267473459243774,0.002155734592437758,0.14265252599748507
1789260219.735685,1.2692564725875854,-0.043385349214076996,-1.07091224193573,-2.625265121459961,-0.07765160501003265,2.605029821395874,1.441690444946289,0.4221160113811493,0.08949307352304459,0.15267229080200195,0.002153290802001967,0.1412742076966625
1789260219.7706091,1.2692527770996094,-0.043385349214076996,-1.0709086656570435,-2.625262975692749,-0.07765073329210281,2.6050307750701904,1.441686987876892,0.42211729288101196,0.08949325978755951,0.15267321467399597,0.0021542146739959855,0.14265252599748507
1789260219.804611,1.2692583799362183,-0.04338706284761429,-1.0709149837493896,-2.62526798248291,-0.07764577120542526,2.6050353050231934,1.441683292388916,0.42211583256721497,0.08949323743581772,0.15267208218574524,0.002153082185745253,0.14265252599748507
1789260219.8386104,1.2692584991455078,-0.04338706284761429,-1.0709103345870972,-2.625264883041382,-0.07764531672000885,2.605029821395874,1.4416841268539429,0.42211583256721497,0.0894952192902565,0.15267276763916016,0.00215376763916017,0.14265252599748507
1789260219.8725324,1.2692564725875854,-0.04338434711098671,-1.0709160566329956,-2.6252665519714355,-0.07764572650194168,2.6050312519073486,1.4416848421096802,0.4221158027648926,0.08949142694473267,0.15267163515090942,0.0021526351509094377,0.14265252599748507
1789260219.9065824,1.2692586183547974,-0.04338706284761429,-1.0709161758422852,-2.6252665519714355,-0.07764571905136108,2.605029821395874,1.4416848421096802,0.4221154749393463,0.08949267119169235,0.15267209708690643,0.002153097086906447,0.14265252599748507
1789260219.9406123,1.2692564725875854,-0.0433853454887867,-1.0709131956100464,-2.6252670288085938,-0.07764896750450134,2.6050333976745605,1.4416879415512085,0.42211589217185974,0.0894927829504013,0.1526719182729721,0.002152918272972121,0.14265252599748507
1789260219.9744592,1.2692584991455078,-0.04338405653834343,-1.0709120035171509,-2.6252641677856445,-0.07764745503664017,2.6050305366516113,1.4416855573654175,0.42211633920669556,0.08949404209852219,0.1526724249124527,0.0021534249124527116,0.14265252599748507
1789260220.0085819,1.269258737564087,-0.043385349214076996,-1.0709104537963867,-2.625267267227173,-0.07764647901058197,2.6050312519073486,1.4416872262954712,0.42211484909057617,0.08949481695890427,0.1526716947555542,0.002152694755554213,0.14265252599748507
1789260220.0425901,1.2692564725875854,-0.04338740184903145,-1.070914626121521,-2.625267267227173,-0.07764827460050583,2.6050329208374023,1.4416850805282593,0.42211589217185974,0.08949250727891922,0.15267221629619598,0.0021532162961959977,0.14265252599748507
1789260220.082504,1.2692562341690063,-0.04338359087705612,-1.0709165334701538,-2.625262498855591,-0.07764607667922974,2.6050305366516113,1.44169020652771,0.422117680311203,0.08949129283428192,0.15267279744148254,0.002153797441482558,0.13988230894202303
1789260220.1225088,1.2692571878433228,-0.043383873999118805,-1.070910096168518,-2.6252670288085938,-0.07764450460672379,2.6050312519073486,1.4416831731796265,0.4221149682998657,0.08949416130781174,0.1526714563369751,0.0021524563369751115,0.1412742076966625
1789260220.1675193,1.2692564725875854,-0.043384674936532974,-1.0709161758422852,-2.6252670288085938,-0.0776449665427208,2.6050331592559814,1.4416863918304443,0.4221159815788269,0.08949153125286102,0.152671679854393,0.0021526798543930192,0.1412742076966625
1789260220.2126963,1.2692548036575317,-0.043385349214076996,-1.0709140300750732,-2.625261068344116,-0.07765059173107147,2.605031728744507,1.441691517829895,0.4221186935901642,0.0894920751452446,0.1526738405227661,0.002154840522766127,0.1412742076966625
1789260220.2463408,1.2692575454711914,-0.043385349214076996,-1.0709140300750732,-2.625267267227173,-0.07764576375484467,2.6050305366516113,1.4416918754577637,0.42211511731147766,0.0894927978515625,0.15267156064510345,0.0021525606451034685,0.1412742076966625
1789260220.2799828,1.26925790309906,-0.04329785332083702,-1.0709093809127808,-2.6252634525299072,-0.07762740552425385,2.6050260066986084,1.441683292388916,0.42211079597473145,0.08948047459125519,0.15265414118766785,0.0021351411876678605,0.14265252599748507
1789260220.313529,1.2692689895629883,-0.04323012754321098,-1.0708991289138794,-2.6252634525299072,-0.07761924713850021,2.6050219535827637,1.4416840076446533,0.42210444808006287,0.08947780728340149,0.1526397168636322,0.002120716863632216,0.145369962588823
1789260220.3471332,1.2692698240280151,-0.04322802647948265,-1.0709013938903809,-2.6252593994140625,-0.07761760801076889,2.605013608932495,1.4416913986206055,0.42210471630096436,0.0894768163561821,0.15263989567756653,0.002120895677566542,0.14265252599748507
1789260220.3807058,1.269269585609436,-0.04322407767176628,-1.0708997249603271,-2.6252553462982178,-0.07761557400226593,2.605015516281128,1.441688895225525,0.4221067726612091,0.08947723358869553,0.152640700340271,0.00212170034027101,0.14265252599748507
1789260220.4143224,1.26926589012146,-0.04321916773915291,-1.0708951950073242,-2.6252593994140625,-0.07761381566524506,2.6050148010253906,1.4416857957839966,0.42210426926612854,0.08947639167308807,0.1526382565498352,0.002119256549835219,0.14401765375946743
1789260220.4479382,1.2692694664001465,-0.04321742057800293,-1.0708973407745361,-2.6252567768096924,-0.07761282473802567,2.605013847351074,1.4416868686676025,0.42210519313812256,0.08947689831256866,0.15263868868350983,0.0021196886835098405,0.14401765375946743
1789260220.481552,1.2692692279815674,-0.043217454105615616,-1.070898413658142,-2.625260353088379,-0.0776088684797287,2.605013847351074,1.4416935443878174,0.42210349440574646,0.08947618305683136,0.15263740718364716,0.0021184071836471696,0.14265252599748507
1789260220.5151422,1.2692723274230957,-0.04321428760886192,-1.0708966255187988,-2.625255584716797,-0.07761282473802567,2.605013370513916,1.4416887760162354,0.42210519313812256,0.08947795629501343,0.15263840556144714,0.0021194055614471574,0.14265252599748507
1789260220.5487823,1.2692714929580688,-0.04321620985865593,-1.0708951950073242,-2.6252565383911133,-0.0776166096329689,2.605013132095337,1.4416896104812622,0.42210474610328674,0.08947832882404327,0.1526384800672531,0.0021194800672531267,0.14265252599748507
1789260220.5824857,1.2679804563522339,-0.042964909225702286,-1.0715229511260986,-2.6274659633636475,-0.07672186940908432,2.6063232421875,1.4411141872406006,0.4214302599430084,0.08853960037231445,0.15190701186656952,0.001388011866569533,0.09065408419654447
1789260220.6160731,1.2638393640518188,-0.04252947121858597,-1.073272943496704,-2.6286840438842773,-0.0757434144616127,2.6070351600646973,1.439125657081604,0.42144471406936646,0.08595340698957443,0.15141893923282623,0.0008999392328262468,0.06852804325551864
1789260220.6496944,1.2560231685638428,-0.04226616397500038,-1.0768091678619385,-2.6281471252441406,-0.0748317614197731,2.6070826053619385,1.4356456995010376,0.4226200580596924,0.08119912445545197,0.15150168538093567,0.0009826853809356828,0.044234660174789026
1789260220.683319,1.24517822265625,-0.0415811613202095,-1.0812429189682007,-2.627610445022583,-0.07375115901231766,2.607088327407837,1.4300999641418457,0.4239979386329651,0.07469787448644638,0.15148010849952698,0.0009611084995269914,0.05233915627441309
1789260220.7168972,1.2312160730361938,-0.04046044126152992,-1.087182641029358,-2.6270055770874023,-0.07221214473247528,2.6070265769958496,1.4233413934707642,0.4255673587322235,0.06615104526281357,0.1513664722442627,0.0008474722442627092,0.05595291190411357
1789260220.75048,1.217032551765442,-0.03987617790699005,-1.0931873321533203,-2.6262731552124023,-0.07060424983501434,2.6069514751434326,1.416574239730835,0.42707666754722595,0.05754758417606354,0.1514088213443756,0.0008898213443756242,0.03426402009603798
1789260220.7841477,1.202485203742981,-0.03875838592648506,-1.0993062257766724,-2.6255099773406982,-0.06893724948167801,2.6068508625030518,1.4093989133834839,0.42841047048568726,0.048616860061883926,0.15135392546653748,0.0008349254665374894,0.03426402009603798
1789260220.8177087,1.1878087520599365,-0.03781317546963692,-1.1053575277328491,-2.624769687652588,-0.06728696823120117,2.606736421585083,1.402160406112671,0.4295600652694702,0.03965546190738678,0.1513296365737915,0.0008106365737915178,0.027976455118293345
1789260220.8513055,1.1734918355941772,-0.03691313415765762,-1.1115570068359375,-2.6240389347076416,-0.06563987582921982,2.606618881225586,1.3953096866607666,0.4305143356323242,0.030765052884817123,0.1513124704360962,0.0007934704360962053,0.019782341029446364
1789260220.884904,1.159079909324646,-0.03595447912812233,-1.117594838142395,-2.6232800483703613,-0.06396070867776871,2.6065046787261963,1.388207197189331,0.4312961995601654,0.021871181204915047,0.15130050480365753,0.0007815048036575456,0.019782341029446364
1789260220.9184935,1.1445378065109253,-0.03503516688942909,-1.1238106489181519,-2.6225030422210693,-0.06226784735918045,2.6064023971557617,1.3811335563659668,0.4319135546684265,0.012831865809857845,0.15130527317523956,0.0007862731752395768,0.0
1789260220.9521117,1.1301101446151733,-0.03401476889848709,-1.1298580169677734,-2.6217918395996094,-0.060576871037483215,2.6062731742858887,1.374038815498352,0.4322966933250427,0.00388098182156682,0.1512717455625534,0.0007527455625534196,0.019782341029446364
1789260220.9857082,1.1153370141983032,-0.03309532254934311,-1.1361658573150635,-2.6210107803344727,-0.058865346014499664,2.606154680252075,1.3669309616088867,0.4325368404388428,-0.0053267404437065125,0.15128381550312042,0.0007648155031204362,0.0
1789260221.0192983,1.1012530326843262,-0.03215038776397705,-1.1421558856964111,-2.62025785446167,-0.05718401446938515,2.606046199798584,1.3601222038269043,0.432584673166275,-0.014113329350948334,0.1512903869152069,0.000771386915206923,0.0
1789260221.052921,1.0864230394363403,-0.031149720773100853,-1.1483482122421265,-2.619438886642456,-0.055462490767240524,2.6059317588806152,1.352857232093811,0.4324597120285034,-0.023324770852923393,0.15131154656410217,0.0007925465641021867,0.0
1789260221.0865786,1.071868658065796,-0.03017389588057995,-1.1545356512069702,-2.6186840534210205,-0.053755827248096466,2.6058008670806885,1.345725655555725,0.43211644887924194,-0.03241006284952164,0.15131770074367523,0.0007987007436752458,0.027976455118293345
1789260221.1200867,1.0578161478042603,-0.02925592102110386,-1.160447120666504,-2.617948532104492,-0.052167460322380066,2.6056861877441406,1.3389140367507935,0.43161633610725403,-0.04115083068609238,0.15133634209632874,0.0008173420963287492,0.0
1789260221.1536252,1.042980432510376,-0.028338618576526642,-1.166829228401184,-2.617149829864502,-0.05042283982038498,2.605570077896118,1.3317474126815796,0.43090736865997314,-0.05042382702231407,0.15137620270252228,0.0008572027025222917,0.019782341029446364
1789260221.1872134,1.0288017988204956,-0.027341533452272415,-1.172709584236145,-2.6163971424102783,-0.048815976828336716,2.605449914932251,1.3247461318969727,0.43004053831100464,-0.05920226871967316,0.15139570832252502,0.0008767083225250383,0.019782341029446364
1789260221.2207947,1.0141757726669312,-0.02641676552593708,-1.178926944732666,-2.6156198978424072,-0.04712542146444321,2.6053318977355957,1.3176640272140503,0.42896151542663574,-0.06829122453927994,0.15143729746341705,0.0009182974634170671,0.03426402009603798
1789260221.254361,1.0001044273376465,-0.025452416390180588,-1.1849054098129272,-2.6148593425750732,-0.04548893868923187,2.6052091121673584,1.3107868432998657,0.42774108052253723,-0.07702909409999847,0.1514727920293808,0.0009537920293808122,0.019782341029446364
1789260221.2879484,0.985051691532135,-0.024552106857299805,-1.191401720046997,-2.6140425205230713,-0.043717462569475174,2.605093479156494,1.303484320640564,0.4262493848800659,-0.08637668192386627,0.1515388935804367,0.0010198935804367204,0.03956468264845247
1789260221.321617,0.9730228185653687,-0.023853588849306107,-1.1963058710098267,-2.6134884357452393,-0.04244723543524742,2.6049885749816895,1.2978554964065552,0.4248904585838318,-0.09369494020938873,0.15156497061252594,0.0010459706125259538,0.044234660174789026
1789260221.3552542,0.9635083675384521,-0.023050453513860703,-1.2005724906921387,-2.612929344177246,-0.04120318964123726,2.6048998832702637,1.2929956912994385,0.4237201511859894,-0.09967682510614395,0.15158620476722717,0.0010672047672271867,0.048456642643301504
1789260221.3888307,0.9569954872131348,-0.02224399708211422,-1.204002022743225,-2.612344264984131,-0.04003889858722687,2.6048364639282227,1.2890111207962036,0.4228886365890503,-0.10403186827898026,0.15162867307662964,0.0011096730766296525,0.048456642643301504
1789260221.4224033,0.9520572423934937,-0.022179758176207542,-1.2057890892028809,-2.612281084060669,-0.03963286802172661,2.6047661304473877,1.287048101425171,0.4221855401992798,-0.10687114298343658,0.15161867439746857,0.0010996743974685808,0.05233915627441309
1789260221.4560735,0.9475623369216919,-0.022640980780124664,-1.205379605293274,-2.6125152111053467,-0.04032028093934059,2.604740619659424,1.2865580320358276,0.42167314887046814,-0.10851696133613586,0.15160974860191345,0.001090748601913466,0.048456642643301504
1789260221.4897149,0.9429889917373657,-0.023767173290252686,-1.2026166915893555,-2.613342523574829,-0.04257511720061302,2.6047563552856445,1.2867867946624756,0.4211956560611725,-0.10908093303442001,0.1515217274427414,0.001002727442741408,0.027976455118293345
1789260221.5233223,0.9371738433837891,-0.02592564933001995,-1.1979787349700928,-2.6148629188537598,-0.0460171103477478,2.604794979095459,1.2881475687026978,0.42056983709335327,-0.10917509347200394,0.151377335190773,0.0008583351907730241,0.027976455118293345
1789260221.5569813,0.9279845356941223,-0.028559524565935135,-1.192101001739502,-2.616759777069092,-0.05073833093047142,2.6049954891204834,1.2894173860549927,0.4196142852306366,-0.1100948229432106,0.15121379494667053,0.0006947949466705461,0.048456642643301504
1789260221.5906367,0.9158381819725037,-0.03200507536530495,-1.1856160163879395,-2.6191470623016357,-0.05641797184944153,2.6051957607269287,1.2910702228546143,0.4182519018650055,-0.11183927208185196,0.15103182196617126,0.0005128219661712785,0.08846932694105811
1789260221.6242356,0.9021037220954895,-0.036162324249744415,-1.1770057678222656,-2.622056007385254,-0.06351110339164734,2.60542631149292,1.2931239604949951,0.41679009795188904,-0.11322617530822754,0.15083707869052887,0.0003180786905288835,0.12194656246489412
1789260221.6578507,0.8873233199119568,-0.04054924473166466,-1.1677758693695068,-2.625149726867676,-0.07096920162439346,2.6057066917419434,1.2952874898910522,0.4152376651763916,-0.11473874747753143,0.15066032111644745,0.0001413211164474626,0.15195108845669586
1789260221.691451,0.87337327003479,-0.04465100169181824,-1.1590015888214111,-2.6280977725982666,-0.07813025265932083,2.6059796810150146,1.297343373298645,0.4137715995311737,-0.11613824218511581,0.1505083590745926,-1.0640925407395807e-05,0.17582936122100767
1789260221.7250352,0.8585489988327026,-0.04910093545913696,-1.150445818901062,-2.6310479640960693,-0.08543899655342102,2.606288433074951,1.2994794845581055,0.412230521440506,-0.11793754249811172,0.15044590830802917,-7.309169197081133e-05,0.19179700087998583
1789260221.7586906,0.8441511392593384,-0.05341422185301781,-1.1412032842636108,-2.634075403213501,-0.09279268234968185,2.606605291366577,1.3016228675842285,0.4107814133167267,-0.11928333342075348,0.1503758579492569,-0.00014314205074308917,0.20463023449693923
1789260221.7923238,0.8296130895614624,-0.05761612206697464,-1.132570743560791,-2.6371889114379883,-0.10008808970451355,2.6068496704101562,1.3037253618240356,0.4091775715351105,-0.12092188745737076,0.15026545524597168,-0.00025354475402830645,0.22117343270373202
1789260221.8259954,0.8150744438171387,-0.06197654828429222,-1.123620629310608,-2.640303611755371,-0.1075221598148346,2.607133388519287,1.305890679359436,0.4076477587223053,-0.1224098801612854,0.15022334456443787,-0.00029565543556211993,0.2272819425665676
1789260221.8596544,0.8009514808654785,-0.06617941707372665,-1.115019679069519,-2.6431522369384766,-0.11460911482572556,2.6074581146240234,1.3079506158828735,0.40624693036079407,-0.12391959130764008,0.15026815235614777,-0.00025084764385222,0.21850322975887923
1789260221.8932438,0.786012589931488,-0.07056961953639984,-1.1059354543685913,-2.6462948322296143,-0.12224777787923813,2.607750415802002,1.3101284503936768,0.4046909511089325,-0.1255030483007431,0.15028329193592072,-0.0002357080640792708,0.2130624551327921
1789260221.9269292,0.7714836001396179,-0.07492110133171082,-1.0970096588134766,-2.6494126319885254,-0.12954817712306976,2.6080269813537598,1.3122894763946533,0.4031778872013092,-0.1269758939743042,0.15032243728637695,-0.00019656271362303301,0.20463023449693923
1789260221.9606462,0.7568867802619934,-0.07925897091627121,-1.088079571723938,-2.652390718460083,-0.13688454031944275,2.608344554901123,1.3144423961639404,0.4017353355884552,-0.1285000443458557,0.15043911337852478,-7.988662147520587e-05,0.18238424868700404
1789260221.994248,0.7428776025772095,-0.08338353782892227,-1.0793473720550537,-2.6553103923797607,-0.14416518807411194,2.608628988265991,1.3165185451507568,0.4003397524356842,-0.1298963874578476,0.1505502164363861,3.121643638612226e-05,0.15825877775862904
1789260222.0278692,0.7277186512947083,-0.08791808784008026,-1.0705024003982544,-2.6584129333496094,-0.1516629457473755,2.608936071395874,1.3186824321746826,0.3987892270088196,-0.1316276490688324,0.15071377158164978,0.00019477158164979413,0.12511453444308365
1789260222.0614285,0.7139437198638916,-0.0920536071062088,-1.061590313911438,-2.6613588333129883,-0.15887804329395294,2.609257936477661,1.3207491636276245,0.39745938777923584,-0.13284896314144135,0.15087775886058807,0.0003587588605880876,0.09278741380920028
1789260222.0950289,0.7003042101860046,-0.09596554189920425,-1.0535954236984253,-2.6642229557037354,-0.16542541980743408,2.609450101852417,1.3226475715637207,0.3960057497024536,-0.13438212871551514,0.15100346505641937,0.0004844650564193864,0.07401874722002606
1789260222.128615,0.6892179250717163,-0.09924063831567764,-1.0465513467788696,-2.666520833969116,-0.170950248837471,2.609722375869751,1.3242976665496826,0.39495614171028137,-0.13542453944683075,0.15118148922920227,0.0006624892292022844,0.044234660174789026
1789260222.1622007,0.6811684370040894,-0.10219870507717133,-1.0420031547546387,-2.6684892177581787,-0.1758681982755661,2.609957218170166,1.3256698846817017,0.3940589129924774,-0.1362963318824768,0.15132597088813782,0.0008069708881378312,0.03956468264845247
1789260222.1957464,0.6763334274291992,-0.10379185527563095,-1.038848638534546,-2.669651746749878,-0.17863652110099792,2.610095500946045,1.326400637626648,0.3935672342777252,-0.1366792917251587,0.15139847993850708,0.0008794799385070939,0.044234660174789026
1789260222.2293622,0.6728227734565735,-0.10395477712154388,-1.0364699363708496,-2.6699068546295166,-0.17937934398651123,2.6101760864257812,1.326717495918274,0.393356591463089,-0.1371193826198578,0.15143954753875732,0.0009205475387573381,0.06561060592844098
1789260222.2630591,0.6698492765426636,-0.10285239666700363,-1.0342119932174683,-2.668956995010376,-0.17740902304649353,2.6101253032684326,1.3265477418899536,0.39356347918510437,-0.1376980096101761,0.15160375833511353,0.0010847583351135393,0.07912937001338383
1789260222.2966335,0.6669430732727051,-0.0997236967086792,-1.0317175388336182,-2.666532039642334,-0.17243634164333344,2.6097562313079834,1.3255807161331177,0.3941549062728882,-0.13858667016029358,0.15180931985378265,0.0012903198537826677,0.1083523598284494
1789260222.3302248,0.6625248789787292,-0.09538967162370682,-1.0276857614517212,-2.663445234298706,-0.16554361581802368,2.6090664863586426,1.3242298364639282,0.3948425352573395,-0.13968122005462646,0.15199482440948486,0.0014758244094848771,0.1370561110185936
1789260222.3638508,0.6558576226234436,-0.0899328738451004,-1.0220973491668701,-2.659477949142456,-0.156716987490654,2.6081655025482178,1.322421908378601,0.3956579864025116,-0.14129582047462463,0.15225476026535034,0.0017357602653503557,0.16902045629320203
1789260222.397441,0.6480322480201721,-0.08313331007957458,-1.0153642892837524,-2.654186248779297,-0.14593413472175598,2.607320785522461,1.320305347442627,0.396915465593338,-0.14327077567577362,0.15269239246845245,0.0021733924684524675,0.22381178101882981
1789260222.4310267,0.6378656625747681,-0.07436733692884445,-1.0063120126724243,-2.6477608680725098,-0.1317886859178543,2.6057915687561035,1.317388892173767,0.39830249547958374,-0.1455545723438263,0.1530451476573944,0.002526147657394423,0.26614441693319085
1789260222.4646444,0.6256313323974609,-0.06419385224580765,-0.9962931275367737,-2.640306234359741,-0.11545836180448532,2.6040778160095215,1.31405508518219,0.3997705280780792,-0.14851528406143188,0.15338319540023804,0.002864195400238051,0.30774137315829087
1789260222.4982889,0.613149106502533,-0.053482092916965485,-0.9852898120880127,-2.6320483684539795,-0.09825170040130615,2.6025311946868896,1.3104747533798218,0.40166932344436646,-0.15132614970207214,0.15384285151958466,0.0033238515195846696,0.35553277303476205
1789260222.5318565,0.6003223657608032,-0.04260844364762306,-0.9743095636367798,-2.623838186264038,-0.08074866235256195,2.6008059978485107,1.306908369064331,0.40341871976852417,-0.15420423448085785,0.15415015816688538,0.00363115816688539,0.38461338807931095
1789260222.5655344,0.5879689455032349,-0.0319100059568882,-0.9636886715888977,-2.616194248199463,-0.06399314105510712,2.5990610122680664,1.3034054040908813,0.4049248993396759,-0.15686434507369995,0.15421071648597717,0.0036917164859771867,0.4073441889832797
1789260222.5991225,0.575076162815094,-0.02089676447212696,-0.9526495337486267,-2.6080222129821777,-0.04635251685976982,2.597364902496338,1.2998051643371582,0.40661370754241943,-0.15961888432502747,0.1543068140745163,0.0037878140745163102,0.41401462461224514
1789260222.6327078,0.5619873404502869,-0.009926551021635532,-0.9413370490074158,-2.5993618965148926,-0.028502164408564568,2.5956971645355225,1.2961000204086304,0.4085400700569153,-0.1623590886592865,0.15450511872768402,0.003986118727684035,0.4106929493613624
1789260222.6663306,0.5495883226394653,0.0007531410083174706,-0.9307311773300171,-2.591759443283081,-0.011554202064871788,2.593890428543091,1.2926560640335083,0.40997111797332764,-0.16483600437641144,0.15429779887199402,0.0037787988719940324,0.3921703946518568
1789260222.6999443,0.5368731617927551,0.011590879410505295,-0.9196809530258179,-2.5836594104766846,0.0058157723397016525,2.592186212539673,1.2890543937683105,0.4116412103176117,-0.16730020940303802,0.1541496068239212,0.0036306068239212175,0.36476895939175147
1789260222.7336504,0.5239027142524719,0.022513221949338913,-0.9087275266647339,-2.5751588344573975,0.023465417325496674,2.5905396938323975,1.2854565382003784,0.4134266972541809,-0.16992388665676117,0.15403811633586884,0.0035191163358688493,0.3286493810354792
1789260222.7672703,0.5113226771354675,0.03336504474282265,-0.8977707028388977,-2.5674023628234863,0.040625836700201035,2.5886917114257812,1.2819323539733887,0.4148904085159302,-0.17218396067619324,0.15356910228729248,0.0030501022872924943,0.27624562495594135
1789260222.8008513,0.49867182970046997,0.0442059226334095,-0.8870851397514343,-2.559335947036743,0.05776684731245041,2.5870614051818848,1.2784003019332886,0.41647085547447205,-0.1746029257774353,0.1531463861465454,0.002627386146545424,0.22293580089065076
1789260222.834554,0.48829466104507446,0.05320551246404648,-0.8778759241104126,-2.5525593757629395,0.07214545458555222,2.5856809616088867,1.2754744291305542,0.417888343334198,-0.1763790398836136,0.15274682641029358,0.002227826410293593,0.1655109964311004
1789260222.8682034,0.47894057631492615,0.06097141653299332,-0.8697220087051392,-2.546511173248291,0.08496574312448502,2.5843842029571533,1.2728031873703003,0.4191506505012512,-0.1779690682888031,0.1524081528186798,0.0018891528186798234,0.09691329395132914
1789260222.901762,0.4713860750198364,0.06725559383630753,-0.8637204766273499,-2.5420432090759277,0.09484627842903137,2.5832042694091797,1.2705895900726318,0.41983771324157715,-0.17941436171531677,0.15194682776927948,0.0014278277692794938,0.059347025446578223
1789260222.9353418,0.46671363711357117,0.07145024836063385,-0.8591232299804688,-2.5391077995300293,0.10175327211618423,2.5827174186706543,1.2697393894195557,0.42050302028656006,-0.17996986210346222,0.1516169160604477,0.0010979160604477067,0.03956468264845247
1789260222.9689264,0.46273303031921387,0.0749213695526123,-0.8557106256484985,-2.5361173152923584,0.10697183012962341,2.5820350646972656,1.2679331302642822,0.42116355895996094,-0.1807243376970291,0.15152010321617126,0.0010011032161712785,0.044234660174789026
1789260223.0025506,0.4575628638267517,0.07850658893585205,-0.8545399308204651,-2.5329766273498535,0.11172354966402054,2.5808486938476562,1.2639896869659424,0.42116254568099976,-0.18294478952884674,0.15145108103752136,0.0009320810375213762,0.05595291190411357
1789260223.0361385,0.44948408007621765,0.08343969285488129,-0.8547986149787903,-2.527998924255371,0.1172194853425026,2.5786941051483154,1.256447672843933,0.42081794142723083,-0.18730540573596954,0.1515943706035614,0.0010753706035614152,0.06561060592844098
1789260223.0697858,0.439068078994751,0.08998066186904907,-0.8541132211685181,-2.5212416648864746,0.12533031404018402,2.575875759124756,1.2469353675842285,0.4206435978412628,-0.19251465797424316,0.15181021392345428,0.0012912139234542985,0.07661668268387072
1789260223.1033683,0.42672690749168396,0.09844609349966049,-0.8528489470481873,-2.5134527683258057,0.13500872254371643,2.57234525680542,1.2354342937469482,0.4202030301094055,-0.19847193360328674,0.15173117816448212,0.0012121781644821306,0.13562092827251515
1789260223.136944,0.4122176766395569,0.10777059197425842,-0.8520517945289612,-2.5043392181396484,0.14617908000946045,2.568626880645752,1.2223693132400513,0.4196180999279022,-0.20575420558452606,0.1518574208021164,0.001338420802116408,0.15949038294479406
1789260223.1705709,0.39831626415252686,0.1167062297463417,-0.8509724736213684,-2.495133399963379,0.15683867037296295,2.5649313926696777,1.2095248699188232,0.41921475529670715,-0.21264971792697906,0.1521112024784088,0.0015922024784088273,0.16902045629320203
1789260223.2041903,0.3835466802120209,0.1263004094362259,-0.8500206470489502,-2.48600435256958,0.1681041121482849,2.5609183311462402,1.1961380243301392,0.418315589427948,-0.21991880238056183,0.15209829807281494,0.0015792980728149553,0.20747905542313175
1789260223.237781,0.36875277757644653,0.13613785803318024,-0.8488203287124634,-2.4765894412994385,0.17966634035110474,2.5569651126861572,1.182420015335083,0.4174671173095703,-0.22713173925876617,0.15208977460861206,0.0015707746086120744,0.2323900466696225
1789260223.2713585,0.3546106815338135,0.14512597024440765,-0.8479153513908386,-2.4673869609832764,0.19044126570224762,2.5532660484313965,1.1695114374160767,0.41667598485946655,-0.23414163291454315,0.15228427946567535,0.0017652794656753679,0.22899730459219447
1789260223.3049576,0.34005746245384216,0.15458691120147705,-0.8468797206878662,-2.4582908153533936,0.2016819417476654,2.549234390258789,1.1563178300857544,0.41555047035217285,-0.24119292199611664,0.15224044024944305,0.001721440249443068,0.24708155049174452
1789260223.3385901,0.3256087303161621,0.16414512693881989,-0.8457644581794739,-2.449122428894043,0.21272778511047363,2.545358896255493,1.1429725885391235,0.4144095182418823,-0.24818623065948486,0.15218189358711243,0.0016628935871124406,0.2624426388026188
1789260223.3722258,0.31103983521461487,0.17339497804641724,-0.8448033332824707,-2.439643383026123,0.2240552455186844,2.5415101051330566,1.1296478509902954,0.41331052780151367,-0.2553090751171112,0.15232494473457336,0.0018059447345733781,0.23821110087806927
1789260223.4058044,0.296546995639801,0.1830468475818634,-0.8435938358306885,-2.430492401123047,0.2351682037115097,2.5375030040740967,1.1163092851638794,0.4119507074356079,-0.262206107378006,0.15217141807079315,0.0016524180707931657,0.25256422621488783
1789260223.4394417,0.28227075934410095,0.19222311675548553,-0.8427642583847046,-2.4215145111083984,0.2460452914237976,2.5337178707122803,1.103350281715393,0.41049495339393616,-0.26912960410118103,0.15213018655776978,0.0016111865577697893,0.24228338651132322
1789260223.4730568,0.2675325572490692,0.20173639059066772,-0.8415888547897339,-2.4118523597717285,0.25758248567581177,2.5297560691833496,1.0897159576416016,0.40914684534072876,-0.2761750817298889,0.15216979384422302,0.0016507938442230363,0.20747905542313175
1789260223.5066884,0.2528652548789978,0.21144329011440277,-0.8406748175621033,-2.4027907848358154,0.2686712145805359,2.5257697105407715,1.076459288597107,0.40734055638313293,-0.2831682860851288,0.15192298591136932,0.0014039859113693376,0.2130624551327921
1789260223.540314,0.23919476568698883,0.22025611996650696,-0.839588463306427,-2.393996000289917,0.27937430143356323,2.5221009254455566,1.0638413429260254,0.405849814414978,-0.2896134853363037,0.15186087787151337,0.0013418778715133806,0.17582936122100767
1789260223.574005,0.22700512409210205,0.22806143760681152,-0.8388825058937073,-2.386225461959839,0.2884690761566162,2.518986225128174,1.0529197454452515,0.40436500310897827,-0.29547375440597534,0.15181554853916168,0.001296548539161696,0.1532333996180995
1789260223.6075854,0.2171902060508728,0.23464199900627136,-0.8380510807037354,-2.3799521923065186,0.29619815945625305,2.5163469314575195,1.0437421798706055,0.40314823389053345,-0.30004313588142395,0.15164200961589813,0.0011230096158981462,0.13122123336572936
1789260223.6412165,0.20979547500610352,0.23949988186359406,-0.8374837636947632,-2.375312566757202,0.3019767701625824,2.5141372680664062,1.0367093086242676,0.402136892080307,-0.30344441533088684,0.15149058401584625,0.0009715840158462663,0.12194656246489412
1789260223.6748412,0.204412579536438,0.24286885559558868,-0.8367878198623657,-2.3718323707580566,0.3060058057308197,2.512767791748047,1.033168077468872,0.4015679657459259,-0.3058531582355499,0.1514642834663391,0.0009452834663391252,0.10087055545943382
1789260223.7084856,0.20145632326602936,0.24481336772441864,-0.8365828394889832,-2.369731903076172,0.30828818678855896,2.512077808380127,1.030084490776062,0.4012752175331116,-0.3073045015335083,0.15150783956050873,0.0009888395605087419,0.08156468806857739
1789260223.742066,0.20060501992702484,0.2453937530517578,-0.8371392488479614,-2.3693387508392334,0.3090921938419342,2.5116677284240723,1.0268350839614868,0.40089473128318787,-0.30790233612060547,0.15147453546524048,0.0009555354652404924,0.08846932694105811
1789260223.7757225,0.20184262096881866,0.24455559253692627,-0.8387315273284912,-2.370692491531372,0.3082731068134308,2.511906147003174,1.0229109525680542,0.40038159489631653,-0.3078254163265228,0.15142574906349182,0.0009067490634918351,0.11014342980975618
1789260223.8093016,0.20556066930294037,0.24170440435409546,-0.8417491912841797,-2.37388014793396,0.3054027259349823,2.5132551193237305,1.0168983936309814,0.3998575210571289,-0.30713021755218506,0.15159748494625092,0.0010784849462509294,0.12033130429241841
1789260223.8429482,0.2105063796043396,0.23773759603500366,-0.8462479710578918,-2.3780088424682617,0.30158013105392456,2.5150928497314453,1.0069260597229004,0.3991047739982605,-0.3064325451850891,0.15195868909358978,0.0014396890935897966,0.1282042487280194
1789260223.8765752,0.21643103659152985,0.23318001627922058,-0.8521507382392883,-2.3832921981811523,0.2968491315841675,2.5172364711761475,0.9941539764404297,0.3978627920150757,-0.3057311773300171,0.1522245705127716,0.0017055705127716203,0.16902045629320203
1789260223.9101183,0.22366955876350403,0.2273663580417633,-0.8594544529914856,-2.3902170658111572,0.2909105122089386,2.5197949409484863,0.9785463809967041,0.39614906907081604,-0.30477088689804077,0.15242668986320496,0.00190768986320497,0.21397885808123562
1789260223.9436855,0.23223115503787994,0.22075888514518738,-0.8673055171966553,-2.3974549770355225,0.28418034315109253,2.522902727127075,0.9610162973403931,0.3947342038154602,-0.3035033047199249,0.15282152593135834,0.0023025259313583513,0.25564439666474065
1789260223.977289,0.24068085849285126,0.21411657333374023,-0.8750664591789246,-2.4046270847320557,0.277578204870224,2.525909662246704,0.9436928629875183,0.3933383524417877,-0.30220726132392883,0.15318840742111206,0.0026694074211120744,0.28803553499889245
1789260224.0108788,0.2487173080444336,0.20760555565357208,-0.8834782838821411,-2.412118434906006,0.2708316147327423,2.528986692428589,0.9262375831604004,0.3914799988269806,-0.30126482248306274,0.1534104347229004,0.0028914347229004045,0.32805345982048595
1789260224.044502,0.2571638524532318,0.20121097564697266,-0.8912196755409241,-2.4197185039520264,0.2641861140727997,2.5318715572357178,0.9087518453598022,0.38985079526901245,-0.2997959554195404,0.1534404754638672,0.0029214754638672014,0.349426350475513
1789260224.0781515,0.26563596725463867,0.1947009414434433,-0.899025559425354,-2.4268202781677246,0.25762760639190674,2.5350093841552734,0.8913857340812683,0.3884841203689575,-0.2984640896320343,0.15366989374160767,0.00315089374160768,0.37167709362424034
1789260224.11178,0.27384963631629944,0.187971293926239,-0.9072221517562866,-2.4342918395996094,0.2508700489997864,2.537975788116455,0.8738431334495544,0.38678252696990967,-0.29724541306495667,0.15379665791988373,0.003277657919883742,0.37949179063681887
1789260224.145349,0.2818405032157898,0.18170762062072754,-0.914994478225708,-2.4414634704589844,0.2444482147693634,2.5408692359924316,0.8570452332496643,0.3851868808269501,-0.2959787845611572,0.15381339192390442,0.003294391923904433,0.38613662113324465
1789260224.1789832,0.2903302013874054,0.17528817057609558,-0.9228910803794861,-2.449007034301758,0.23769159615039825,2.543905735015869,0.8394827842712402,0.3835856318473816,-0.29447588324546814,0.15371720492839813,0.003198204928398146,0.3896676766123833
1789260224.2125173,0.2989211082458496,0.16841639578342438,-0.931063175201416,-2.456403970718384,0.23080562055110931,2.547151565551758,0.8215663433074951,0.38210606575012207,-0.29306259751319885,0.15379299223423004,0.0032739922342300554,0.38461338807931095
1789260224.2460856,0.30688756704330444,0.16209447383880615,-0.9389092326164246,-2.4636030197143555,0.22440755367279053,2.5500645637512207,0.8047003746032715,0.3804963529109955,-0.2917345464229584,0.15369002521038055,0.003171025210380568,0.36956526752057334
1789260224.2796304,0.31534406542778015,0.15561866760253906,-0.946715235710144,-2.4711110591888428,0.21779480576515198,2.5530717372894287,0.7872491478919983,0.3789471685886383,-0.29010871052742004,0.15347936749458313,0.0029603674945831437,0.347742353080246
1789260224.3132336,0.3236088752746582,0.14916902780532837,-0.9547415375709534,-2.478360176086426,0.21113862097263336,2.5561678409576416,0.769905149936676,0.37740132212638855,-0.2886916995048523,0.15333278477191925,0.0028137847719192643,0.32805345982048595
1789260224.3467696,0.33182141184806824,0.14242875576019287,-0.9629271030426025,-2.485774278640747,0.2044694870710373,2.5591318607330322,0.7523388266563416,0.3757612109184265,-0.2872461676597595,0.15315532684326172,0.0026363268432617326,0.28735540148900524
1789260224.3803756,0.3400782644748688,0.1362452358007431,-0.9703861474990845,-2.492898464202881,0.19802157580852509,2.5620388984680176,0.735517680644989,0.3743637204170227,-0.2855539917945862,0.15284819900989532,0.0023291990098953386,0.25410897847036323
1789260224.414022,0.3485008776187897,0.1296854168176651,-0.978412389755249,-2.5004947185516357,0.19126242399215698,2.5650506019592285,0.7178918719291687,0.37273308634757996,-0.2838731110095978,0.15246541798114777,0.00194641798114778,0.2121420935987288
1789260224.4476101,0.35678830742836,0.1228988841176033,-0.9868409037590027,-2.507852077484131,0.18458126485347748,2.5682618618011475,0.7000958323478699,0.3711296617984772,-0.28243783116340637,0.1522182673215866,0.0016992673215866227,0.15576635622796445
1789260224.481249,0.36427587270736694,0.1170995756983757,-0.9936404228210449,-2.5144991874694824,0.1788003146648407,2.5707919597625732,0.6846800446510315,0.3698023855686188,-0.2807520627975464,0.1518021821975708,0.0012831821975708146,0.1083523598284494
1789260224.5148299,0.3705163598060608,0.11249198764562607,-0.9994556903839111,-2.520037889480591,0.1739148199558258,2.5732223987579346,0.6718411445617676,0.3686666786670685,-0.27944815158843994,0.1514112800359726,0.0008922800359726091,0.09278741380920028
1789260224.54849,0.37592896819114685,0.10846295952796936,-1.005486249923706,-2.5232272148132324,0.16787955164909363,2.574228525161743,0.660256028175354,0.36788302659988403,-0.27899041771888733,0.15158775448799133,0.0010687544879913469,0.10653118153060223
1789260224.5821002,0.382941335439682,0.10307634621858597,-1.0137312412261963,-2.5267064571380615,0.15956585109233856,2.5756466388702393,0.6448656916618347,0.3670571446418762,-0.27873536944389343,0.15208831429481506,0.0015693142948150773,0.12354070345060089
1789260224.6156802,0.39111021161079407,0.09710413962602615,-1.0224748849868774,-2.5309460163116455,0.15030620992183685,2.577028274536133,0.6278001070022583,0.36617064476013184,-0.27800461649894714,0.15243127942085266,0.001912279420852675,0.1532333996180995
1789260224.6492836,0.3991067409515381,0.09156570583581924,-1.03127920627594,-2.5351247787475586,0.14133329689502716,2.5783817768096924,0.6109325289726257,0.3651776611804962,-0.27736979722976685,0.15265357494354248,0.0021345749435424943,0.18767184827349362
1789260224.6828763,0.40718555450439453,0.08542319387197495,-1.0409660339355469,-2.539532423019409,0.13160885870456696,2.5798544883728027,0.5929558873176575,0.3639761805534363,-0.2769466042518616,0.1529300957918167,0.0024110957918167253,0.22117343270373202
1789260224.7164795,0.4152665436267853,0.07950976490974426,-1.0496739149093628,-2.543541431427002,0.12247290462255478,2.581315755844116,0.576089084148407,0.3631814122200012,-0.2762322723865509,0.15321899950504303,0.0026999995050430436,0.24308965745644515
1789260224.7500894,0.42348405718803406,0.07374882698059082,-1.0587319135665894,-2.5477218627929688,0.11299314349889755,2.58274507522583,0.558584988117218,0.3622226119041443,-0.27554407715797424,0.1533784717321396,0.0028594717321396013,0.2733976504176824
1789260224.7836895,0.43148255348205566,0.0677121952176094,-1.0681825876235962,-2.5520224571228027,0.1036350354552269,2.5842268466949463,0.5410719513893127,0.3611072599887848,-0.27500495314598083,0.15352623164653778,0.0030072316465377946,0.2859902821318441
1789260224.8172765,0.4397140145301819,0.06178022548556328,-1.0771290063858032,-2.556100606918335,0.09423549473285675,2.5857467651367188,0.5237671732902527,0.3602731227874756,-0.27424222230911255,0.15367692708969116,0.003157927089691176,0.3013159872936269
1789260224.8508554,0.44797369837760925,0.05577569827437401,-1.086220622062683,-2.5604045391082764,0.08474019169807434,2.587179660797119,0.5062872767448425,0.3593134880065918,-0.27341848611831665,0.15371379256248474,0.003194792562484755,0.305827932186261
1789260224.8844814,0.455713152885437,0.05007222294807434,-1.0952937602996826,-2.5645132064819336,0.07553419470787048,2.5886118412017822,0.48935410380363464,0.3582567572593689,-0.2728171944618225,0.15371589362621307,0.0031968936262130876,0.31216046066761094
1789260224.9181564,0.4641481935977936,0.04396331310272217,-1.1046174764633179,-2.568855047225952,0.06598260253667831,2.590106725692749,0.471469908952713,0.3572981357574463,-0.27195024490356445,0.15368281304836273,0.003163813048362746,0.30454562610362684
1789260224.9517562,0.4723735451698303,0.03800664842128754,-1.1136811971664429,-2.573108673095703,0.05648951232433319,2.5915637016296387,0.45400360226631165,0.35636135935783386,-0.27106526494026184,0.15359917283058167,0.003080172830581679,0.29541367464010293
1789260224.985374,0.4802657961845398,0.0323406457901001,-1.1225709915161133,-2.5771539211273193,0.04736819490790367,2.5929787158966064,0.4370839297771454,0.3554224967956543,-0.2702760398387909,0.15348634123802185,0.0029673412380218644,0.28667365437983994
1789260225.0189676,0.48838916420936584,0.026151223108172417,-1.131941556930542,-2.581305742263794,0.037853166460990906,2.594513416290283,0.4195387065410614,0.35447174310684204,-0.2695016860961914,0.1534089893102646,0.0028899893102646013,0.26614441693319085
1789260225.0526152,0.4967750012874603,0.0201485026627779,-1.141247272491455,-2.585634708404541,0.028211994096636772,2.595991611480713,0.4015873372554779,0.35349926352500916,-0.2685409188270569,0.15318287909030914,0.002663879090309157,0.24308965745644515
1789260225.0862434,0.5048418045043945,0.014418663457036018,-1.1499947309494019,-2.5898642539978027,0.019093815237283707,2.5973331928253174,0.38474902510643005,0.3525778353214264,-0.2674856185913086,0.15288476645946503,0.0023657664594650407,0.20935673428581142
1789260225.1198053,0.5128229856491089,0.008497362025082111,-1.159306287765503,-2.594021797180176,0.009661124087870121,2.598817825317383,0.3673010468482971,0.3515623211860657,-0.26666292548179626,0.15262214839458466,0.0021031483945846696,0.17913678902801208
1789260225.1533535,0.5209333300590515,0.0024394223000854254,-1.1684222221374512,-2.598250150680542,0.00026518493541516364,2.6002347469329834,0.3499714434146881,0.35061904788017273,-0.26565244793891907,0.15230929851531982,0.001790298515319838,0.1341703946898555
1789260225.1870267,0.5281039476394653,-0.0025738223921507597,-1.1763482093811035,-2.6018145084381104,-0.00793809350579977,2.601478099822998,0.3347723186016083,0.349838525056839,-0.2647665739059448,0.1520013064146042,0.0014823064146042009,0.10653118153060223
1789260225.2205362,0.5334161520004272,-0.006526989862322807,-1.1823246479034424,-2.6046552658081055,-0.014109021984040737,2.602468729019165,0.3233523964881897,0.3492020070552826,-0.26406097412109375,0.15172816812992096,0.0012091681299209733,0.07132624918176021
1789260225.2543242,0.5376964807510376,-0.009970049373805523,-1.187323808670044,-2.60697865486145,-0.019200872629880905,2.6033782958984375,0.31401172280311584,0.34868478775024414,-0.26352882385253906,0.1515345573425293,0.0010155573425293107,0.048456642643301504
1789260225.2886195,0.5416998863220215,-0.011432159692049026,-1.192838191986084,-2.607668876647949,-0.022183362394571304,2.603477716445923,0.30496296286582947,0.3481965661048889,-0.26378968358039856,0.15151286125183105,0.0009938612518310685,0.044234660174789026
1789260225.3222556,0.5466017723083496,-0.012998840771615505,-1.200563669204712,-2.608013153076172,-0.025245442986488342,2.6035187244415283,0.2932452857494354,0.34749835729599,-0.2645895183086395,0.15160773694515228,0.0010887369451522966,0.048456642643301504
1789260225.3558636,0.5527604222297668,-0.015067354775965214,-1.2103713750839233,-2.608294725418091,-0.02903767116367817,2.6034774780273438,0.27835822105407715,0.34664833545684814,-0.2656455636024475,0.15177366137504578,0.0012546613750457902,0.0625572578997782
1789260225.3894591,0.5594456791877747,-0.017254559323191643,-1.2214224338531494,-2.6087329387664795,-0.03334620222449303,2.6034224033355713,0.2619881331920624,0.3455432653427124,-0.26688912510871887,0.15187542140483856,0.0013564214048385759,0.06852804325551864
1789260225.4231825,0.5668985247612,-0.019826242700219154,-1.233272910118103,-2.609131336212158,-0.03800925612449646,2.603327989578247,0.24401967227458954,0.3444801867008209,-0.26810896396636963,0.1520182192325592,0.001499219232559218,0.07661668268387072
1789260225.456755,0.5742293000221252,-0.022192418575286865,-1.2446497678756714,-2.6095998287200928,-0.042648375034332275,2.6032049655914307,0.22661606967449188,0.34344029426574707,-0.26919060945510864,0.1520838439464569,0.001564843946456923,0.07912937001338383
1789260225.4903896,0.5813601613044739,-0.02445119060575962,-1.2557097673416138,-2.6100075244903564,-0.04707387834787369,2.6030988693237305,0.20971542596817017,0.342438668012619,-0.2702481150627136,0.15213903784751892,0.0016200378475189348,0.08392937202498843
1789260225.524177,0.5884683728218079,-0.026863547042012215,-1.2675329446792603,-2.6104445457458496,-0.05158526450395584,2.602964162826538,0.19219233095645905,0.3412194550037384,-0.2715336084365845,0.15217265486717224,0.001653654867172255,0.07661668268387072
1789260225.5577958,0.5958826541900635,-0.029365181922912598,-1.2793748378753662,-2.6108908653259277,-0.05624031648039818,2.6028451919555664,0.1742492914199829,0.3400781750679016,-0.2727013826370239,0.15219205617904663,0.0016730561790466447,0.07401874722002606
1789260225.5913854,0.6030495166778564,-0.03162228688597679,-1.2904067039489746,-2.611330986022949,-0.06072769686579704,2.602720022201538,0.15739335119724274,0.3390522003173828,-0.27369093894958496,0.15216906368732452,0.0016500636873245378,0.06852804325551864
1789260225.625086,0.6102238893508911,-0.03404239937663078,-1.3019944429397583,-2.6117663383483887,-0.06533024460077286,2.60259747505188,0.13995160162448883,0.3378903567790985,-0.27483993768692017,0.15213896334171295,0.0016199633417129655,0.059347025446578223
1789260225.658764,0.6174744963645935,-0.03649650514125824,-1.3136721849441528,-2.6121714115142822,-0.06987574696540833,2.6024839878082275,0.12234135717153549,0.3367342948913574,-0.2759861946105957,0.1520996391773224,0.0015806391773224016,0.048456642643301504
1789260225.692405,0.6247047781944275,-0.038826245814561844,-1.3250104188919067,-2.612612724304199,-0.07442499697208405,2.60235333442688,0.10506866872310638,0.33562394976615906,-0.2770134508609772,0.1520138829946518,0.0014948829946518083,0.03426402009603798
1789260225.7260606,0.6321350932121277,-0.04122389107942581,-1.3364766836166382,-2.6130545139312744,-0.0791034922003746,2.6022274494171143,0.08749186992645264,0.33453306555747986,-0.2780003547668457,0.15191130340099335,0.001392303400993361,0.03426402009603798
1789260225.7596207,0.6391536593437195,-0.04358698055148125,-1.3481727838516235,-2.6135005950927734,-0.08358993381261826,2.6020939350128174,0.0701521709561348,0.3332498371601105,-0.2791838049888611,0.15177585184574127,0.0012568518457412858,0.027976455118293345
1789260225.7931943,0.6463758945465088,-0.046028971672058105,-1.3596713542938232,-2.613915205001831,-0.08806674927473068,2.6020002365112305,0.05271802842617035,0.33210036158561707,-0.2802284359931946,0.15164335072040558,0.0011243507204055925,0.03426402009603798
1789260225.826752,0.6534180641174316,-0.04880141094326973,-1.371330976486206,-2.6138501167297363,-0.09343986213207245,2.601621150970459,0.03576993569731712,0.3310021162033081,-0.2814865708351135,0.15165935456752777,0.0011403545675277849,0.03426402009603798
1789260225.8603487,0.6598876714706421,-0.05192519724369049,-1.383610725402832,-2.613363742828369,-0.09952285885810852,2.6011993885040283,0.019152861088514328,0.3297325074672699,-0.2832399010658264,0.15181082487106323,0.0012918248710632463,0.027976455118293345
1789260225.8939717,0.6664683818817139,-0.05542575940489769,-1.3970324993133545,-2.6125118732452393,-0.10607494413852692,2.6006247997283936,0.001621238887310028,0.32829317450523376,-0.28538596630096436,0.1520502120256424,0.0015312120256424089,0.0
1789260225.9276712,0.6734212636947632,-0.05899420380592346,-1.4103093147277832,-2.6117594242095947,-0.1127781793475151,2.60003399848938,-0.01629723608493805,0.3269456624984741,-0.287307471036911,0.1522223949432373,0.0017033949432373185,0.027976455118293345
1789260225.9613037,0.6801868081092834,-0.06224311143159866,-1.422662377357483,-2.610957384109497,-0.11922860145568848,2.599501132965088,-0.03324635326862335,0.3257808983325958,-0.28903642296791077,0.1523793786764145,0.0018603786764145036,0.05233915627441309
1789260225.9949005,0.6869276165962219,-0.06567540019750595,-1.4357320070266724,-2.6101932525634766,-0.1257331818342209,2.598923444747925,-0.050653766840696335,0.3243796229362488,-0.29094791412353516,0.1524769812822342,0.0019579812822342058,0.059347025446578223
1789260226.0284948,0.6935150623321533,-0.06910195201635361,-1.4488685131072998,-2.6093506813049316,-0.1321108490228653,2.5983638763427734,-0.06808367371559143,0.32292237877845764,-0.2929419279098511,0.1525636911392212,0.0020446911392212053,0.07912937001338383
1789260226.0620914,0.7003040313720703,-0.07257574051618576,-1.4619086980819702,-2.6085543632507324,-0.13871395587921143,2.5977938175201416,-0.08548702299594879,0.32151398062705994,-0.29480770230293274,0.15260036289691925,0.0020813628969192643,0.08622923312351063
1789260226.095696,0.7072659134864807,-0.07600922137498856,-1.4747684001922607,-2.6077303886413574,-0.1453859657049179,2.5972342491149902,-0.10304593294858932,0.32019340991973877,-0.2965647280216217,0.15261304378509521,0.0020940437850952287,0.08846932694105811
1789260226.1292887,0.713786244392395,-0.07932640612125397,-1.4875078201293945,-2.6069447994232178,-0.15172752737998962,2.5966713428497314,-0.11992798745632172,0.3187342882156372,-0.29840147495269775,0.15257298946380615,0.002053989463806166,0.08846932694105811
1789260226.1628754,0.720596432685852,-0.08286191523075104,-1.5009772777557373,-2.6060266494750977,-0.1584489643573761,2.596102714538574,-0.1378428041934967,0.3171798884868622,-0.30038610100746155,0.15252585709095,0.002006857090950026,0.09487278508118449
1789260226.1965299,0.727193295955658,-0.08618560433387756,-1.513534426689148,-2.6052510738372803,-0.16475553810596466,2.595540761947632,-0.1547209471464157,0.3157542049884796,-0.30210620164871216,0.1524147093296051,0.0018957093296051164,0.08846932694105811
1789260226.2301965,0.7341115474700928,-0.08961955457925797,-1.5263222455978394,-2.604430675506592,-0.17123010754585266,2.5949976444244385,-0.17217735946178436,0.3143627941608429,-0.30379024147987366,0.15227961540222168,0.0017606154022216935,0.07912937001338383
1789260226.2637818,0.7408193349838257,-0.09306048601865768,-1.5396275520324707,-2.603595495223999,-0.17786525189876556,2.594398260116577,-0.18978950381278992,0.3127160668373108,-0.3056817650794983,0.1520862728357315,0.0015672728357315202,0.06561060592844098
1789260226.2973423,0.7474196553230286,-0.09648624807596207,-1.5525976419448853,-2.6027371883392334,-0.1843658983707428,2.5938377380371094,-0.2070339471101761,0.31113409996032715,-0.3075012266635895,0.15187899768352509,0.0013599976835250993,0.05233915627441309
1789260226.3309476,0.7535464763641357,-0.0995974913239479,-1.564476490020752,-2.602072238922119,-0.1902211755514145,2.593341827392578,-0.22291764616966248,0.3096539080142975,-0.3090835213661194,0.15161405503749847,0.001095055037498488,0.048456642643301504
1789260226.3645349,0.7589434385299683,-0.10250553488731384,-1.5742915868759155,-2.6010303497314453,-0.1956089287996292,2.592707872390747,-0.23616854846477509,0.3086718022823334,-0.31041181087493896,0.15152888000011444,0.0010098800001144548,0.05595291190411357
1789260226.3981333,0.7638890743255615,-0.10612349957227707,-1.5846155881881714,-2.598493814468384,-0.20164833962917328,2.5912511348724365,-0.24924646317958832,0.3077774941921234,-0.31242650747299194,0.15185537934303284,0.0013363793430328508,0.07401874722002606
1789260226.431724,0.7700273394584656,-0.11071359366178513,-1.5973997116088867,-2.595163106918335,-0.20905253291130066,2.5895490646362305,-0.2653907537460327,0.3067280650138855,-0.31498247385025024,0.15229164063930511,0.0017726406393051286,0.11534989781745353
1789260226.4653337,0.7762413620948792,-0.11532508581876755,-1.6106566190719604,-2.5921332836151123,-0.2167264074087143,2.5876615047454834,-0.28190138936042786,0.3053780496120453,-0.3175082206726074,0.1525305211544037,0.0020115211544037004,0.13562092827251515
1789260226.4989605,0.7830751538276672,-0.12034586071968079,-1.6244629621505737,-2.5885684490203857,-0.22500143945217133,2.5858001708984375,-0.2995609641075134,0.30420348048210144,-0.32017508149147034,0.15287494659423828,0.002355946594238295,0.17245851507387558
1789260226.5325904,0.7899821996688843,-0.12531091272830963,-1.6385945081710815,-2.585089921951294,-0.23325413465499878,2.583832263946533,-0.31735697388648987,0.3028445243835449,-0.32286280393600464,0.1531020849943161,0.002583084994316115,0.19683190382077603
1789260226.5661893,0.7963217496871948,-0.13017874956130981,-1.6521393060684204,-2.581833839416504,-0.24110954999923706,2.581968069076538,-0.33431851863861084,0.3014002740383148,-0.325469970703125,0.15323396027088165,0.0027149602708816667,0.2121420935987288
1789260226.5997803,0.8029186129570007,-0.1350158005952835,-1.6660048961639404,-2.578326940536499,-0.24909865856170654,2.580068349838257,-0.35169851779937744,0.2999432384967804,-0.32818445563316345,0.15337532758712769,0.0028563275871276994,0.22555353545062423
1789260226.6333883,0.8097648024559021,-0.13995866477489471,-1.6795281171798706,-2.5749034881591797,-0.25726938247680664,2.5782179832458496,-0.36915701627731323,0.2986319959163666,-0.33068233728408813,0.15344996750354767,0.0029309675035476823,0.23656255899196596
1789260226.667016,0.816409707069397,-0.14488254487514496,-1.6934493780136108,-2.5716092586517334,-0.26538920402526855,2.576234817504883,-0.38663965463638306,0.2970113456249237,-0.3332709074020386,0.15338300168514252,0.002864001685142531,0.22381178101882981
1789260226.7006001,0.8227398991584778,-0.1496165543794632,-1.7069262266159058,-2.568281650543213,-0.27312779426574707,2.5744194984436035,-0.40348178148269653,0.29541757702827454,-0.3358660638332367,0.1533201038837433,0.0028011038837433,0.21939690831971592
1789260226.7342124,0.8293800354003906,-0.15465989708900452,-1.720941424369812,-2.5647716522216797,-0.2813723683357239,2.5724754333496094,-0.42109236121177673,0.29374533891677856,-0.3385385274887085,0.15320071578025818,0.0026817157802581926,0.20747905542313175
1789260226.7677758,0.8364163041114807,-0.15962235629558563,-1.734879970550537,-2.561201572418213,-0.28961101174354553,2.5705556869506836,-0.43893498182296753,0.29219701886177063,-0.34109970927238464,0.15305174887180328,0.0025327488718032976,0.18974563519333634
1789260226.8013973,0.842868983745575,-0.1643909364938736,-1.7483253479003906,-2.558012008666992,-0.2975248694419861,2.5686604976654053,-0.4558612108230591,0.29047009348869324,-0.3435437083244324,0.15275703370571136,0.0022380337057113786,0.15701751249847418
1789260226.835142,0.849312961101532,-0.16933564841747284,-1.7621715068817139,-2.554607391357422,-0.3054731488227844,2.5667786598205566,-0.47301897406578064,0.28862881660461426,-0.34615251421928406,0.1524399369955063,0.0019209369955063005,0.12666881248565126
1789260226.8686767,0.8554791212081909,-0.1739751249551773,-1.7752645015716553,-2.5512940883636475,-0.312984824180603,2.564920425415039,-0.48946937918663025,0.2868761122226715,-0.34861862659454346,0.15211272239685059,0.0015937223968505998,0.09691329395132914
1789260226.9022894,0.8610320687294006,-0.17777740955352783,-1.7856303453445435,-2.549024820327759,-0.31948819756507874,2.563089609146118,-0.5031266808509827,0.28554767370224,-0.35017019510269165,0.15164875984191895,0.0011297598419189592,0.07132624918176021
1789260226.93588,0.8650076985359192,-0.18086716532707214,-1.794127106666565,-2.5467803478240967,-0.3242870569229126,2.562065601348877,-0.5135660767555237,0.2844234108924866,-0.3518138527870178,0.15142172574996948,0.0009027257499694963,0.07661668268387072
1789260226.969478,0.869080662727356,-0.18461459875106812,-1.8018579483032227,-2.5425009727478027,-0.32880324125289917,2.5601441860198975,-0.5237493515014648,0.2840272784233093,-0.353897362947464,0.15181244909763336,0.0012934490976333757,0.07661668268387072
1789260227.0030928,0.8741191029548645,-0.18932101130485535,-1.811151146888733,-2.5368642807006836,-0.33437126874923706,2.557582378387451,-0.535992443561554,0.2836608588695526,-0.35652217268943787,0.1523805558681488,0.0018615558681488176,0.12033130429241841
1789260227.0366626,0.880051851272583,-0.19561998546123505,-1.822955846786499,-2.5303268432617188,-0.3410274386405945,2.5542805194854736,-0.5508845448493958,0.28286170959472656,-0.35965362191200256,0.15279051661491394,0.0022715166149139543,0.19077407530073984
1789260227.0702972,0.886967122554779,-0.20207034051418304,-1.8355767726898193,-2.5230753421783447,-0.34843918681144714,2.550640821456909,-0.5676765441894531,0.2821444571018219,-0.36299076676368713,0.15326540172100067,0.0027464017210006852,0.24228338651132322
1789260227.1039176,0.894102931022644,-0.20910227298736572,-1.849164366722107,-2.515498638153076,-0.35637784004211426,2.5467545986175537,-0.5852346420288086,0.2811436653137207,-0.366559773683548,0.15360458195209503,0.0030855819520950456,0.2846186153678242
1789260227.137554,0.9013603925704956,-0.21614784002304077,-1.8629884719848633,-2.507725238800049,-0.36425459384918213,2.5428102016448975,-0.6032071709632874,0.28004875779151917,-0.3702278733253479,0.15389473736286163,0.003375737362861647,0.3189810748477827
1789260227.1711729,0.9082196950912476,-0.22280766069889069,-1.875956416130066,-2.500220537185669,-0.3717370629310608,2.5391693115234375,-0.620085597038269,0.2790210247039795,-0.3737508952617645,0.15415821969509125,0.0036392196950912614,0.35110227107990044
1789260227.2047362,0.9154939651489258,-0.2295946180820465,-1.8891031742095947,-2.492598295211792,-0.37966203689575195,2.5354044437408447,-0.6375100612640381,0.27800658345222473,-0.3772351145744324,0.1543361097574234,0.0038171097574234147,0.36637470537647665
1789260227.2383244,0.922622561454773,-0.2366618663072586,-1.902518630027771,-2.4852983951568604,-0.3873617351055145,2.5314626693725586,-0.6548917293548584,0.2766950726509094,-0.3806052505970001,0.15423282980918884,0.0037138298091888566,0.362076891766538
1789260227.2718947,0.9295194745063782,-0.24347831308841705,-1.9161232709884644,-2.477473497390747,-0.3951694667339325,2.527698516845703,-0.672324001789093,0.2752436697483063,-0.3843787908554077,0.15425622463226318,0.0037372246322631975,0.3593646581973214
1789260227.305596,0.9366148710250854,-0.25043338537216187,-1.929587721824646,-2.469634771347046,-0.40291938185691833,2.5239100456237793,-0.6898809671401978,0.2738586962223053,-0.3880378007888794,0.15418873727321625,0.0036697372732162614,0.3516591364137872
1789260227.3391778,0.9437658190727234,-0.25708380341529846,-1.9423073530197144,-2.4625675678253174,-0.41046425700187683,2.5201525688171387,-0.7067313194274902,0.27256113290786743,-0.3911845088005066,0.15389451384544373,0.0033755138454437394,0.31465779040329017
1789260227.3728256,0.9510429501533508,-0.26424360275268555,-1.9561630487442017,-2.4547924995422363,-0.41850507259368896,2.5162556171417236,-0.7246959209442139,0.27091386914253235,-0.39480796456336975,0.15354017913341522,0.003021179133415236,0.27624562495594135
1789260227.4064615,0.9576959609985352,-0.27086472511291504,-1.969265341758728,-2.4471452236175537,-0.42597880959510803,2.512659788131714,-0.7415580153465271,0.26924577355384827,-0.3984493017196655,0.1532551795244217,0.0027361795244217058,0.23573396487594475
1789260227.440074,0.9645163416862488,-0.27749329805374146,-1.9821974039077759,-2.439889669418335,-0.43354904651641846,2.508942127227783,-0.7583884596824646,0.2675524055957794,-0.40180066227912903,0.15275773406028748,0.0022387340602874894,0.17358940356200137
1789260227.4736547,0.9708004593849182,-0.28342631459236145,-1.9933570623397827,-2.4336183071136475,-0.4400857388973236,2.5057711601257324,-0.7731121778488159,0.2662261426448822,-0.40455469489097595,0.1522304266691208,0.0017114266691208024,0.12354070345060089
1789260227.507311,0.9756003618240356,-0.2881552577018738,-2.002626895904541,-2.428363084793091,-0.44539403915405273,2.5031025409698486,-0.7850606441497803,0.2649015784263611,-0.4069880545139313,0.15179495513439178,0.0012759551343917985,0.08392937202498843
1789260227.5409205,0.9794043898582458,-0.29197028279304504,-2.009812355041504,-2.4237632751464844,-0.44921162724494934,2.5007972717285156,-0.7946480512619019,0.2639552354812622,-0.4090263545513153,0.15156424045562744,0.0010452404556274553,0.06561060592844098
1789260227.574536,0.9842896461486816,-0.2966836094856262,-2.016016721725464,-2.4167938232421875,-0.45211681723594666,2.4977176189422607,-0.8049135208129883,0.26422685384750366,-0.41138720512390137,0.15202490985393524,0.0015059098539352556,0.09487278508118449
1789260227.608124,0.9903421401977539,-0.3026082217693329,-2.0241897106170654,-2.4082889556884766,-0.45578649640083313,2.49363112449646,-0.8182573914527893,0.26425227522850037,-0.41431304812431335,0.15240350365638733,0.001884503656387343,0.1341703946898555
1789260227.641731,0.9975165128707886,-0.3100374639034271,-2.034291982650757,-2.3975603580474854,-0.46001920104026794,2.4889960289001465,-0.8342491388320923,0.26421594619750977,-0.4181341528892517,0.15289561450481415,0.002376614504814162,0.21028928664640814
1789260227.6753128,1.0050166845321655,-0.3175242841243744,-2.044928789138794,-2.3861663341522217,-0.4646446704864502,2.4839820861816406,-0.8510521054267883,0.2640317678451538,-0.4222535789012909,0.153426855802536,0.0029078558025360246,0.26169599974856805
1789260227.7089415,1.0127843618392944,-0.3256698548793793,-2.056262969970703,-2.3747401237487793,-0.46941012144088745,2.4786369800567627,-0.8686412572860718,0.2635754942893982,-0.426327645778656,0.15361399948596954,0.0030949994859695573,0.30001439728971957
1789260227.742562,1.020750880241394,-0.33333051204681396,-2.066803216934204,-2.363144874572754,-0.47417959570884705,2.4736039638519287,-0.885913610458374,0.26351210474967957,-0.43036311864852905,0.15402275323867798,0.0035037532386779924,0.340348762865499
1789260227.7761567,1.0289133787155151,-0.34133395552635193,-2.0776803493499756,-2.3517892360687256,-0.47895848751068115,2.468214750289917,-0.903416633605957,0.2632465064525604,-0.4342014193534851,0.15410077571868896,0.0035817757186889787,0.3538778350848651
1789260227.8097682,1.0364714860916138,-0.3492238223552704,-2.0888378620147705,-2.3401596546173096,-0.4836181104183197,2.463031768798828,-0.9208713173866272,0.26257503032684326,-0.4384184181690216,0.15418967604637146,0.003670676046371474,0.36637470537647665
1789260227.8434007,1.0444042682647705,-0.3570353090763092,-2.099626302719116,-2.328704595565796,-0.4883929491043091,2.457838535308838,-0.9382619261741638,0.26212629675865173,-0.4423816204071045,0.15420308709144592,0.0036840870914459367,0.3631561135403902
1789260227.8770807,1.0524382591247559,-0.3651094138622284,-2.110482692718506,-2.3172171115875244,-0.49316835403442383,2.4526381492614746,-0.9557873606681824,0.2616438567638397,-0.4462961256504059,0.1540624052286148,0.003543405228614821,0.35608270981587586
1789260227.9106457,1.0601236820220947,-0.3728815019130707,-2.121678590774536,-2.305532932281494,-0.49798041582107544,2.44732403755188,-0.9732494950294495,0.2607463300228119,-0.45048797130584717,0.15391594171524048,0.0033969417152404924,0.320816076980128
1789260227.944257,1.0677926540374756,-0.3807238042354584,-2.132331132888794,-2.2944602966308594,-0.5025526285171509,2.44228458404541,-0.9902133941650391,0.260018914937973,-0.4542814791202545,0.15355850756168365,0.0030395075616836686,0.2907401591260049
1789260227.9778225,1.076006293296814,-0.3886309564113617,-2.143284797668457,-2.2824292182922363,-0.5074173808097839,2.437074661254883,-1.0080784559249878,0.2593931257724762,-0.45841774344444275,0.15337365865707397,0.0028546586570739885,0.2517882961682785
1789260228.0115144,1.0836846828460693,-0.3964075446128845,-2.1539506912231445,-2.271449565887451,-0.5121238827705383,2.431882381439209,-1.0249415636062622,0.2584812641143799,-0.4621364176273346,0.1528135985136032,0.0022945985136032243,0.18767184827349362
1789260228.0450845,1.090672492980957,-0.4037926197052002,-2.1643829345703125,-2.2605648040771484,-0.5164166688919067,2.427114486694336,-1.0411827564239502,0.25734302401542664,-0.4660230278968811,0.15232914686203003,0.0018101468620300432,0.13122123336572936
1789260228.0787225,1.0966038703918457,-0.4097069501876831,-2.1726009845733643,-2.2519748210906982,-0.5199956297874451,2.4232161045074463,-1.0541579723358154,0.2565777897834778,-0.4689466953277588,0.15185731649398804,0.001338316493988051,0.08392937202498843
1789260228.1123226,1.1022964715957642,-0.41480588912963867,-2.17910099029541,-2.2442686557769775,-0.5225021839141846,2.419656753540039,-1.0660368204116821,0.2564740777015686,-0.471276193857193,0.15160581469535828,0.0010868146953582902,0.07912937001338383
1789260228.1459637,1.1086738109588623,-0.4203264117240906,-2.185135841369629,-2.234387159347534,-0.5234513878822327,2.415846347808838,-1.0791863203048706,0.25716501474380493,-0.47416946291923523,0.15203048288822174,0.0015114828882217546,0.10279207254188717
1789260228.1795561,1.1166176795959473,-0.4270847737789154,-2.193025588989258,-2.222153425216675,-0.5248579978942871,2.4107930660247803,-1.0959583520889282,0.2577267587184906,-0.4777882397174835,0.15242698788642883,0.0019079878864288469,0.13122123336572936
1789260228.2130907,1.1251312494277954,-0.4342323839664459,-2.2008917331695557,-2.2097814083099365,-0.5263414978981018,2.405667304992676,-1.1132655143737793,0.25855952501296997,-0.48123541474342346,0.15269199013710022,0.0021729901371002336,0.16785878907325083
1789260228.2466772,1.1336007118225098,-0.44143351912498474,-2.2090446949005127,-2.197282075881958,-0.5278322696685791,2.4004952907562256,-1.1307121515274048,0.25919318199157715,-0.4847796559333801,0.15286898612976074,0.002349986129760756,0.1958352792096712
1789260228.2802682,1.1414706707000732,-0.4484565556049347,-2.217151165008545,-2.185073137283325,-0.5292731523513794,2.395500421524048,-1.147594928741455,0.25951236486434937,-0.48836633563041687,0.15296530723571777,0.0024463072357177873,0.21489135308816265
1789260228.3138616,1.1500307321548462,-0.45556917786598206,-2.225147247314453,-2.172271728515625,-0.5307815670967102,2.3903229236602783,-1.165132999420166,0.2602039575576782,-0.49197641015052795,0.15319281816482544,0.0026738181648254533,0.23154652169551507
1789260228.3474433,1.1586039066314697,-0.4627284109592438,-2.233037233352661,-2.1598916053771973,-0.5322497487068176,2.3851828575134277,-1.182417392730713,0.2608996033668518,-0.4953400492668152,0.1532178372144699,0.0026988372144699235,0.24066274127277762
1789260228.381183,1.1668033599853516,-0.4698457717895508,-2.2413158416748047,-2.1470696926116943,-0.5337453484535217,2.38004469871521,-1.199920654296875,0.2611978054046631,-0.4990764558315277,0.15328411757946014,0.002765117579460158,0.24066274127277762
1789260228.414772,1.175315499305725,-0.47719675302505493,-2.249427080154419,-2.134603500366211,-0.5352452993392944,2.374833106994629,-1.2173335552215576,0.2616801857948303,-0.5024625658988953,0.15310482680797577,0.002585826807975783,0.2323900466696225
1789260228.448344,1.1838418245315552,-0.4841451048851013,-2.2572832107543945,-2.1220226287841797,-0.5367236137390137,2.369666337966919,-1.2347362041473389,0.2622557282447815,-0.5058993101119995,0.15311123430728912,0.0025922343072891374,0.21579998972694253
1789260228.4819307,1.1920812129974365,-0.4914500117301941,-2.2656328678131104,-2.1092777252197266,-0.5381618142127991,2.3645527362823486,-1.2522351741790771,0.2624351978302002,-0.5095120668411255,0.15289416909217834,0.0023751690921783586,0.19683190382077603
1789260228.515528,1.2001184225082397,-0.49833807349205017,-2.273515462875366,-2.0970451831817627,-0.539577305316925,2.3595829010009766,-1.269099235534668,0.2626870274543762,-0.512913703918457,0.1526986062526703,0.002179606252670302,0.16902045629320203
1789260228.5491316,1.2090034484863281,-0.5056565403938293,-2.281435966491699,-2.084550142288208,-0.5410560965538025,2.354339599609375,-1.2866662740707397,0.26331865787506104,-0.5160948634147644,0.15234749019145966,0.0018284901914596696,0.13988230894202303
1789260228.5827234,1.2171231508255005,-0.5127224326133728,-2.289663791656494,-2.071690797805786,-0.5425251126289368,2.3492302894592285,-1.3041608333587646,0.263383150100708,-0.5197476148605347,0.15212059020996094,0.0016015902099609514,0.09691329395132914
1789260228.616318,1.224408507347107,-0.5189065933227539,-2.2966785430908203,-2.060669183731079,-0.5436718463897705,2.344871759414673,-1.319254994392395,0.2636173963546753,-0.5227411389350891,0.15184156596660614,0.001322565966606154,0.06852804325551864
1789260228.6499104,1.2315082550048828,-0.5242670178413391,-2.3023011684417725,-2.0508275032043457,-0.5439173579216003,2.340918779373169,-1.333774209022522,0.2644926905632019,-0.5250833034515381,0.15175499022006989,0.0012359902200698991,0.07912937001338383
1789260228.683629,1.2401306629180908,-0.5300022959709167,-2.3084659576416016,-2.0392138957977295,-0.5437986254692078,2.336440324783325,-1.351157784461975,0.26591256260871887,-0.5277699828147888,0.15197671949863434,0.0014577194986343522,0.06852804325551864
1789260228.7172384,1.2484321594238281,-0.5359137654304504,-2.314815044403076,-2.0272862911224365,-0.5433123111724854,2.3320202827453613,-1.3686368465423584,0.2671068608760834,-0.530655562877655,0.1521751582622528,0.0016561582622528215,0.08846932694105811
1789260228.7507896,1.2569336891174316,-0.5417354702949524,-2.3211004734039307,-2.0155935287475586,-0.5428727269172668,2.32753324508667,-1.386220097541809,0.26839959621429443,-0.5333536267280579,0.15229959785938263,0.0017805978593826433,0.09891171693842998
1789260228.7844014,1.2653157711029053,-0.5475364923477173,-2.3270885944366455,-2.0043234825134277,-0.5423924922943115,2.3232944011688232,-1.403076410293579,0.26980075240135193,-0.535844087600708,0.15233074128627777,0.0018117412862777849,0.11364091540157657
1789260228.8179853,1.2737512588500977,-0.5534982085227966,-2.333746910095215,-1.9921026229858398,-0.5418659448623657,2.3188259601593018,-1.4210076332092285,0.27086904644966125,-0.5388059020042419,0.15244783461093903,0.0019288346109390397,0.11869406681127799
1789260228.8515599,1.281955599784851,-0.5592750310897827,-2.339772939682007,-1.9809017181396484,-0.5413744449615479,2.3144757747650146,-1.4378304481506348,0.27211153507232666,-0.5412644147872925,0.1523829847574234,0.0018639847574234147,0.12511453444308365
1789260228.8851418,1.2905727624893188,-0.5650132298469543,-2.3458383083343506,-1.9689664840698242,-0.5408860445022583,2.3101508617401123,-1.4553208351135254,0.2735777199268341,-0.5439422726631165,0.15257340669631958,0.002054406696319594,0.12972151222939818
1789260228.9187121,1.2989078760147095,-0.5709435343742371,-2.352328300476074,-1.957136869430542,-0.5403783917427063,2.3056228160858154,-1.472867727279663,0.27462127804756165,-0.5466487407684326,0.15249662101268768,0.001977621012687697,0.11869406681127799
1789260228.9523773,1.30744469165802,-0.5767525434494019,-2.358350992202759,-1.9455090761184692,-0.5398815870285034,2.3013243675231934,-1.490164041519165,0.2760448753833771,-0.549144446849823,0.15249325335025787,0.0019742533502578874,0.12033130429241841
1789260228.986033,1.316028356552124,-0.5827648043632507,-2.364645481109619,-1.9339556694030762,-0.5394188761711121,2.2967722415924072,-1.5076876878738403,0.27730101346969604,-0.5515565872192383,0.15225563943386078,0.0017366394338607927,0.10467832346762979
1789260229.019643,1.3241747617721558,-0.5885477662086487,-2.3711161613464355,-1.922034502029419,-0.5388919115066528,2.292374610900879,-1.5251160860061646,0.27823856472969055,-0.5543277263641357,0.15220746397972107,0.0016884639797210832,0.08156468806857739
1789260229.053201,1.3326070308685303,-0.5943215489387512,-2.377321720123291,-1.910314679145813,-0.5384079813957214,2.2879748344421387,-1.5425535440444946,0.2794627547264099,-0.5568549633026123,0.1521197110414505,0.0016007110414505143,0.06561060592844098
1789260229.0868225,1.3414760828018188,-0.6002333760261536,-2.383312225341797,-1.8986908197402954,-0.537901759147644,2.2835919857025146,-1.5599805116653442,0.2810511291027069,-0.5591248869895935,0.1519525945186615,0.0014335945186615129,0.05595291190411357
1789260229.1204886,1.349542498588562,-0.6060722470283508,-2.3897318840026855,-1.8869704008102417,-0.5372868776321411,2.27929949760437,-1.5774617195129395,0.2819642126560211,-0.5617474913597107,0.15174047648906708,0.0012214764890670915,0.044234660174789026
1789260229.1540892,1.3573157787322998,-0.6110952496528625,-2.395251750946045,-1.87690007686615,-0.5363135933876038,2.2756118774414062,-1.594028353691101,0.28324657678604126,-0.5637111663818359,0.15153302252292633,0.0010140225229263444,0.05595291190411357
1789260229.1876862,1.3655956983566284,-0.615890622138977,-2.4004993438720703,-1.866347312927246,-0.5348328351974487,2.272263288497925,-1.6119722127914429,0.28506070375442505,-0.5657212734222412,0.15169471502304077,0.0011757150230407853,0.044234660174789026
1789260229.2212474,1.3732681274414062,-0.6205240488052368,-2.4056413173675537,-1.8566192388534546,-0.5334335565567017,2.268965005874634,-1.6288329362869263,0.2865624725818634,-0.5675364136695862,0.15163518488407135,0.001116184884071364,0.059347025446578223
1789260229.254853,1.381271243095398,-0.6253374218940735,-2.4109559059143066,-1.8465815782546997,-0.531964123249054,2.2656359672546387,-1.6463223695755005,0.2881706953048706,-0.5693698525428772,0.15154588222503662,0.001026882225036635,0.06852804325551864
1789260229.2884684,1.3885318040847778,-0.6298195123672485,-2.415830612182617,-1.8371343612670898,-0.5305724740028381,2.262509822845459,-1.6625521183013916,0.28960201144218445,-0.5711373090744019,0.15150126814842224,0.000982268148422255,0.07912937001338383
1789260229.3220835,1.3913829326629639,-0.6316139698028564,-2.41770076751709,-1.834006667137146,-0.5300008058547974,2.2610433101654053,-1.6697254180908203,0.29013973474502563,-0.5715164542198181,0.15122836828231812,0.0007093682823181291,0.10087055545943382
1789260229.42961,1.3917053937911987,-0.6317703723907471,-2.417904853820801,-1.8336108922958374,-0.5299735069274902,2.2609519958496094,-1.67027747631073,0.29021286964416504,-0.5715984106063843,0.15124545991420746,0.0007264599142074724,0.09487278508118449
1789260229.487481,1.3917053937911987,-0.6317113041877747,-2.417900800704956,-1.8335660696029663,-0.5299729108810425,2.260953903198242,-1.6702784299850464,0.2902148962020874,-0.5716281533241272,0.15129390358924866,0.0007749035892486711,0.08846932694105811
1789260229.5274436,1.3916999101638794,-0.6317285299301147,-2.4179069995880127,-1.8335695266723633,-0.5299750566482544,2.260953903198242,-1.6702678203582764,0.29020851850509644,-0.571626603603363,0.15128237009048462,0.000763370090484633,0.09065408419654447
1789260229.572555,1.3917028903961182,-0.6317155957221985,-2.4179022312164307,-1.8335667848587036,-0.529975950717926,2.260952949523926,-1.6702710390090942,0.29021236300468445,-0.5716281533241272,0.15129102766513824,0.0007720276651382585,0.08846932694105811
1789260229.6115644,1.391680121421814,-0.6317204833030701,-2.417909622192383,-1.8336000442504883,-0.5299803614616394,2.260953187942505,-1.670263409614563,0.2901941239833832,-0.5716211199760437,0.15127408504486084,0.0007550850448608537,0.09065408419654447
1789260229.6544561,1.3917176723480225,-0.6317244172096252,-2.4178783893585205,-1.8336293697357178,-0.5299752950668335,2.260953664779663,-1.670262098312378,0.29023298621177673,-0.5715895295143127,0.15126805007457733,0.0007490500745773454,0.09278741380920028
1789260229.6934617,1.391692876815796,-0.6317221522331238,-2.4178884029388428,-1.833608865737915,-0.5299768447875977,2.2609524726867676,-1.6702591180801392,0.29021334648132324,-0.571608304977417,0.15127471089363098,0.0007557108936309953,0.09487278508118449
1789260229.7375944,1.39167058467865,-0.6317182183265686,-2.417914390563965,-1.8335987329483032,-0.529977023601532,2.2609524726867676,-1.6702600717544556,0.2901860475540161,-0.5716255903244019,0.151274636387825,0.0007556363878250261,0.09278741380920028
1789260229.7775095,1.3917415142059326,-0.6317140460014343,-2.417865753173828,-1.833589792251587,-0.5299805402755737,2.260953187942505,-1.6702646017074585,0.290254145860672,-0.571599543094635,0.1512913703918457,0.000772370391845717,0.09065408419654447
1789260229.8115187,1.3917031288146973,-0.6317189335823059,-2.417900562286377,-1.8335959911346436,-0.5299745798110962,2.2609565258026123,-1.6702574491500854,0.2902134358882904,-0.5716146230697632,0.15127882361412048,0.0007598236141204973,0.09065408419654447
1789260229.8452349,1.3916676044464111,-0.6317131519317627,-2.417914628982544,-1.8336102962493896,-0.5300133228302002,2.2609519958496094,-1.6702595949172974,0.2901809513568878,-0.5716249346733093,0.1512726992368698,0.0007536992368698259,0.09065408419654447
1789260229.8788283,1.391710877418518,-0.6316899657249451,-2.41788387298584,-1.8336533308029175,-0.5300509929656982,2.260951280593872,-1.6702568531036377,0.2902182340621948,-0.571593701839447,0.15127496421337128,0.0007559642133712907,0.08622923312351063
1789260229.9124131,1.3917371034622192,-0.6316810846328735,-2.417867660522461,-1.8337043523788452,-0.5300591588020325,2.2609550952911377,-1.6702510118484497,0.290240615606308,-0.5715627670288086,0.15126405656337738,0.0007450565633773942,0.09065408419654447
1789260229.9460208,1.3917300701141357,-0.6316673755645752,-2.4178669452667236,-1.8336960077285767,-0.5300607681274414,2.2609565258026123,-1.670253872871399,0.2902369201183319,-0.5715711712837219,0.15127450227737427,0.0007555022773742814,0.08392937202498843
1789260229.9796662,1.3917343616485596,-0.631657600402832,-2.4178688526153564,-1.8337109088897705,-0.5300622582435608,2.2609505653381348,-1.6702462434768677,0.29023656249046326,-0.5715647339820862,0.15127284824848175,0.0007538482484817643,0.09065408419654447
1789260230.013247,1.3917280435562134,-0.6316600441932678,-2.4178717136383057,-1.8337070941925049,-0.5300669074058533,2.260953664779663,-1.670247197151184,0.2902316153049469,-0.5715692043304443,0.15127263963222504,0.0007536396322250505,0.08622923312351063
1789260230.0468168,1.3917245864868164,-0.6316543221473694,-2.417872428894043,-1.8336875438690186,-0.5300662517547607,2.260951280593872,-1.670250415802002,0.29022929072380066,-0.57157963514328,0.15128271281719208,0.0007637128171920915,0.08846932694105811
1789260230.080435,1.3917443752288818,-0.6316550970077515,-2.4178545475006104,-1.8337101936340332,-0.5300646424293518,2.2609519958496094,-1.670243740081787,0.29025042057037354,-0.5715599060058594,0.15127778053283691,0.0007587805328369279,0.09065408419654447
1789260230.114023,1.3917490243911743,-0.6316559910774231,-2.4178574085235596,-1.8337130546569824,-0.5300663709640503,2.260953664779663,-1.6702462434768677,0.2902514338493347,-0.5715580582618713,0.1512756645679474,0.0007566645679474016,0.08392937202498843
1789260230.1476138,1.3912421464920044,-0.6317468285560608,-2.417600631713867,-1.8340187072753906,-0.5304508209228516,2.260972261428833,-1.6697787046432495,0.29007595777511597,-0.5715304613113403,0.15117251873016357,0.0006535187301635881,0.09065408419654447
1789260230.1812458,1.386932611465454,-0.632367730140686,-2.413918972015381,-1.836280107498169,-0.5333484411239624,2.2608206272125244,-1.6676498651504517,0.2894200384616852,-0.5710761547088623,0.15082113444805145,0.0003021344480514665,0.12194656246489412
1789260230.2148387,1.3822721242904663,-0.6327853202819824,-2.4099223613739014,-1.8383498191833496,-0.5363333225250244,2.2605724334716797,-1.6654376983642578,0.2887223958969116,-0.5707702040672302,0.15071700513362885,0.00019800513362885908,0.13122123336572936
1789260230.2484612,1.377152681350708,-0.6333770155906677,-2.4050815105438232,-1.8404262065887451,-0.5392538905143738,2.2603440284729004,-1.6631929874420166,0.2882567048072815,-0.5703824162483215,0.15072692930698395,0.00020792930698396161,0.14935344105781187
1789260230.2820914,1.366433024406433,-0.6346097588539124,-2.394920587539673,-1.8459478616714478,-0.5465019345283508,2.2598676681518555,-1.657544493675232,0.28719180822372437,-0.5691367387771606,0.15034125745296478,-0.00017774254703520342,0.2027087792782551
1789260230.3156657,1.3525011539459229,-0.6362951397895813,-2.383418560028076,-1.852207899093628,-0.5551590919494629,2.2590413093566895,-1.6509276628494263,0.2849174439907074,-0.5681847333908081,0.14978644251823425,-0.0007325574817657332,0.26687861114866307
1789260230.3493023,1.339558720588684,-0.6379477381706238,-2.3717567920684814,-1.8583492040634155,-0.5634018778800964,2.2583658695220947,-1.644574522972107,0.28337204456329346,-0.5669727325439453,0.14940409362316132,-0.0011149063768386702,0.3244549486979649
1789260230.3829014,1.3254019021987915,-0.6396366357803345,-2.359293222427368,-1.864941954612732,-0.5724937915802002,2.257559061050415,-1.6377055644989014,0.2815209925174713,-0.5657889246940613,0.14908021688461304,-0.001438783115386949,0.36956526752057334
1789260230.416528,1.311375379562378,-0.6415314674377441,-2.346426010131836,-1.8719401359558105,-0.5816664695739746,2.256812334060669,-1.6306158304214478,0.27999943494796753,-0.5642939805984497,0.14868061244487762,-0.0018383875551223616,0.42658458894030554
1789260230.4501343,1.296714186668396,-0.6430565714836121,-2.333448648452759,-1.8786557912826538,-0.5911978483200073,2.2560956478118896,-1.6233636140823364,0.27816829085350037,-0.5631933212280273,0.14866133034229279,-0.0018576696577072005,0.4284154410109
1789260230.4836912,1.2817810773849487,-0.6448583006858826,-2.320272922515869,-1.8857887983322144,-0.6007204651832581,2.25524640083313,-1.6160333156585693,0.27630630135536194,-0.561883807182312,0.14846815168857574,-0.0020508483114242415,0.4584225615184332
1789260230.5172691,1.2674239873886108,-0.646752655506134,-2.307318925857544,-1.892781138420105,-0.610143780708313,2.2544374465942383,-1.6087898015975952,0.2746868133544922,-0.5605155825614929,0.1483038067817688,-0.0022151932182311873,0.4805127998273628
1789260230.5508966,1.2525371313095093,-0.6486773490905762,-2.294386148452759,-1.8998465538024902,-0.6196877360343933,2.253612995147705,-1.6014560461044312,0.27277109026908875,-0.5592785477638245,0.14816434681415558,-0.0023546531858444075,0.4953507275929176
1789260230.5845163,1.2383240461349487,-0.6501975059509277,-2.2815561294555664,-1.9065159559249878,-0.6288809180259705,2.252906322479248,-1.594372034072876,0.27121588587760925,-0.5581310987472534,0.14839999377727509,-0.0021190062227249007,0.46688130207344036
1789260230.6181018,1.2230852842330933,-0.6520786285400391,-2.2683537006378174,-1.9135823249816895,-0.6386258006095886,2.252095937728882,-1.5869078636169434,0.2692778408527374,-0.5569935441017151,0.1484912633895874,-0.002027736610412584,0.44936955579338983
1789260230.6516871,1.2086979150772095,-0.6539434194564819,-2.2550837993621826,-1.9208989143371582,-0.6481395363807678,2.251218557357788,-1.5796154737472534,0.267875999212265,-0.5554893612861633,0.1485842913389206,-0.0019347086610793929,0.44146210311561845
1789260230.6852615,1.194229006767273,-0.6557263731956482,-2.24265718460083,-1.927509069442749,-0.6573125123977661,2.2505195140838623,-1.57253897190094,0.26602843403816223,-0.5545061230659485,0.14881733059883118,-0.0017016694011688094,0.40153848775030787
1789260230.7187986,1.1794344186782837,-0.6573353409767151,-2.229423999786377,-1.9344866275787354,-0.6668327450752258,2.2497076988220215,-1.5652176141738892,0.26440370082855225,-0.5533596873283386,0.14926844835281372,-0.0012505516471862654,0.34264070643037603
1789260230.7524111,1.1650530099868774,-0.6591182947158813,-2.216700792312622,-1.9412944316864014,-0.6761540770530701,2.248994827270508,-1.5581023693084717,0.26278576254844666,-0.5522512793540955,0.14963911473751068,-0.000879885262489305,0.28530527306726555
1789260230.7859643,1.151777982711792,-0.6607453227043152,-2.2047297954559326,-1.9477691650390625,-0.684658408164978,2.248217821121216,-1.55161452293396,0.26141634583473206,-0.5510952472686768,0.1500319093465805,-0.00048709065341948077,0.23738826096775903
1789260230.8195398,1.1388849020004272,-0.6623325347900391,-2.1932213306427,-1.9538716077804565,-0.6929744482040405,2.2475874423980713,-1.545400857925415,0.26004672050476074,-0.5501124262809753,0.15050458908081055,-1.4410919189439264e-05,0.17358940356200137
1789260230.8531468,1.1252812147140503,-0.6638302803039551,-2.181253671646118,-1.9602571725845337,-0.7016206383705139,2.246859550476074,-1.5388128757476807,0.25850221514701843,-0.5491520166397095,0.15108756721019745,0.0005685672101974626,0.10653118153060223
1789260230.8867447,1.116791009902954,-0.6646509766578674,-2.1738202571868896,-1.9648619890213013,-0.7069097757339478,2.2466864585876465,-1.5352152585983276,0.2575829029083252,-0.5483205914497375,0.15132084488868713,0.0008018448886871476,0.08622923312351063
1789260230.9203205,1.1113667488098145,-0.6646029353141785,-2.168849229812622,-1.9689079523086548,-0.7096219658851624,2.246896505355835,-1.5345144271850586,0.2571949362754822,-0.5473167896270752,0.15140801668167114,0.0008890166816711564,0.10087055545943382
1789260230.9539406,1.1057897806167603,-0.6644505858421326,-2.163534641265869,-1.9733896255493164,-0.7124825716018677,2.2473092079162598,-1.5338202714920044,0.25693291425704956,-0.5461508631706238,0.15150892734527588,0.0009899273452758928,0.11364091540157657
1789260230.9875345,1.0999037027359009,-0.6637504696846008,-2.1585135459899902,-1.9781067371368408,-0.7151452302932739,2.2479465007781982,-1.5336039066314697,0.25635990500450134,-0.5450983047485352,0.1516718566417694,0.001152856641769423,0.11190583714844751
1789260231.0211596,1.0904319286346436,-0.6602608561515808,-2.1505188941955566,-1.9889763593673706,-0.717886745929718,2.2507236003875732,-1.5380821228027344,0.25567102432250977,-0.5423399209976196,0.15180440247058868,0.001285402470588698,0.1083523598284494
1789260231.054755,1.0797297954559326,-0.6571524143218994,-2.140606641769409,-2.0016443729400635,-0.7207799553871155,2.253650188446045,-1.5428051948547363,0.25540828704833984,-0.5387071967124939,0.1517455130815506,0.001226513081550612,0.15701751249847418
1789260231.088345,1.0690990686416626,-0.6536612510681152,-2.1308741569519043,-2.013401985168457,-0.7236642241477966,2.256720542907715,-1.547519326210022,0.25505441427230835,-0.5355730652809143,0.15208154916763306,0.0015625491676330705,0.18974563519333634
1789260231.1220229,1.057413101196289,-0.6499574184417725,-2.1201748847961426,-2.0270371437072754,-0.7269099950790405,2.259957790374756,-1.5527443885803223,0.25465553998947144,-0.5317326188087463,0.15213322639465332,0.0016142263946533342,0.21489135308816265
1789260231.1556797,1.044319987297058,-0.645796537399292,-2.1086068153381348,-2.0419342517852783,-0.730485737323761,2.263521432876587,-1.558627724647522,0.2539650499820709,-0.5276313424110413,0.15217368304729462,0.0016546830472946306,0.22899730459219447
1789260231.1893382,1.032201886177063,-0.6416739225387573,-2.0973095893859863,-2.0561227798461914,-0.7339432835578918,2.2669975757598877,-1.5642898082733154,0.2536205053329468,-0.5236040949821472,0.1523285210132599,0.0018095210132599016,0.23738826096775903
1789260231.2230525,1.0187796354293823,-0.6374385356903076,-2.085527181625366,-2.071131706237793,-0.7375324368476868,2.270794153213501,-1.570258378982544,0.25287583470344543,-0.5194799304008484,0.15238513052463531,0.0018661305246353288,0.24708155049174452
1789260231.2566872,1.0061836242675781,-0.6332250833511353,-2.0739662647247314,-2.085834264755249,-0.741081953048706,2.274446487426758,-1.5761363506317139,0.2524090111255646,-0.5152701139450073,0.1524304449558258,0.0019114449558258195,0.24549258269372118
1789260231.2902784,0.9935296177864075,-0.6292263269424438,-2.062940835952759,-2.1000592708587646,-0.7445001006126404,2.2779781818389893,-1.5817662477493286,0.25162941217422485,-0.5112951397895813,0.1523752510547638,0.0018562510547638078,0.23903110827999308
1789260231.3238745,0.9809368848800659,-0.624982476234436,-2.0511417388916016,-2.114786386489868,-0.7481117248535156,2.281707525253296,-1.5876342058181763,0.2512560784816742,-0.506996214389801,0.1524333357810974,0.001914335781097426,0.2272819425665676
1789260231.357592,0.9676222801208496,-0.6207525730133057,-2.039401054382324,-2.130028009414673,-0.7517753839492798,2.2853238582611084,-1.5936012268066406,0.2504509389400482,-0.5025935769081116,0.15225574374198914,0.0017367437419891496,0.20747905542313175
1789260231.3912413,0.9556638598442078,-0.6168111562728882,-2.02838134765625,-2.1437785625457764,-0.7550688982009888,2.288825750350952,-1.5991370677947998,0.24997469782829285,-0.49856480956077576,0.15224088728427887,0.0017218872842788835,0.18974563519333634
1789260231.4248679,0.9429354667663574,-0.6126867532730103,-2.0170321464538574,-2.1584017276763916,-0.7585036754608154,2.2922322750091553,-1.6048448085784912,0.24921666085720062,-0.49425360560417175,0.1520388275384903,0.0015198275384903093,0.1631294174610896
1789260231.458507,0.9306198954582214,-0.6087366342544556,-2.0058035850524902,-2.1725223064422607,-0.761914074420929,2.2958457469940186,-1.6105595827102661,0.2486386001110077,-0.49007105827331543,0.1519053876399994,0.0013863876399994035,0.145369962588823
1789260231.4921029,0.9205113053321838,-0.6052897572517395,-1.996355414390564,-2.1848292350769043,-0.7646058797836304,2.2985126972198486,-1.614941120147705,0.24818891286849976,-0.4862169921398163,0.15162406861782074,0.0011050686178207536,0.14670980696444608
1789260231.52565,0.9146332740783691,-0.6031526923179626,-1.9910422563552856,-2.191155195236206,-0.7660259008407593,2.3006491661071777,-1.6174030303955078,0.24793103337287903,-0.4844770133495331,0.15174885094165802,0.0012298509416580339,0.11534989781745353
1789260231.5592177,0.9087422490119934,-0.6011183261871338,-1.9859044551849365,-2.1979806423187256,-0.7674767374992371,2.3024234771728516,-1.6197863817214966,0.24752190709114075,-0.4824577271938324,0.15159718692302704,0.0010781869230270524,0.11190583714844751
1789260231.5927966,0.903651773929596,-0.5985948443412781,-1.980551838874817,-2.2049784660339355,-0.7688151597976685,2.3043642044067383,-1.621456265449524,0.24757398664951324,-0.48019781708717346,0.15156438946723938,0.0010453894672393937,0.09691329395132914
1789260231.6263936,0.9017794728279114,-0.5944993495941162,-1.9755297899246216,-2.211721658706665,-0.7667803168296814,2.3083713054656982,-1.6159675121307373,0.24936337769031525,-0.47748804092407227,0.15203623473644257,0.0015172347364425798,0.08846932694105811
1789260231.6600845,0.8999166488647461,-0.5882844924926758,-1.9686541557312012,-2.220818519592285,-0.7637128829956055,2.3131399154663086,-1.6087812185287476,0.25192052125930786,-0.4736268222332001,0.15275080502033234,0.0022318050203323503,0.1370561110185936
1789260231.6936939,0.8979445099830627,-0.5821970105171204,-1.9620693922042847,-2.2297701835632324,-0.7605945467948914,2.317953586578369,-1.6014481782913208,0.25425902009010315,-0.4698628783226013,0.15335525572299957,0.0028362557229995866,0.201741189079591
1789260231.727283,0.8955151438713074,-0.5750060081481934,-1.9539597034454346,-2.2413218021392822,-0.757014811038971,2.323392391204834,-1.5929778814315796,0.25698232650756836,-0.46485573053359985,0.15375013649463654,0.0032311364946365495,0.24147442349920606
1789260231.7609012,0.8919453620910645,-0.5651141405105591,-1.943168044090271,-2.256169319152832,-0.7522917985916138,2.3308629989624023,-1.5817749500274658,0.2603316605091095,-0.45855817198753357,0.1544094681739807,0.0038904681739807268,0.29739412811819066
1789260231.7945275,0.8887589573860168,-0.5555955767631531,-1.932276725769043,-2.270850896835327,-0.7474856972694397,2.338390350341797,-1.5705229043960571,0.26381173729896545,-0.4521148204803467,0.15494287014007568,0.0044238701400756975,0.3631561135403902
1789260231.8281455,0.8853594660758972,-0.5460972189903259,-1.9215106964111328,-2.2852840423583984,-0.7425861954689026,2.3458502292633057,-1.559377908706665,0.2669902443885803,-0.44579795002937317,0.15537984669208527,0.00486084669208528,0.41590081405098006
1789260231.861717,0.8817082643508911,-0.5365817546844482,-1.911056637763977,-2.300163984298706,-0.7378184795379639,2.353394031524658,-1.5480893850326538,0.2697472870349884,-0.43935298919677734,0.1554693877696991,0.0049503877696991105,0.4320538712014663
1789260231.8952816,0.8783699870109558,-0.5273635983467102,-1.9005680084228516,-2.3143386840820312,-0.7331891059875488,2.3607230186462402,-1.5373010635375977,0.2725376784801483,-0.43306979537010193,0.15559950470924377,0.005080504709243788,0.45240735298844287
1789260231.928852,0.8750478625297546,-0.5177760720252991,-1.8897684812545776,-2.3289835453033447,-0.7282178997993469,2.368276357650757,-1.5259153842926025,0.275298535823822,-0.42649969458580017,0.15560072660446167,0.005081726604461684,0.456283375837779
1789260231.962484,0.8712936043739319,-0.5079192519187927,-1.8788813352584839,-2.344379186630249,-0.7232789993286133,2.3758769035339355,-1.514400601387024,0.27766433358192444,-0.41966718435287476,0.15528559684753418,0.0047665968475341935,0.4168407082359462
1789260231.99613,0.8679866194725037,-0.49870818853378296,-1.8684791326522827,-2.3581862449645996,-0.7185741662979126,2.383221387863159,-1.5035687685012817,0.2800019681453705,-0.41345369815826416,0.15512913465499878,0.004610134654998793,0.40541819288584663
1789260232.0297694,0.8645948767662048,-0.48927581310272217,-1.8577983379364014,-2.373119592666626,-0.7138271927833557,2.390697717666626,-1.4923218488693237,0.2821584939956665,-0.40666642785072327,0.15458525717258453,0.0040662571725845476,0.34661514293343204
1789260232.063385,0.8612620234489441,-0.4795054793357849,-1.8468340635299683,-2.3875627517700195,-0.7093479037284851,2.398437261581421,-1.481144905090332,0.28434082865715027,-0.40010854601860046,0.15419995784759521,0.0036809578475952287,0.30196467842978897
1789260232.0971355,0.8571780920028687,-0.46917712688446045,-1.836954951286316,-2.3993592262268066,-0.705304741859436,2.405473470687866,-1.4704583883285522,0.2857155501842499,-0.3952912986278534,0.15431064367294312,0.003791643672943129,0.30454562610362684
1789260232.1307151,0.8536070585250854,-0.4623839855194092,-1.8310741186141968,-2.4078094959259033,-0.7023714184761047,2.410092353820801,-1.4633350372314453,0.28588059544563293,-0.3921341598033905,0.15395650267601013,0.0034375026760101457,0.2859902821318441
1789260232.1643202,0.8505646586418152,-0.4561585783958435,-1.8253324031829834,-2.4156787395477295,-0.6997959613800049,2.4148125648498535,-1.4563250541687012,0.2862980365753174,-0.38909024000167847,0.15366286039352417,0.0031438603935241838,0.3127866623704862
1789260232.1979196,0.8478278517723083,-0.4491674602031708,-1.8191430568695068,-2.4235832691192627,-0.6970948576927185,2.4197874069213867,-1.448909044265747,0.28692927956581116,-0.38596221804618835,0.15350313484668732,0.0029841348466873308,0.39117122890124073
1789260232.231572,0.8433552980422974,-0.4459869861602783,-1.814429759979248,-2.4279708862304688,-0.69505774974823,2.4227819442749023,-1.4445903301239014,0.2867848873138428,-0.3846972584724426,0.15360265970230103,0.0030836597023010393,0.41871416737997386
1789260232.2651458,0.8374444246292114,-0.4445779025554657,-1.809862732887268,-2.4319040775299072,-0.6931383013725281,2.425477981567383,-1.441468596458435,0.2862340211868286,-0.383838027715683,0.15361171960830688,0.0030927196083068986,0.40105088571469427
1789260232.2987275,0.8374444246292114,-0.4445779025554657,-1.809862732887268,-2.4319040775299072,-0.6931383013725281,2.425477981567383,-1.441468596458435,0.2862340211868286,-0.383838027715683,0.15361171960830688,0.0030927196083068986,0.40105088571469427
1789260232.524661,0.8374444246292114,-0.4445779025554657,-1.809862732887268,-2.4319040775299072,-0.6931383013725281,2.425477981567383,-1.441468596458435,0.2862340211868286,-0.383838027715683,0.15361171960830688,0.0030927196083068986,0.40105088571469427
1789260233.268519,0.8339266180992126,-0.4398663341999054,-1.8078588247299194,-2.4302117824554443,-0.6925497651100159,2.4260008335113525,-1.4399515390396118,0.2854711413383484,-0.3858824372291565,0.15505900979042053,0.004540009790420546,0.6841413686038746
1789260233.3295178,0.8339340686798096,-0.4398636221885681,-1.8078466653823853,-2.4302055835723877,-0.6925445199012756,2.4259979724884033,-1.4399468898773193,0.2854790687561035,-0.3858805298805237,0.15506349503993988,0.004544495039939894,0.6844273245212009
1789260233.36952,0.8339323401451111,-0.43986743688583374,-1.8078526258468628,-2.430213212966919,-0.6925453543663025,2.4260003566741943,-1.4399586915969849,0.28547585010528564,-0.38587838411331177,0.15505966544151306,0.004540665441513075,0.6841413686038746
1789260233.4083772,0.8339312076568604,-0.4398646056652069,-1.8078488111495972,-2.430206775665283,-0.6925441026687622,2.4259960651397705,-1.4399518966674805,0.2854766845703125,-0.3858809471130371,0.15506243705749512,0.004543437057495131,0.6847131610207966
1789260233.4476209,0.8339357972145081,-0.43986427783966064,-1.807846188545227,-2.4302077293395996,-0.6925487518310547,2.4260008335113525,-1.4399477243423462,0.2854801416397095,-0.38587936758995056,0.15506307780742645,0.0045440778074264665,0.6844273245212009
1789260233.4924994,0.8339323401451111,-0.4398643672466278,-1.8078523874282837,-2.430210828781128,-0.692546546459198,2.4259986877441406,-1.4399526119232178,0.28547555208206177,-0.3858798146247864,0.15506063401699066,0.0045416340169906755,0.6844273245212009
1789260233.5375237,0.8339368104934692,-0.43986600637435913,-1.8078455924987793,-2.430209159851074,-0.6925434470176697,2.4259984493255615,-1.4399549961090088,0.2854804992675781,-0.3858775198459625,0.15506239235401154,0.0045433923540115495,0.6844273245212009
1789260233.582484,0.8339298963546753,-0.43986770510673523,-1.8078562021255493,-2.4302115440368652,-0.6925437450408936,2.426001787185669,-1.439949870109558,0.2854740619659424,-0.38588064908981323,0.1550596058368683,0.0045406058368683,0.6841413686038746
1789260233.6214805,0.833935558795929,-0.43986600637435913,-1.8078488111495972,-2.430208921432495,-0.6925472021102905,2.42600154876709,-1.4399479627609253,0.28547921776771545,-0.38587915897369385,0.15506209433078766,0.0045430943307876726,0.6847131610207966
1789260233.66656,0.8339357972145081,-0.43986600637435913,-1.8078505992889404,-2.4302122592926025,-0.6925429701805115,2.4260034561157227,-1.4399484395980835,0.2854786217212677,-0.38587772846221924,0.1550607979297638,0.004541797929763808,0.6844273245212009
1789260233.7002206,0.8339276909828186,-0.4398638606071472,-1.8078534603118896,-2.430213212966919,-0.6925438642501831,2.425999641418457,-1.4399547576904297,0.2854732275009155,-0.3858802318572998,0.1550597846508026,0.004540784650802626,0.6844273245212009
1789260233.7338457,0.8339264392852783,-0.4397616684436798,-1.807861566543579,-2.4301669597625732,-0.6926177740097046,2.425999641418457,-1.439948320388794,0.2854611575603485,-0.3859228789806366,0.1550830602645874,0.004564060264587416,0.6923861455561083
1789260233.7675142,0.8339378237724304,-0.4397220313549042,-1.8078546524047852,-2.4301631450653076,-0.6926301121711731,2.425994873046875,-1.439948320388794,0.2854628264904022,-0.38592565059661865,0.15508897602558136,0.004569976025581374,0.6940797345579616
1789260233.8011527,0.8339247703552246,-0.4397226572036743,-1.8078669309616089,-2.4301557540893555,-0.6926277875900269,2.425994873046875,-1.4399490356445312,0.2854539155960083,-0.3859352469444275,0.15508891642093658,0.004569916420936598,0.694643346695452
1789260233.8347478,0.8339340090751648,-0.43971386551856995,-1.8078629970550537,-2.4301536083221436,-0.6926363110542297,2.4259884357452393,-1.4399538040161133,0.2854568660259247,-0.38593393564224243,0.15509067475795746,0.004571674757957472,0.695206501928433
1789260233.8683193,0.8339210152626038,-0.43971502780914307,-1.8078632354736328,-2.430147409439087,-0.6926332712173462,2.425990104675293,-1.4399492740631104,0.2854531407356262,-0.3859405219554901,0.15509271621704102,0.0045737162170410295,0.6954879085526126
1789260233.9019907,0.8339280486106873,-0.4397132992744446,-1.807865858078003,-2.430138349533081,-0.6926344633102417,2.4259889125823975,-1.4399548768997192,0.28545552492141724,-0.3859436810016632,0.15509521961212158,0.004576219612121596,0.6957692013663594
1789260233.935542,0.8339274525642395,-0.4397115707397461,-1.807861566543579,-2.4301443099975586,-0.692635178565979,2.4259860515594482,-1.439943790435791,0.28545546531677246,-0.3859401047229767,0.1550939977169037,0.0045749977169037,0.695206501928433
1789260233.9691298,0.8339264392852783,-0.439708411693573,-1.8078678846359253,-2.430136203765869,-0.6926349401473999,2.425987482070923,-1.4399493932724,0.28545352816581726,-0.385946124792099,0.15509586036205292,0.004576860362052931,0.6960503805076554
1789260234.0026789,0.8339242339134216,-0.4397081732749939,-1.807866096496582,-2.430140972137451,-0.6926349997520447,2.4259872436523438,-1.4399490356445312,0.28545263409614563,-0.385944128036499,0.15509462356567383,0.004575623565673842,0.6954879085526126
1789260234.0362923,0.8337793350219727,-0.4398415684700012,-1.8081971406936646,-2.4313418865203857,-0.6920973658561707,2.4265077114105225,-1.4359040260314941,0.2852328419685364,-0.38546624779701233,0.15466603636741638,0.004147036367416396,0.6268255703287543
1789260234.0698674,0.833534836769104,-0.4398706555366516,-1.8084675073623657,-2.432403326034546,-0.6909382939338684,2.427595615386963,-1.4259564876556396,0.2851322293281555,-0.3850960433483124,0.1543561816215515,0.0038371816215515275,0.5685510785953793
1789260234.103407,0.8332526087760925,-0.43994849920272827,-1.8087775707244873,-2.433704376220703,-0.6899341344833374,2.4286422729492188,-1.4159916639328003,0.2849619388580322,-0.38462841510772705,0.15395206212997437,0.003433062129974379,0.5035778079766925
1789260234.137075,0.8328586220741272,-0.4400883615016937,-1.8091703653335571,-2.43485426902771,-0.6888014078140259,2.4296889305114746,-1.405153512954712,0.2847469449043274,-0.3842664062976837,0.15357603132724762,0.0030570313272476335,0.44367275441325227
1789260234.1706893,0.8325934410095215,-0.43891194462776184,-1.8087775707244873,-2.4355592727661133,-0.6872521042823792,2.4306654930114746,-1.387804627418518,0.28479912877082825,-0.38406386971473694,0.15361866354942322,0.0030996635494232316,0.4484978345989087
1789260234.2042394,0.8324310779571533,-0.43755948543548584,-1.8082680702209473,-2.436713218688965,-0.6858401298522949,2.431741952896118,-1.3707027435302734,0.2848699688911438,-0.38363146781921387,0.15356166660785675,0.0030426666078567643,0.4441135642335683
1789260234.237873,0.832204282283783,-0.4365698993206024,-1.8079919815063477,-2.4373574256896973,-0.6846398711204529,2.4325742721557617,-1.357962727546692,0.28488144278526306,-0.3834567666053772,0.1535698026418686,0.003050802641868605,0.44762441581863394
1789260235.4795456,0.8321012258529663,-0.43600934743881226,-1.8077702522277832,-2.436404228210449,-0.6843258738517761,2.432828903198242,-1.3547813892364502,0.28505125641822815,-0.3839801549911499,0.1540011316537857,0.0034821316537857194,0.5177551717768739
1789260235.5145483,0.8321051001548767,-0.43600934743881226,-1.8077720403671265,-2.4364068508148193,-0.6843284964561462,2.432828664779663,-1.3547765016555786,0.28505149483680725,-0.38397830724716187,0.15399989485740662,0.00348089485740663,0.5177551717768739
1789260235.556515,0.8321071863174438,-0.43600761890411377,-1.807765245437622,-2.4364068508148193,-0.6843295097351074,2.432828903198242,-1.3547812700271606,0.28505486249923706,-0.38397660851478577,0.15400144457817078,0.0034824445781707902,0.5181329600058628
1789260235.5964615,0.8321095705032349,-0.43600761890411377,-1.8077664375305176,-2.436405897140503,-0.6843296885490417,2.4328343868255615,-1.354778528213501,0.2850565016269684,-0.38397714495658875,0.15400198101997375,0.0034829810199737687,0.5181329600058628
1789260235.6364367,0.8321110606193542,-0.43601277470588684,-1.8077701330184937,-2.4364051818847656,-0.6843264698982239,2.432832717895508,-1.3547765016555786,0.28505605459213257,-0.3839768171310425,0.1540009081363678,0.0034819081363678117,0.5181329600058628
1789260235.6754816,0.8321064114570618,-0.43601277470588684,-1.8077685832977295,-2.4364006519317627,-0.6843240857124329,2.432833671569824,-1.3547773361206055,0.2850557863712311,-0.3839799463748932,0.15400275588035583,0.003483755880355849,0.5185104729848274
1789260235.7205186,0.8321093320846558,-0.43600761890411377,-1.807762622833252,-2.436403274536133,-0.6843259930610657,2.4328317642211914,-1.354784369468689,0.2850578725337982,-0.3839772045612335,0.15400338172912598,0.0034843817291259904,0.5185104729848274
1789260235.7596104,0.8321059942245483,-0.43601104617118835,-1.807767391204834,-2.4364013671875,-0.6843246221542358,2.432832717895508,-1.3547766208648682,0.28505560755729675,-0.3839796483516693,0.1540028303861618,0.003483830386161818,0.5181329600058628
1789260235.7994833,0.8321062326431274,-0.4360126852989197,-1.8077682256698608,-2.436401128768921,-0.6843270063400269,2.432832717895508,-1.3547781705856323,0.2850555181503296,-0.38397979736328125,0.1540026068687439,0.0034836068687439103,0.5185104729848274
1789260235.8445277,0.8321071863174438,-0.4360092580318451,-1.8077702522277832,-2.436399459838867,-0.6843284368515015,2.432833671569824,-1.3547812700271606,0.2850549817085266,-0.3839813768863678,0.15400314331054688,0.003484143310546889,0.5185104729848274
1789260235.8781319,0.8321071863174438,-0.43600761890411377,-1.8077586889266968,-2.436401128768921,-0.6843315362930298,2.4328320026397705,-1.3547735214233398,0.285058856010437,-0.3839784264564514,0.15400490164756775,0.003485901647567763,0.5185104729848274
1789260235.9117494,0.8320026397705078,-0.4356580674648285,-1.8076462745666504,-2.4354066848754883,-0.6845031976699829,2.4331958293914795,-1.3547821044921875,0.2852206528186798,-0.3845571279525757,0.15441952645778656,0.003900526457786574,0.600682710406109
1789260235.945344,0.8320455551147461,-0.43562960624694824,-1.807625651359558,-2.4354066848754883,-0.6845284700393677,2.4331767559051514,-1.3547868728637695,0.28523772954940796,-0.3845441937446594,0.1544245481491089,0.0039055481491089006,0.6016591752485618
1789260235.9790692,0.8320176005363464,-0.4356136918067932,-1.8076388835906982,-2.4353203773498535,-0.6845158338546753,2.4331791400909424,-1.35478675365448,0.285232275724411,-0.3845982849597931,0.15445201098918915,0.003933010989189162,0.6055492896374196
1789260236.012678,0.8320468664169312,-0.43559250235557556,-1.8075979948043823,-2.435356616973877,-0.6845172643661499,2.433178186416626,-1.3547812700271606,0.2852523624897003,-0.38456669449806213,0.15445007383823395,0.003931073838233962,0.6052260684124438
1789260236.0462792,0.8320151567459106,-0.43561851978302,-1.8076177835464478,-2.435347080230713,-0.684518575668335,2.4331793785095215,-1.3547788858413696,0.28523674607276917,-0.38458123803138733,0.15444697439670563,0.003927974396705641,0.6045791075785798
1789260236.0799196,0.8320320248603821,-0.435604453086853,-1.807611346244812,-2.435337543487549,-0.6845171451568604,2.433178424835205,-1.3547837734222412,0.28524526953697205,-0.3845813274383545,0.1544526070356369,0.003933607035636916,0.6058723384365376
1789260236.1134849,0.8320261836051941,-0.43560799956321716,-1.807606816291809,-2.4353461265563965,-0.6845189332962036,2.4331791400909424,-1.3547817468643188,0.2852442264556885,-0.38457760214805603,0.1544504016637802,0.003931401663780226,0.6052260684124438
1789260236.147153,0.8320387005805969,-0.4356062412261963,-1.8076016902923584,-2.4353528022766113,-0.6845213174819946,2.433178424835205,-1.3547818660736084,0.28524982929229736,-0.38457009196281433,0.15444932878017426,0.003930328780174269,0.6049026744852102
1789260236.180761,0.8320176601409912,-0.4356064796447754,-1.8076106309890747,-2.4353435039520264,-0.6845207810401917,2.433178424835205,-1.3547829389572144,0.28523939847946167,-0.3845823407173157,0.15445056557655334,0.003931565576553359,0.6052260684124438
1789260236.214321,0.8296552896499634,-0.4362599849700928,-1.8059070110321045,-2.437023639678955,-0.685511589050293,2.4332127571105957,-1.35480535030365,0.284847229719162,-0.3840669095516205,0.15417872369289398,0.003659723692893996,0.5671727596538639
1789260236.2479663,0.8246627449989319,-0.43705278635025024,-1.8023854494094849,-2.440028667449951,-0.6873162984848022,2.433133363723755,-1.354945421218872,0.283971905708313,-0.38330307602882385,0.15381206572055817,0.0032930657205581804,0.5128185996565369
1789260236.2815714,0.8199974298477173,-0.4384785294532776,-1.7997245788574219,-2.445356845855713,-0.6884756088256836,2.4313154220581055,-1.3551204204559326,0.28233233094215393,-0.38120853900909424,0.15231113135814667,0.0017921313581466813,0.21397885808123562
1789260236.3152227,0.814090371131897,-0.4408010244369507,-1.794268250465393,-2.4522359371185303,-0.690737247467041,2.4299793243408203,-1.3552759885787964,0.28130170702934265,-0.3781295120716095,0.1508478820323944,0.00032888203239442304,0.07661668268387072
1789260236.3488364,0.8013588190078735,-0.4426685571670532,-1.7820937633514404,-2.4593420028686523,-0.6956730484962463,2.4299826622009277,-1.3557014465332031,0.28045329451560974,-0.3758643567562103,0.15082339942455292,0.00030439942455293134,0.08392937202498843
1789260236.3824518,0.788044810295105,-0.44465065002441406,-1.7700787782669067,-2.4657649993896484,-0.700477123260498,2.4298293590545654,-1.3561161756515503,0.27940571308135986,-0.37410202622413635,0.15098892152309418,0.0004699215230941911,0.07401874722002606
1789260236.416128,0.7747039198875427,-0.44719836115837097,-1.7580888271331787,-2.473454236984253,-0.7055078744888306,2.4292025566101074,-1.356572151184082,0.2781451642513275,-0.3716418743133545,0.15069185197353363,0.00017285197353364423,0.1480375253231069
1789260236.4497337,0.7605209350585938,-0.44944050908088684,-1.7454341650009155,-2.480839490890503,-0.7107544541358948,2.4289021492004395,-1.357040286064148,0.27689266204833984,-0.36952897906303406,0.15070217847824097,0.00018317847824098066,0.1631294174610896
1789260236.483348,0.7460293769836426,-0.4520428776741028,-1.7320719957351685,-2.488914966583252,-0.7162449955940247,2.4284744262695312,-1.3575522899627686,0.275725781917572,-0.3669987916946411,0.15063421428203583,0.0001152142820358415,0.1958352792096712
1789260236.517022,0.7313398122787476,-0.45458126068115234,-1.7190086841583252,-2.4972567558288574,-0.7217109799385071,2.4278512001037598,-1.3580527305603027,0.2742929458618164,-0.364452064037323,0.15044140815734863,-7.759184265135333e-05,0.24308965745644515
1789260236.5506542,0.716826319694519,-0.45710834860801697,-1.705431580543518,-2.5050692558288574,-0.7272384762763977,2.4276342391967773,-1.3585641384124756,0.2732676565647125,-0.3620773255825043,0.15058490633964539,6.59063396453996e-05,0.23656255899196596
1789260236.5842779,0.7024312019348145,-0.4595944285392761,-1.6927725076675415,-2.5128533840179443,-0.7326325178146362,2.427093505859375,-1.3590818643569946,0.2718791961669922,-0.3598371744155884,0.15055540204048157,3.6402040481581244e-05,0.24944602483378192
1789260236.6179686,0.6876063346862793,-0.4621502459049225,-1.6791192293167114,-2.5213623046875,-0.738240659236908,2.426616907119751,-1.3595983982086182,0.27062907814979553,-0.35719916224479675,0.15052999556064606,1.099556064607099e-05,0.26318715972998474
1789260236.651543,0.6728320121765137,-0.46475765109062195,-1.6659983396530151,-2.5292539596557617,-0.7436804175376892,2.4262046813964844,-1.3601200580596924,0.2693066895008087,-0.35495319962501526,0.15062303841114044,0.00010403841114045576,0.2579303869547666
1789260236.685288,0.6587693691253662,-0.46708202362060547,-1.6530494689941406,-2.536898612976074,-0.7490745186805725,2.425828456878662,-1.3606371879577637,0.2681741416454315,-0.3527158200740814,0.15078860521316528,0.00026960521316529706,0.22985018505318222
1789260236.7189322,0.6444873809814453,-0.46964403986930847,-1.6402918100357056,-2.5448215007781982,-0.7543533444404602,2.4253416061401367,-1.361146092414856,0.26687243580818176,-0.3504035472869873,0.15084180235862732,0.0003228023586273332,0.22468434599379783
1789260236.7525077,0.6301776766777039,-0.47202444076538086,-1.627187728881836,-2.5528080463409424,-0.7597141861915588,2.4248547554016113,-1.3616615533828735,0.26564812660217285,-0.3480474352836609,0.1509658396244049,0.0004468396244049211,0.199791951149457
1789260236.7860901,0.616418719291687,-0.4744046628475189,-1.6148929595947266,-2.559971570968628,-0.7647732496261597,2.4245502948760986,-1.3621546030044556,0.26447594165802,-0.34610211849212646,0.15121659636497498,0.0006975963649749894,0.15825877775862904
1789260236.8196626,0.6043123006820679,-0.47642749547958374,-1.6038942337036133,-2.566969633102417,-0.7693698406219482,2.4241690635681152,-1.3625468015670776,0.26337891817092896,-0.34403225779533386,0.1512635350227356,0.0007445350227356096,0.1341703946898555
1789260236.853213,0.5976372361183167,-0.47750481963157654,-1.5975406169891357,-2.570340633392334,-0.7716326713562012,2.4239346981048584,-1.3625465631484985,0.2629358768463135,-0.3430759310722351,0.15149812400341034,0.0009791240034103532,0.10279207254188717
1789260236.8867476,0.5912507772445679,-0.4785795509815216,-1.5917872190475464,-2.5740232467651367,-0.7739258408546448,2.423916816711426,-1.3625320196151733,0.26237979531288147,-0.342008501291275,0.15154072642326355,0.0010217264232635637,0.08846932694105811
1789260236.9202938,0.5851999521255493,-0.4796411991119385,-1.5862153768539429,-2.57736873626709,-0.7761228680610657,2.423924684524536,-1.3624476194381714,0.2619243264198303,-0.3410511910915375,0.1516553908586502,0.0011363908586502214,0.06852804325551864
1789260236.953886,0.5827447175979614,-0.4789292514324188,-1.5827831029891968,-2.5798518657684326,-0.7759280800819397,2.4244158267974854,-1.3565338850021362,0.26194873452186584,-0.3399866819381714,0.15159857273101807,0.0010795727310180803,0.06852804325551864
1789260236.9875226,0.5814274549484253,-0.4763435125350952,-1.5786669254302979,-2.5825016498565674,-0.7733879089355469,2.4263670444488525,-1.3438498973846436,0.2626320421695709,-0.33856675028800964,0.15168772637844086,0.0011687263784408708,0.059347025446578223
1789260237.0211573,0.5801631212234497,-0.4742451608181,-1.574416160583496,-2.5851006507873535,-0.7710011601448059,2.4283196926116943,-1.3316997289657593,0.2634468078613281,-0.33709532022476196,0.15182437002658844,0.0013053700265884538,0.059347025446578223
1789260237.0547895,0.578816294670105,-0.47170308232307434,-1.570311188697815,-2.587608814239502,-0.7684707641601562,2.430169105529785,-1.3187789916992188,0.26410219073295593,-0.3357391059398651,0.15192489326000214,0.00140589326000215,0.048456642643301504
1789260237.0883455,0.5762645602226257,-0.46857163310050964,-1.5641975402832031,-2.591341257095337,-0.7650444507598877,2.4328525066375732,-1.3013783693313599,0.26495596766471863,-0.333813339471817,0.15207473933696747,0.0015557393369674821,0.059347025446578223
1789260237.1220279,0.5740514993667603,-0.465242475271225,-1.557773470878601,-2.5952019691467285,-0.761462390422821,2.4356207847595215,-1.283722162246704,0.2659810483455658,-0.3316923677921295,0.15222184360027313,0.0017028436002731462,0.059347025446578223
1789260237.1556575,0.5715418457984924,-0.4619640111923218,-1.5516539812088013,-2.599231004714966,-0.7579516172409058,2.4383084774017334,-1.2661664485931396,0.2667480707168579,-0.32960745692253113,0.1522318720817566,0.0017128720817566057,0.06561060592844098
1789260237.1893098,0.5691163539886475,-0.45876941084861755,-1.5456455945968628,-2.602794647216797,-0.7545528411865234,2.4409587383270264,-1.2490646839141846,0.2675584852695465,-0.32774239778518677,0.15234294533729553,0.001823945337295546,0.06852804325551864
1789260237.222987,0.5666994452476501,-0.45539721846580505,-1.539202332496643,-2.60671067237854,-0.7508972883224487,2.4437801837921143,-1.2311028242111206,0.2684573233127594,-0.32563453912734985,0.1524108350276947,0.001891835027694716,0.07912937001338383
1789260237.256665,0.5644329786300659,-0.45208147168159485,-1.532838225364685,-2.610630989074707,-0.747381329536438,2.4465041160583496,-1.2134801149368286,0.26934200525283813,-0.3234899044036865,0.152433842420578,0.0019148424205780168,0.07661668268387072
1789260237.2902591,0.5619822144508362,-0.448896586894989,-1.5269381999969482,-2.614499568939209,-0.7439043521881104,2.4490489959716797,-1.1965532302856445,0.2699834406375885,-0.321475625038147,0.15235795080661774,0.0018389508066177507,0.07661668268387072
1789260237.3238614,0.5595500469207764,-0.44560158252716064,-1.5206822156906128,-2.618260383605957,-0.7403597831726074,2.451876640319824,-1.1788604259490967,0.27078723907470703,-0.31946972012519836,0.15237697958946228,0.0018579795894622941,0.07912937001338383
1789260237.3575644,0.5570282340049744,-0.44222694635391235,-1.5143160820007324,-2.6222140789031982,-0.7367472648620605,2.4546589851379395,-1.160872220993042,0.2715259790420532,-0.31737056374549866,0.152324840426445,0.0018058404264450212,0.07401874722002606
1789260237.3911455,0.5549128651618958,-0.43901538848876953,-1.508100152015686,-2.6260194778442383,-0.7333609461784363,2.4573233127593994,-1.1439296007156372,0.27234458923339844,-0.31524744629859924,0.15226978063583374,0.001750780635833754,0.06852804325551864
1789260237.4247673,0.5535353422164917,-0.4369717836380005,-1.5043444633483887,-2.628281354904175,-0.7311052680015564,2.4590086936950684,-1.132675051689148,0.2728075683116913,-0.3140105605125427,0.15223754942417145,0.0017185494241714616,0.06852804325551864
1789260237.45846,0.5529904365539551,-0.43641090393066406,-1.5033584833145142,-2.6287760734558105,-0.7305123805999756,2.459475517272949,-1.1299625635147095,0.2728888690471649,-0.31378796696662903,0.15225893259048462,0.001739932590484633,0.06561060592844098
1789260237.4920838,0.552853524684906,-0.4362599849700928,-1.5030796527862549,-2.6290392875671387,-0.7303609848022461,2.4595696926116943,-1.129260778427124,0.27288883924484253,-0.31365785002708435,0.15222391486167908,0.001704914861679091,0.06852804325551864
1789260237.5256667,0.5528163313865662,-0.4361726641654968,-1.5028939247131348,-2.6292591094970703,-0.7303510904312134,2.459580421447754,-1.1292197704315186,0.2728876769542694,-0.3135353624820709,0.15218305587768555,0.0016640558776855607,0.059347025446578223
1789260237.5592825,0.5527995228767395,-0.43615224957466125,-1.5029027462005615,-2.6292269229888916,-0.7303444147109985,2.459594488143921,-1.1292059421539307,0.27288493514060974,-0.31355977058410645,0.15219132602214813,0.0016723260221481462,0.059347025446578223
1789260237.5928977,0.5527670979499817,-0.43616747856140137,-1.5028825998306274,-2.6292521953582764,-0.7303403615951538,2.459599018096924,-1.1292076110839844,0.2728802263736725,-0.31355124711990356,0.15218843519687653,0.0016694351968765397,0.0625572578997782
1789260239.0895848,0.5528491139411926,-0.4361472427845001,-1.5028793811798096,-2.6292319297790527,-0.7303659319877625,2.459589719772339,-1.129210114479065,0.27290505170822144,-0.3135409951210022,0.1521931141614914,0.001674114161491408,0.0625572578997782
1789260239.1504853,0.5528504848480225,-0.4361448884010315,-1.5028754472732544,-2.6292331218719482,-0.7303657531738281,2.4595916271209717,-1.1292140483856201,0.27290651202201843,-0.31353965401649475,0.15219341218471527,0.0016744121847152849,0.059347025446578223
1789260239.1954706,0.5528454184532166,-0.43615031242370605,-1.5028772354125977,-2.62923002243042,-0.7303676605224609,2.459590435028076,-1.129207730293274,0.27290549874305725,-0.3135423958301544,0.1521943211555481,0.0016753211555481096,0.059347025446578223
1789260239.2355905,0.5528508424758911,-0.4361441433429718,-1.5028775930404663,-2.6292335987091064,-0.7303642630577087,2.459590435028076,-1.129209280014038,0.272905558347702,-0.31353962421417236,0.15219275653362274,0.0016737565336227556,0.0625572578997782
1789260239.274558,0.5528491139411926,-0.4361451268196106,-1.5028772354125977,-2.629228115081787,-0.7303682565689087,2.4595911502838135,-1.1292099952697754,0.2729063630104065,-0.313542902469635,0.15219463407993317,0.0016756340799331804,0.0625572578997782
1789260239.3195064,0.5528528690338135,-0.4361473321914673,-1.5028754472732544,-2.6292290687561035,-0.7303653955459595,2.4595911502838135,-1.129209280014038,0.2729083001613617,-0.3135407269001007,0.1521947979927063,0.0016757979927063127,0.059347025446578223
1789260239.3585048,0.5528473854064941,-0.43614786863327026,-1.5028772354125977,-2.6292293071746826,-0.7303680181503296,2.4595890045166016,-1.1292099952697754,0.272905558347702,-0.31354236602783203,0.15219424664974213,0.0016752466497421403,0.059347025446578223
1789260239.397444,0.5528473854064941,-0.4361480474472046,-1.5028802156448364,-2.629225492477417,-0.7303687930107117,2.4595913887023926,-1.1292096376419067,0.27290573716163635,-0.31354498863220215,0.15219512581825256,0.0016761258182525773,0.059347025446578223
1789260239.4424865,0.5528508424758911,-0.43614649772644043,-1.5028756856918335,-2.629227638244629,-0.7303711771965027,2.4595887660980225,-1.1292129755020142,0.2729070782661438,-0.3135422468185425,0.15219490230083466,0.0016759023008346696,0.059347025446578223
1789260239.4768033,0.5528490543365479,-0.4361441433429718,-1.5028754472732544,-2.629232883453369,-0.730368435382843,2.459590435028076,-1.1292070150375366,0.27290573716163635,-0.3135403096675873,0.1521933525800705,0.0016743525800705095,0.0625572578997782
1789260239.510543,0.5528924465179443,-0.436122864484787,-1.502884864807129,-2.6292293071746826,-0.7303884625434875,2.4595775604248047,-1.1292258501052856,0.2729106545448303,-0.31353431940078735,0.15219023823738098,0.0016712382373809953,0.059347025446578223
1789260239.5441287,0.5529544949531555,-0.43609392642974854,-1.5028760433197021,-2.6292331218719482,-0.7304003238677979,2.4595704078674316,-1.129233956336975,0.2729261815547943,-0.31351688504219055,0.1521879881620407,0.0016689881620407243,0.05595291190411357
1789260239.5777724,0.5529578328132629,-0.4360824227333069,-1.5028778314590454,-2.6292331218719482,-0.7304033637046814,2.4595699310302734,-1.1292355060577393,0.2729247212409973,-0.3135175108909607,0.15218687057495117,0.0016678705749511857,0.05595291190411357
1789260239.6113942,0.5529636144638062,-0.4360772669315338,-1.5028760433197021,-2.6292355060577393,-0.7304044365882874,2.4595649242401123,-1.1292320489883423,0.27292487025260925,-0.3135146498680115,0.1521856188774109,0.0016666188774109025,0.05595291190411357
1789260239.64512,0.5529637336730957,-0.4360767900943756,-1.5028778314590454,-2.629232168197632,-0.7304083704948425,2.4595675468444824,-1.129234790802002,0.2729252874851227,-0.3135170638561249,0.1521865576505661,0.001667557650566115,0.05233915627441309
1789260239.6787279,0.5529664754867554,-0.43607649207115173,-1.5028738975524902,-2.629236936569214,-0.7304098010063171,2.4595682621002197,-1.1292335987091064,0.2729266881942749,-0.3135133981704712,0.15218578279018402,0.0016667827901840349,0.048456642643301504
1789260239.7123318,0.552963137626648,-0.43607380986213684,-1.5028796195983887,-2.629237413406372,-0.7304087281227112,2.459564447402954,-1.1292369365692139,0.272922545671463,-0.3135150671005249,0.1521841436624527,0.0016651436624527116,0.05233915627441309
1789260239.7460537,0.5529658198356628,-0.43606990575790405,-1.5028796195983887,-2.6292338371276855,-0.7304087281227112,2.459566116333008,-1.129239559173584,0.27292370796203613,-0.3135165572166443,0.15218514204025269,0.0016661420402526994,0.05233915627441309
1789260239.7796092,0.55296790599823,-0.43606966733932495,-1.5028778314590454,-2.62923526763916,-0.7304037809371948,2.459563970565796,-1.1292343139648438,0.2729243338108063,-0.3135145604610443,0.15218479931354523,0.001665799313545241,0.05233915627441309
1789260239.813208,0.5513679385185242,-0.4348541498184204,-1.5015850067138672,-2.6297473907470703,-0.7283316850662231,2.4603965282440186,-1.127935767173767,0.2727738916873932,-0.3135130703449249,0.15224072337150574,0.0017217233715057512,0.06852804325551864
1789260239.8468008,0.548528254032135,-0.43168339133262634,-1.4989348649978638,-2.6303789615631104,-0.7238175868988037,2.462254047393799,-1.1255996227264404,0.2726072072982788,-0.3136526346206665,0.15244731307029724,0.001928313070297255,0.07912937001338383
1789260239.8804905,0.5458596348762512,-0.4286794066429138,-1.496184229850769,-2.6311769485473633,-0.7194221019744873,2.4640142917633057,-1.123270869255066,0.27250009775161743,-0.3136306405067444,0.15261556208133698,0.002096562081336989,0.08846932694105811
1789260239.9140918,0.5417827367782593,-0.4238506257534027,-1.492354154586792,-2.632237672805786,-0.7125890254974365,2.466553211212158,-1.1199129819869995,0.272177517414093,-0.3137471675872803,0.1528158336877823,0.0022968336877823015,0.09065408419654447
1789260239.9477334,0.5332826375961304,-0.4146430790424347,-1.4844341278076172,-2.6346616744995117,-0.6993590593338013,2.4720067977905273,-1.11279296875,0.27157896757125854,-0.3138914406299591,0.15318574011325836,0.0026667401132583757,0.11534989781745353
1789260239.9813695,0.5253654718399048,-0.4060716927051544,-1.4768530130386353,-2.636636972427368,-0.6865929961204529,2.4772846698760986,-1.1060575246810913,0.2711765468120575,-0.31411510705947876,0.15361618995666504,0.003097189956665053,0.15701751249847418
1789260240.0151072,0.5195586681365967,-0.3992806375026703,-1.47116219997406,-2.6384031772613525,-0.6768754720687866,2.4810099601745605,-1.1008789539337158,0.27075880765914917,-0.3141171634197235,0.15376578271389008,0.0032467827138900895,0.15825877775862904
1789260241.8814814,0.5181698203086853,-0.39755678176879883,-1.4695425033569336,-2.6387953758239746,-0.6740420460700989,2.4821903705596924,-1.0993878841400146,0.2707993984222412,-0.31408679485321045,0.15386489033699036,0.0033458903369903703,0.17693870661400976
1789260241.9188492,0.5181678533554077,-0.3975488245487213,-1.4695358276367188,-2.6387922763824463,-0.6740418672561646,2.4821903705596924,-1.0993932485580444,0.27080029249191284,-0.31408825516700745,0.15386635065078735,0.0033473506507873674,0.17804114001225932
1789260241.9584465,0.5181726813316345,-0.397550493478775,-1.4695402383804321,-2.6387903690338135,-0.674040675163269,2.482191801071167,-1.0993870496749878,0.27080127596855164,-0.3140886127948761,0.15386652946472168,0.0033475294647216935,0.17804114001225932
1789260242.0034099,0.5181687474250793,-0.3975503146648407,-1.4695377349853516,-2.6387922763824463,-0.674038290977478,2.482191801071167,-1.099388599395752,0.27080053091049194,-0.3140881359577179,0.15386627614498138,0.003347276144981398,0.17693870661400976
1789260242.0425625,0.5181729197502136,-0.3975493311882019,-1.4695433378219604,-2.6387939453125,-0.6740426421165466,2.482191324234009,-1.0993918180465698,0.2707993686199188,-0.31408756971359253,0.15386474132537842,0.003345741325378432,0.17693870661400976
1789260242.0875301,0.5181715488433838,-0.3975507616996765,-1.4695425033569336,-2.6387939453125,-0.6740394830703735,2.482192039489746,-1.0993976593017578,0.2707996070384979,-0.31408753991127014,0.1538650542497635,0.0033460542497635026,0.17693870661400976
1789260242.1244786,0.5181725025177002,-0.3975502848625183,-1.4695394039154053,-2.63879132270813,-0.6740378141403198,2.4821903705596924,-1.0993924140930176,0.2708010673522949,-0.31408777832984924,0.15386617183685303,0.003347171836853041,0.17693870661400976
1789260242.1694906,0.5181719660758972,-0.39755332469940186,-1.4695359468460083,-2.6387932300567627,-0.6740421056747437,2.4821903705596924,-1.0993901491165161,0.2708020508289337,-0.31408625841140747,0.15386635065078735,0.0033473506507873674,0.17693870661400976
1789260242.2144496,0.5181707739830017,-0.39755409955978394,-1.4695403575897217,-2.6387903690338135,-0.6740426421165466,2.4821910858154297,-1.099390983581543,0.27080100774765015,-0.3140888810157776,0.153866708278656,0.0033477082786560197,0.17693870661400976
1789260242.2534158,0.5181698203086853,-0.3975505530834198,-1.4695404767990112,-2.638793706893921,-0.6740432977676392,2.482196092605591,-1.0993943214416504,0.27080047130584717,-0.31408828496932983,0.15386579930782318,0.003346799307823195,0.17804114001225932
1789260242.2975087,0.5181679129600525,-0.397551029920578,-1.4695404767990112,-2.638791561126709,-0.674040675163269,2.482189655303955,-1.0993897914886475,0.2707991600036621,-0.3140891492366791,0.1538659781217575,0.003346978121757521,0.17804114001225932
1789260242.331117,0.518197774887085,-0.39752745628356934,-1.4695394039154053,-2.638793706893921,-0.674045205116272,2.482187271118164,-1.0993984937667847,0.27080419659614563,-0.31408196687698364,0.15386337041854858,0.003344370418548598,0.17693870661400976
1789260242.3647323,0.5182616710662842,-0.39747926592826843,-1.4695327281951904,-2.6387994289398193,-0.6740530729293823,2.482175350189209,-1.0994031429290771,0.2708154320716858,-0.3140644431114197,0.15385764837265015,0.0033386483726501603,0.17132016174909548
1789260242.3983114,0.5182737708091736,-0.3974636495113373,-1.4695340394973755,-2.6387948989868164,-0.674051821231842,2.482172966003418,-1.0994136333465576,0.27081677317619324,-0.3140646815299988,0.15385746955871582,0.003338469558715834,0.17245851507387558
1789260242.4319189,0.5182733535766602,-0.3974649906158447,-1.469533920288086,-2.6387956142425537,-0.6740546822547913,2.4821746349334717,-1.0994138717651367,0.27081698179244995,-0.314064621925354,0.15385746955871582,0.003338469558715834,0.17017419378319848
1789260242.4656274,0.5182765126228333,-0.3974592387676239,-1.4695338010787964,-2.638798713684082,-0.6740543842315674,2.482172727584839,-1.0994107723236084,0.2708161771297455,-0.31406262516975403,0.15385590493679047,0.00333690493679048,0.17132016174909548
1789260242.4992838,0.5182813405990601,-0.39746221899986267,-1.4695298671722412,-2.6387922763824463,-0.674054741859436,2.482168674468994,-1.0994092226028442,0.27081987261772156,-0.31406307220458984,0.15385840833187103,0.0033394083318710466,0.17017419378319848
1789260242.5329027,0.518282413482666,-0.39746221899986267,-1.4695353507995605,-2.6387956142425537,-0.6740553379058838,2.4821691513061523,-1.0994133949279785,0.2708178460597992,-0.31406229734420776,0.1538565754890442,0.0033375754890442033,0.17245851507387558
1789260242.5666237,0.5182723999023438,-0.3974573314189911,-1.4695336818695068,-2.638796329498291,-0.674054741859436,2.482168197631836,-1.099414587020874,0.2708142101764679,-0.3140646815299988,0.15385611355304718,0.003337113553047194,0.17132016174909548
1789260242.6002796,0.5182769894599915,-0.3974590003490448,-1.4695284366607666,-2.6387994289398193,-0.6740530729293823,2.482168197631836,-1.0994198322296143,0.2708170711994171,-0.3140607178211212,0.153856098651886,0.003337098651886,0.17017419378319848
1789260242.6338842,0.5185515284538269,-0.39661145210266113,-1.470085859298706,-2.6395151615142822,-0.6730178594589233,2.483708143234253,-1.0994510650634766,0.2707812190055847,-0.31388670206069946,0.1536099910736084,0.0030909910736084123,0.2027087792782551
1789260242.6674662,0.5189528465270996,-0.3922567665576935,-1.4714871644973755,-2.6410744190216064,-0.6703119874000549,2.487387180328369,-1.099611759185791,0.2702596187591553,-0.3138241171836853,0.15287618339061737,0.0023571833906173845,0.14670980696444608
1789260242.701057,0.5196049213409424,-0.38732463121414185,-1.4727249145507812,-2.642780303955078,-0.6676640510559082,2.49112606048584,-1.0997449159622192,0.26975613832473755,-0.3136584460735321,0.15208561718463898,0.001566617184638991,0.0625572578997782
1789260242.7346525,0.5201100707054138,-0.38231194019317627,-1.4738709926605225,-2.6439740657806396,-0.6618730425834656,2.4949445724487305,-1.0999059677124023,0.26939690113067627,-0.3136170506477356,0.1514769345521927,0.0009579345521927018,0.07132624918176021
1789260242.768338,0.5216359496116638,-0.3738836944103241,-1.4743201732635498,-2.643026828765869,-0.6490578651428223,2.498840570449829,-1.100297212600708,0.26961633563041687,-0.31415972113609314,0.15140078961849213,0.0008817896184921403,0.11190583714844751
1789260242.802185,0.523435115814209,-0.3643409311771393,-1.4744625091552734,-2.6418254375457764,-0.6346863508224487,2.5031373500823975,-1.1007416248321533,0.27000996470451355,-0.31476810574531555,0.15140913426876068,0.000890134268760695,0.145369962588823
1789260242.8359675,0.5247368812561035,-0.3566248118877411,-1.474668025970459,-2.641152858734131,-0.622883677482605,2.5066051483154297,-1.1011080741882324,0.27019748091697693,-0.3151857256889343,0.15131287276744843,0.0007938727674484392,0.18767184827349362
1789260242.873485,0.5253183245658875,-0.3540588915348053,-1.4747629165649414,-2.6408941745758057,-0.6189036965370178,2.507786273956299,-1.1012552976608276,0.2703118324279785,-0.31530997157096863,0.15129204094409943,0.0007730409440994401,0.199791951149457
1789260243.1874096,0.5253219604492188,-0.3542000353336334,-1.4747413396835327,-2.6408371925354004,-0.6189414262771606,2.507765293121338,-1.1012424230575562,0.2703486680984497,-0.3153189420700073,0.15132227540016174,0.000803275400161757,0.199791951149457
1789260243.2283666,0.5253017544746399,-0.3542061746120453,-1.4747556447982788,-2.6408660411834717,-0.6189441680908203,2.5077662467956543,-1.1012463569641113,0.270332932472229,-0.3153132498264313,0.15131151676177979,0.000792516761779799,0.2007689357290851
1789260243.2673743,0.5252981185913086,-0.3541918992996216,-1.4747625589370728,-2.6408591270446777,-0.6189404129981995,2.5077662467956543,-1.1012446880340576,0.27032873034477234,-0.3153199851512909,0.1513117104768753,0.000792710476875319,0.201741189079591
1789260243.3064346,0.525303304195404,-0.3541906177997589,-1.4747530221939087,-2.6408531665802,-0.6189441084861755,2.5077638626098633,-1.1012492179870605,0.2703339755535126,-0.31531959772109985,0.15131469070911407,0.0007956907091140886,0.201741189079591
1789260243.3455553,0.525313138961792,-0.3541933000087738,-1.4747511148452759,-2.6408610343933105,-0.6189431548118591,2.507765293121338,-1.1012448072433472,0.2703368067741394,-0.3153126835823059,0.1513127088546753,0.0007937088546753068,0.2007689357290851
1789260243.3905537,0.5253004431724548,-0.35419604182243347,-1.4747569561004639,-2.640854835510254,-0.6189426779747009,2.507765054702759,-1.1012444496154785,0.27033257484436035,-0.3153199255466461,0.15131409466266632,0.0007950946626663347,0.2007689357290851
1789260243.4354794,0.5253039002418518,-0.35419362783432007,-1.4747544527053833,-2.6408538818359375,-0.6189383864402771,2.5077669620513916,-1.1012433767318726,0.27033472061157227,-0.31531912088394165,0.15131472051143646,0.0007957205114364763,0.2007689357290851
1789260243.4804425,0.5253052711486816,-0.35419362783432007,-1.4747512340545654,-2.6408531665802,-0.6189426779747009,2.507765293121338,-1.1012427806854248,0.27033594250679016,-0.3153184652328491,0.15131527185440063,0.0007962718544006486,0.2007689357290851
1789260243.5194528,0.525300145149231,-0.35419532656669617,-1.4747544527053833,-2.640852928161621,-0.618943989276886,2.507765293121338,-1.101243019104004,0.27033355832099915,-0.31532055139541626,0.15131501853466034,0.0007960185346603532,0.2007689357290851
1789260243.5603702,0.5253018736839294,-0.35419604182243347,-1.4747564792633057,-2.640866279602051,-0.6189455389976501,2.5077693462371826,-1.101243257522583,0.27033165097236633,-0.31531453132629395,0.15131080150604248,0.0007918015060424943,0.199791951149457
1789260243.5977702,0.5253037214279175,-0.3541910648345947,-1.4747434854507446,-2.6408584117889404,-0.618943989276886,2.5077688694000244,-1.101246953010559,0.27033719420433044,-0.31531551480293274,0.15131480991840363,0.0007958099184036393,0.2007689357290851
1789260243.6313574,0.5253185629844666,-0.3541383147239685,-1.4746994972229004,-2.640873908996582,-0.6189650297164917,2.507755994796753,-1.1012399196624756,0.27034199237823486,-0.3153000771999359,0.15131089091300964,0.0007918909130096574,0.1988101655906956
1789260243.6649573,0.5253275036811829,-0.3541240692138672,-1.4746851921081543,-2.64088773727417,-0.6189669966697693,2.5077521800994873,-1.101244568824768,0.27034369111061096,-0.31528931856155396,0.15130704641342163,0.0007880464134216447,0.1988101655906956
1789260243.69853,0.5253118276596069,-0.3541274964809418,-1.4746925830841064,-2.6408865451812744,-0.618968665599823,2.507751226425171,-1.1012383699417114,0.27033689618110657,-0.3152952790260315,0.15130653977394104,0.0007875397739410539,0.19782350757194625
1789260243.7321723,0.5253239274024963,-0.3541269898414612,-1.4746830463409424,-2.6408932209014893,-0.6189696192741394,2.507749557495117,-1.1012463569641113,0.2703421115875244,-0.31528693437576294,0.15130557119846344,0.0007865711984634538,0.19782350757194625
1789260243.76575,0.5253244638442993,-0.3541208803653717,-1.4746816158294678,-2.6408908367156982,-0.6189727783203125,2.5077457427978516,-1.1012423038482666,0.2703414559364319,-0.3152879774570465,0.15130575001239777,0.00078675001239778,0.1988101655906956
1789260243.7993937,0.5253227353096008,-0.35412144660949707,-1.4746774435043335,-2.640892267227173,-0.6189706921577454,2.507744789123535,-1.10123872756958,0.2703419625759125,-0.3152867257595062,0.15130586922168732,0.0007868692216873308,0.1988101655906956
1789260243.8330727,0.5253169536590576,-0.3541213274002075,-1.474683403968811,-2.6408944129943848,-0.6189688444137573,2.507746458053589,-1.101237416267395,0.2703380584716797,-0.3152885138988495,0.15130451321601868,0.0007855132160186906,0.2007689357290851
1789260243.86672,0.5253203511238098,-0.3541262745857239,-1.4746814966201782,-2.640890598297119,-0.6189731359481812,2.507747173309326,-1.1012367010116577,0.27034130692481995,-0.31528884172439575,0.1513063609600067,0.0007873609600067277,0.1988101655906956
1789260243.9003136,0.5256769061088562,-0.35419148206710815,-1.47487211227417,-2.6407289505004883,-0.6192218065261841,2.5076589584350586,-1.100856065750122,0.27041131258010864,-0.31530576944351196,0.15132857859134674,0.0008095785913467546,0.19281449969864173
1789260243.9339051,0.5283768177032471,-0.35474514961242676,-1.4762163162231445,-2.6396596431732178,-0.6206385493278503,2.507380485534668,-1.0935806035995483,0.271037220954895,-0.31534552574157715,0.15149910748004913,0.0009801074800491472,0.14670980696444608
1789260243.9675071,0.5311187505722046,-0.3552815914154053,-1.4777053594589233,-2.638641119003296,-0.6221882104873657,2.5069873332977295,-1.0850415229797363,0.2715911567211151,-0.31537607312202454,0.15162065625190735,0.0011016562519073625,0.10279207254188717
1789260244.001076,0.5335551500320435,-0.3559287190437317,-1.4792444705963135,-2.6376471519470215,-0.6235626935958862,2.5066075325012207,-1.0758297443389893,0.2720511555671692,-0.3154696524143219,0.1517358124256134,0.0012168124256134172,0.07401874722002606
1789260244.0346744,0.5386933088302612,-0.35769954323768616,-1.4823945760726929,-2.6362218856811523,-0.625959575176239,2.5056605339050293,-1.0588767528533936,0.2729640007019043,-0.31525295972824097,0.1517895758152008,0.0012705758152008195,0.0625572578997782
1789260244.068292,0.5444192886352539,-0.3594687283039093,-1.4857443571090698,-2.6348021030426025,-0.6286969780921936,2.504406690597534,-1.041344165802002,0.2739267945289612,-0.3149016201496124,0.15178035199642181,0.0012613519964218278,0.05595291190411357
1789260244.1018693,0.5500322580337524,-0.3614635467529297,-1.4891695976257324,-2.63323712348938,-0.6313704252243042,2.503222942352295,-1.023637294769287,0.2749059498310089,-0.3146434426307678,0.15182310342788696,0.0013041034278869768,0.048456642643301504
1789260244.135521,0.555611789226532,-0.36341363191604614,-1.4927173852920532,-2.631680488586426,-0.6340835094451904,2.5019683837890625,-1.0059255361557007,0.27580899000167847,-0.3144126236438751,0.15182949602603912,0.0013104960260391374,0.05233915627441309
1789260244.1691067,0.5608116388320923,-0.3653483986854553,-1.4962894916534424,-2.6301639080047607,-0.6366863250732422,2.5007548332214355,-0.9888007044792175,0.2765825092792511,-0.3142690062522888,0.15181536972522736,0.0012963697252273698,0.05595291190411357
1789260244.202701,0.5666727423667908,-0.36731579899787903,-1.4997280836105347,-2.6286003589630127,-0.6394477486610413,2.499527931213379,-0.9706377983093262,0.2776138186454773,-0.3139384686946869,0.15183047950267792,0.0013114795026779313,0.05233915627441309
1789260244.2363396,0.5722265839576721,-0.3691202700138092,-1.5029038190841675,-2.6271708011627197,-0.6420668959617615,2.498349189758301,-0.9535725116729736,0.27859315276145935,-0.31358495354652405,0.15182927250862122,0.0013102725086212297,0.048456642643301504
1789260244.2700326,0.5777509808540344,-0.3710688054561615,-1.5063921213150024,-2.625685930252075,-0.6447739005088806,2.4970929622650146,-0.9358657002449036,0.27947479486465454,-0.3133111894130707,0.15179550647735596,0.001276506477355971,0.048456642643301504
1789260244.3036442,0.5833535194396973,-0.37305566668510437,-1.5099819898605347,-2.6241250038146973,-0.6475053429603577,2.495849847793579,-0.9180997610092163,0.2803684175014496,-0.3130679428577423,0.15176767110824585,0.0012486711082458635,0.048456642643301504
1789260244.337264,0.5887840390205383,-0.37503567337989807,-1.5134775638580322,-2.622588634490967,-0.6502076387405396,2.494626760482788,-0.9005630016326904,0.28123554587364197,-0.3128397464752197,0.1517408788204193,0.0012218788204193254,0.05233915627441309
1789260244.3708758,0.594582736492157,-0.37695762515068054,-1.5167986154556274,-2.6211302280426025,-0.6529667973518372,2.4934120178222656,-0.8828588724136353,0.28224867582321167,-0.3124414086341858,0.15170657634735107,0.001187576347351088,0.05233915627441309
1789260244.4044614,0.5999964475631714,-0.37881794571876526,-1.5201462507247925,-2.619702100753784,-0.6555822491645813,2.4922094345092773,-0.865702211856842,0.2831205725669861,-0.31213927268981934,0.1516498178243637,0.0011308178243637224,0.044234660174789026
1789260244.4380484,0.6056738495826721,-0.3808230757713318,-1.5237820148468018,-2.6180741786956787,-0.6583475470542908,2.4909510612487793,-0.8476335406303406,0.28402623534202576,-0.31190288066864014,0.15160928666591644,0.0010902866659164567,0.044234660174789026
1789260244.4716566,0.6112361550331116,-0.3827681839466095,-1.5272760391235352,-2.616525411605835,-0.6610636711120605,2.489713191986084,-0.8299181461334229,0.28492021560668945,-0.311634361743927,0.15155716240406036,0.0010381624040603776,0.048456642643301504
1789260244.505295,0.6165950894355774,-0.3846578598022461,-1.5306650400161743,-2.6150619983673096,-0.6636338829994202,2.488507032394409,-0.8128544688224792,0.28576675057411194,-0.31135889887809753,0.15148748457431793,0.000968484574317946,0.044234660174789026
1789260244.5388541,0.6223610639572144,-0.386826753616333,-1.5339725017547607,-2.6131627559661865,-0.6662411689758301,2.4868855476379395,-0.7950496673583984,0.2868119180202484,-0.3110954165458679,0.15154114365577698,0.0010221436557769914,0.048456642643301504
1789260244.5724933,0.6278356313705444,-0.3890215754508972,-1.5372812747955322,-2.611265182495117,-0.6688435077667236,2.4853177070617676,-0.7775213122367859,0.28777769207954407,-0.3109125792980194,0.15159301459789276,0.001074014597892775,0.05233915627441309
1789260244.606081,0.6335092186927795,-0.39120665192604065,-1.5406949520111084,-2.609384059906006,-0.6713951230049133,2.4836690425872803,-0.7597933411598206,0.2887485921382904,-0.3106762766838074,0.1516079604625702,0.0010889604625702043,0.05595291190411357
1789260244.6396875,0.6389843821525574,-0.39341801404953003,-1.5441277027130127,-2.607438564300537,-0.6739590167999268,2.4820284843444824,-0.742093026638031,0.28966742753982544,-0.31052708625793457,0.1516348123550415,0.0011158123550415178,0.05595291190411357
1789260244.6733127,0.6445035338401794,-0.39564278721809387,-1.5475696325302124,-2.6054258346557617,-0.6764866709709167,2.4803903102874756,-0.7245476841926575,0.2906113564968109,-0.31039270758628845,0.15167485177516937,0.0011558517751693864,0.0625572578997782
1789260244.7070673,0.6501806378364563,-0.39782851934432983,-1.5508363246917725,-2.6034576892852783,-0.6790152788162231,2.478759765625,-0.7068010568618774,0.29164597392082214,-0.3101559281349182,0.15172070264816284,0.0012017026481628557,0.06561060592844098
1789260244.7406585,0.6558375954627991,-0.40002450346946716,-1.554105520248413,-2.601494073867798,-0.6815959215164185,2.4771065711975098,-0.6891179084777832,0.2926660478115082,-0.3099203109741211,0.1517559438943863,0.0012369438943863054,0.06852804325551864
1789260244.774297,0.6612802147865295,-0.4022178053855896,-1.5573956966400146,-2.5996060371398926,-0.6840690970420837,2.4754834175109863,-0.6719666123390198,0.29360249638557434,-0.3097092807292938,0.15175901353359222,0.001240013533592238,0.06852804325551864
1789260244.8079433,0.6667923331260681,-0.40454205870628357,-1.5610415935516357,-2.59759259223938,-0.6867126226425171,2.4737586975097656,-0.6538705229759216,0.2944619357585907,-0.3095989227294922,0.1517312377691269,0.001212237769126906,0.06561060592844098
1789260244.8416302,0.6724923253059387,-0.4067492187023163,-1.5643242597579956,-2.595646619796753,-0.6892988085746765,2.472078561782837,-0.6361494660377502,0.2954758405685425,-0.3093332350254059,0.15173421800136566,0.0012152180013656755,0.059347025446578223
1789260244.8753128,0.67801833152771,-0.4088279604911804,-1.5674065351486206,-2.5938169956207275,-0.6917958855628967,2.4704999923706055,-0.6191084980964661,0.29647913575172424,-0.30903360247612,0.15173125267028809,0.0012122526702880998,0.05595291190411357
1789260244.909033,0.6836572885513306,-0.4110560715198517,-1.5708277225494385,-2.5918240547180176,-0.6943474411964417,2.4688122272491455,-0.6012868881225586,0.29743537306785583,-0.30882683396339417,0.15171121060848236,0.0011922106084823747,0.05595291190411357
1789260244.9426,0.6892269253730774,-0.413377970457077,-1.5744692087173462,-2.589759111404419,-0.6969225406646729,2.467085361480713,-0.5831120014190674,0.2983148694038391,-0.3087075352668762,0.15166796743869781,0.0011489674386978288,0.05595291190411357
1789260244.9761775,0.694500207901001,-0.4155798852443695,-1.577811598777771,-2.5877702236175537,-0.6993899345397949,2.4654605388641357,-0.5660414099693298,0.2991888225078583,-0.30858710408210754,0.15164893865585327,0.0011299386558532853,0.05595291190411357
1789260245.009755,0.7002931237220764,-0.41775578260421753,-1.5809435844421387,-2.585844039916992,-0.7019148468971252,2.463820695877075,-0.5483620762825012,0.300269216299057,-0.30823829770088196,0.15163704752922058,0.001118047529220595,0.048456642643301504
1789260245.043349,0.7059140801429749,-0.4199795722961426,-1.5841858386993408,-2.583899974822998,-0.70443195104599,2.4620893001556396,-0.5308229923248291,0.30124983191490173,-0.30795836448669434,0.15159781277179718,0.001078812771797194,0.048456642643301504
1789260245.0770326,0.7114925384521484,-0.4222334623336792,-1.5875846147537231,-2.5817999839782715,-0.7070245742797852,2.4603817462921143,-0.5130647420883179,0.3022032380104065,-0.3077985942363739,0.1515754908323288,0.0010564908323288102,0.03956468264845247
1789260245.110618,0.7169363498687744,-0.42458146810531616,-1.591050624847412,-2.5796566009521484,-0.7095265984535217,2.4586403369903564,-0.49540504813194275,0.3031073212623596,-0.3076930642127991,0.1515464186668396,0.0010274186668396135,0.044234660174789026
1789260245.144202,0.7223870754241943,-0.4269354045391083,-1.5941845178604126,-2.577373743057251,-0.7118984460830688,2.456909656524658,-0.4782102108001709,0.30415478348731995,-0.3075670599937439,0.15161314606666565,0.0010941460666656633,0.048456642643301504
1789260245.1778612,0.7282646894454956,-0.42937302589416504,-1.5973740816116333,-2.5750439167022705,-0.7143915891647339,2.4549875259399414,-0.46015822887420654,0.3052928149700165,-0.30732816457748413,0.15166188776493073,0.001142887764930739,0.05595291190411357
1789260245.2115028,0.7337841391563416,-0.4318017065525055,-1.600658893585205,-2.572720766067505,-0.7168011665344238,2.4531240463256836,-0.44240716099739075,0.3062974512577057,-0.30721232295036316,0.15168797969818115,0.0011689796981811662,0.059347025446578223
1789260245.245192,0.7391813397407532,-0.4341462552547455,-1.6037790775299072,-2.5704736709594727,-0.7191075682640076,2.451310396194458,-0.4253174364566803,0.3073009252548218,-0.3070650100708008,0.15171445906162262,0.0011954590616226335,0.0625572578997782
1789260245.2788255,0.7446976900100708,-0.4365862309932709,-1.6071175336837769,-2.5681028366088867,-0.7215109467506409,2.4494149684906006,-0.40751904249191284,0.30828672647476196,-0.30697470903396606,0.15172643959522247,0.001207439595222487,0.06561060592844098
1789260245.3124795,0.7503212094306946,-0.4390076696872711,-1.6102476119995117,-2.565774917602539,-0.723929762840271,2.4475958347320557,-0.389989972114563,0.3093752861022949,-0.3067888617515564,0.15176114439964294,0.0012421443996429582,0.06852804325551864
1789260245.34614,0.7559773921966553,-0.44140625,-1.613409161567688,-2.5634121894836426,-0.7264050245285034,2.445765495300293,-0.3723220229148865,0.3104618787765503,-0.30661872029304504,0.15179140865802765,0.0012724086580276628,0.06561060592844098
1789260245.3797472,0.7615367770195007,-0.44380900263786316,-1.6166276931762695,-2.561040163040161,-0.7288219332695007,2.4439334869384766,-0.35460466146469116,0.311500608921051,-0.30648791790008545,0.1518055945634842,0.0012865945634842058,0.0625572578997782
1789260245.4133544,0.7671406865119934,-0.4462135434150696,-1.619860053062439,-2.558760404586792,-0.7312731742858887,2.442085027694702,-0.33711880445480347,0.3125227391719818,-0.3063007593154907,0.15177859365940094,0.0012595936594009538,0.06852804325551864
1789260245.4471002,0.7725794315338135,-0.4486411511898041,-1.6232374906539917,-2.556421995162964,-0.7336938977241516,2.440230131149292,-0.319313645362854,0.31345826387405396,-0.306217223405838,0.15173356235027313,0.0012145623502731462,0.07132624918176021
1789260245.4807122,0.7782807350158691,-0.451068639755249,-1.6264245510101318,-2.5540876388549805,-0.7361144423484802,2.4383840560913086,-0.30167287588119507,0.3145354390144348,-0.3060036599636078,0.15171559154987335,0.001196591549873366,0.07401874722002606
1789260245.5142634,0.783694863319397,-0.4534144699573517,-1.6294625997543335,-2.5517683029174805,-0.738456130027771,2.4366259574890137,-0.28445157408714294,0.3155771493911743,-0.3058457672595978,0.15172024071216583,0.0012012407121658464,0.06852804325551864
1789260245.5479386,0.7895052433013916,-0.4559173882007599,-1.63272225856781,-2.5493526458740234,-0.7409167289733887,2.4347310066223145,-0.2663615643978119,0.3166745603084564,-0.30563589930534363,0.15169307589530945,0.001174075895309462,0.07401874722002606
1789260245.5815055,0.7948104739189148,-0.45826447010040283,-1.6359622478485107,-2.5470895767211914,-0.7432416081428528,2.4328858852386475,-0.2492191195487976,0.31758198142051697,-0.30551987886428833,0.15161702036857605,0.0010980203685760637,0.07401874722002606
1789260245.6151142,0.8002837300300598,-0.4607352018356323,-1.6392226219177246,-2.5447311401367188,-0.7457096576690674,2.4310531616210938,-0.2315501719713211,0.3185673952102661,-0.30539146065711975,0.15155966579914093,0.001040665799140944,0.07661668268387072
1789260245.6487043,0.8061006665229797,-0.46321630477905273,-1.6422268152236938,-2.542189836502075,-0.7480369806289673,2.429068088531494,-0.21377067267894745,0.3197510242462158,-0.30515867471694946,0.15158741176128387,0.0010684117612838884,0.07401874722002606
1789260245.6823745,0.8116779327392578,-0.4656982421875,-1.645147442817688,-2.5396108627319336,-0.750320315361023,2.427178382873535,-0.1962250918149948,0.3209148049354553,-0.3049984574317932,0.15164349973201752,0.001124499732017531,0.07401874722002606
1789260245.7159686,0.8173344135284424,-0.46823278069496155,-1.6482725143432617,-2.536957263946533,-0.7526275515556335,2.425199031829834,-0.1785755455493927,0.3220360279083252,-0.3048816919326782,0.1516656130552292,0.0011466130552292009,0.07661668268387072
1789260245.7496328,0.8226487040519714,-0.47082528471946716,-1.6515231132507324,-2.534266471862793,-0.754875659942627,2.4232022762298584,-0.16088604927062988,0.32302093505859375,-0.3049056828022003,0.15166327357292175,0.0011442735729217668,0.08392937202498843
1789260245.7832072,0.8282585740089417,-0.47336849570274353,-1.6545120477676392,-2.5316145420074463,-0.7570923566818237,2.421252727508545,-0.1433638632297516,0.32417601346969604,-0.30475831031799316,0.1516968011856079,0.001177801185607924,0.08622923312351063
1789260245.816836,0.8340484499931335,-0.47586092352867126,-1.6573171615600586,-2.528982639312744,-0.7593498229980469,2.419281244277954,-0.12558616697788239,0.32542884349823,-0.3045048117637634,0.15175141394138336,0.0012324139413833757,0.08392937202498843
1789260245.8505008,0.8396906852722168,-0.47846174240112305,-1.6602561473846436,-2.5262298583984375,-0.7615838646888733,2.4172818660736084,-0.10788440704345703,0.32662296295166016,-0.3043656051158905,0.15180446207523346,0.0012854620752334733,0.09065408419654447
1789260245.8840795,0.8450474143028259,-0.48098471760749817,-1.6632609367370605,-2.5235633850097656,-0.7637900710105896,2.415327787399292,-0.0907122939825058,0.3276877701282501,-0.30430132150650024,0.15181313455104828,0.0012941345510482927,0.09065408419654447
1789260245.9176683,0.8505852818489075,-0.48364996910095215,-1.6665202379226685,-2.520759344100952,-0.7661380171775818,2.4132802486419678,-0.07260408252477646,0.3287452757358551,-0.3042854964733124,0.15179261565208435,0.0012736156520843644,0.09278741380920028
1789260245.9513237,0.8561668992042542,-0.48612719774246216,-1.66930091381073,-2.518206834793091,-0.7683316469192505,2.411346197128296,-0.05546604096889496,0.3299225866794586,-0.3040401339530945,0.1517973095178604,0.0012783095178604265,0.09278741380920028
1789260245.9850316,0.8618641495704651,-0.4886147677898407,-1.6721326112747192,-2.5155982971191406,-0.7706323266029358,2.4093692302703857,-0.037818338721990585,0.33111822605133057,-0.30379539728164673,0.1517966091632843,0.0012776091632843156,0.09065408419654447
1789260246.0185788,0.8675428628921509,-0.4912000596523285,-1.6751843690872192,-2.5128352642059326,-0.7728826999664307,2.407381296157837,-0.02004203572869301,0.33227530121803284,-0.30365970730781555,0.1517859399318695,0.0012669399318695207,0.09065408419654447
1789260246.0520864,0.8728974461555481,-0.4937986731529236,-1.6783143281936646,-2.5100672245025635,-0.7750748991966248,2.4053943157196045,-0.002521419432014227,0.3333088755607605,-0.3036428689956665,0.15175071358680725,0.0012317135868072648,0.09278741380920028
1789260246.0862756,0.8783730268478394,-0.49639570713043213,-1.6814428567886353,-2.5072858333587646,-0.7773082852363586,2.4034087657928467,0.01512830425053835,0.33437931537628174,-0.30359160900115967,0.15171049535274506,0.00119149535274507,0.09691329395132914
1789260246.1198661,0.8841771483421326,-0.49891090393066406,-1.6842278242111206,-2.5047292709350586,-0.7795673608779907,2.4014689922332764,0.03285672143101692,0.3356132507324219,-0.303254097700119,0.15167181193828583,0.0011528119382858415,0.09487278508118449
1789260246.1534722,0.8898915648460388,-0.5014321208000183,-1.6871343851089478,-2.5020251274108887,-0.7818085551261902,2.399484157562256,0.05061715096235275,0.3367999494075775,-0.3030366599559784,0.15163953602313995,0.0011205360231399675,0.09278741380920028
1789260246.1870522,0.8954175710678101,-0.5040099620819092,-1.6901040077209473,-2.499220609664917,-0.7840372323989868,2.397526741027832,0.06817565113306046,0.33793964982032776,-0.3029329180717468,0.15161651372909546,0.0010975137290954728,0.09065408419654447
1789260246.2206354,0.9008142948150635,-0.5066475868225098,-1.6932827234268188,-2.496410369873047,-0.7863426208496094,2.3954789638519287,0.08586205542087555,0.3389560878276825,-0.3029164671897888,0.15153050422668457,0.0010115042266845842,0.09278741380920028
1789260246.2543042,0.9062925577163696,-0.5092688202857971,-1.695950984954834,-2.493546962738037,-0.7883407473564148,2.393439292907715,0.10306581854820251,0.3401804268360138,-0.3027490973472595,0.15156513452529907,0.0010461345252990861,0.09891171693842998
1789260246.2879288,0.91224604845047,-0.511896014213562,-1.6984909772872925,-2.4905543327331543,-0.7904534935951233,2.391359806060791,0.12115315347909927,0.3416072428226471,-0.3024509847164154,0.15165558457374573,0.0011365845737457414,0.09278741380920028
1789260246.3215253,0.9179021716117859,-0.5145072937011719,-1.7011679410934448,-2.487555980682373,-0.7924795746803284,2.3892791271209717,0.13885720074176788,0.34289613366127014,-0.30228081345558167,0.1517091989517212,0.0011901989517212053,0.09278741380920028
1789260246.355139,0.9232346415519714,-0.5170977711677551,-1.7038757801055908,-2.4845705032348633,-0.7944400310516357,2.3872482776641846,0.15592871606349945,0.34408047795295715,-0.3022182583808899,0.15174831449985504,0.0012293144998550554,0.09691329395132914
1789260246.3887644,0.9286210536956787,-0.5198047757148743,-1.706804871559143,-2.481424331665039,-0.7964564561843872,2.385150194168091,0.17368510365486145,0.3452371060848236,-0.30224791169166565,0.15176747739315033,0.0012484773931503435,0.09891171693842998
1789260246.4223313,0.9343245625495911,-0.522426962852478,-1.709371566772461,-2.4785635471343994,-0.798481285572052,2.383129596710205,0.19121862947940826,0.3465537130832672,-0.3019567131996155,0.15178263187408447,0.0012636318740844865,0.10467832346762979
1789260246.4559674,0.9400961399078369,-0.5249996185302734,-1.7119172811508179,-2.475611448287964,-0.8005246520042419,2.3810513019561768,0.20888397097587585,0.34789732098579407,-0.30168116092681885,0.15181882679462433,0.0012998267946243425,0.10279207254188717
1789260246.48955,0.9457140564918518,-0.5275843739509583,-1.7145787477493286,-2.472520589828491,-0.8025853633880615,2.3790268898010254,0.2266131341457367,0.3491954505443573,-0.30154892802238464,0.15186649560928345,0.0013474956092834611,0.10087055545943382
1789260246.5231297,0.9511953592300415,-0.5302783250808716,-1.7173974514007568,-2.4694912433624268,-0.8046584725379944,2.3769001960754395,0.24415208399295807,0.35037413239479065,-0.30145207047462463,0.15183649957180023,0.0013174995718002458,0.10087055545943382
1789260246.5567465,0.9566513299942017,-0.5329931974411011,-1.720233678817749,-2.4664881229400635,-0.8067243695259094,2.3748083114624023,0.2619524300098419,0.35154059529304504,-0.3013495206832886,0.15178704261779785,0.0012680426177978654,0.10087055545943382
1789260246.590327,0.9622656106948853,-0.5355260968208313,-1.7227075099945068,-2.4636683464050293,-0.8087425827980042,2.3728086948394775,0.27896058559417725,0.3528347909450531,-0.30103662610054016,0.15177397429943085,0.001254974299430861,0.09691329395132914
1789260246.6239395,0.9680241942405701,-0.5381340384483337,-1.7253069877624512,-2.4606456756591797,-0.8108415007591248,2.370706796646118,0.2968156933784485,0.35415709018707275,-0.30078646540641785,0.15177229046821594,0.0012532904682159562,0.09487278508118449
1789260246.6575437,0.9737721681594849,-0.5408379435539246,-1.7281019687652588,-2.457472324371338,-0.8129279613494873,2.368596076965332,0.31490522623062134,0.3554489016532898,-0.3006388247013092,0.15175552666187286,0.0012365266618728776,0.09065408419654447
1789260246.6911757,0.9789676666259766,-0.5434360504150391,-1.7309268712997437,-2.454521894454956,-0.8149112462997437,2.366560220718384,0.3319985866546631,0.3565198481082916,-0.3005965054035187,0.1516663283109665,0.0011473283109665056,0.09278741380920028
1789260246.7247198,0.9845320582389832,-0.5461233854293823,-1.7336360216140747,-2.4515647888183594,-0.8169203400611877,2.3645105361938477,0.34965577721595764,0.35774511098861694,-0.30038073658943176,0.15159183740615845,0.0010728374061584611,0.09487278508118449
1789260246.758323,0.9903427958488464,-0.5487203001976013,-1.7359689474105835,-2.4484689235687256,-0.8188447952270508,2.362436532974243,0.367221862077713,0.35918471217155457,-0.30004677176475525,0.15164396166801453,0.0011249616680145402,0.08846932694105811
1789260246.7919328,0.9960344433784485,-0.5513134002685547,-1.7383673191070557,-2.4452450275421143,-0.8207347989082336,2.3603501319885254,0.38498958945274353,0.36058923602104187,-0.2998234033584595,0.15171004831790924,0.0011910483179092546,0.09065408419654447
1789260246.8255742,1.0016860961914062,-0.5539794564247131,-1.7409595251083374,-2.442105293273926,-0.8226608633995056,2.3582193851470947,0.402624249458313,0.36189359426498413,-0.2996104657649994,0.1516866385936737,0.00116763859367372,0.08622923312351063
1789260246.85919,1.006927251815796,-0.5566148161888123,-1.743502140045166,-2.4390242099761963,-0.8245326280593872,2.3560972213745117,0.41986462473869324,0.3630755841732025,-0.29950177669525146,0.1516512930393219,0.0011322930393219133,0.08392937202498843
1789260246.8927913,1.0128475427627563,-0.5593846440315247,-1.7458513975143433,-2.4357120990753174,-0.8263731598854065,2.3538830280303955,0.43793076276779175,0.36456745862960815,-0.299173504114151,0.15170849859714508,0.0011894985971450944,0.08846932694105811
1789260246.9264092,1.0184341669082642,-0.5619531273841858,-1.7479859590530396,-2.432539224624634,-0.82811039686203,2.3518481254577637,0.45511332154273987,0.366017609834671,-0.2988668382167816,0.15179681777954102,0.0012778177795410295,0.09065408419654447
1789260246.9600008,1.0241355895996094,-0.5645670890808105,-1.7502812147140503,-2.429231882095337,-0.8299160003662109,2.349695920944214,0.47269707918167114,0.3674541413784027,-0.2986126244068146,0.15186449885368347,0.0013454988536834855,0.08392937202498843
1789260246.9935722,1.0297610759735107,-0.5672752857208252,-1.7527471780776978,-2.426035165786743,-0.8317305445671082,2.3474767208099365,0.4905273914337158,0.36877888441085815,-0.2983587086200714,0.15183548629283905,0.0013164862928390642,0.09065408419654447
1789260247.0271862,1.0351808071136475,-0.5699756145477295,-1.7552485466003418,-2.422745943069458,-0.8335133194923401,2.345348596572876,0.5080141425132751,0.3700665235519409,-0.29822805523872375,0.15182480216026306,0.0013058021602630754,0.09065408419654447
1789260247.0607824,1.0409537553787231,-0.5726451277732849,-1.7575170993804932,-2.419466495513916,-0.835296094417572,2.343217372894287,0.5257374048233032,0.3715291917324066,-0.29790055751800537,0.15186327695846558,0.00134427695846559,0.09278741380920028
1789260247.0944483,1.0466785430908203,-0.575275182723999,-1.759746789932251,-2.4162261486053467,-0.8370997905731201,2.3410894870758057,0.543401300907135,0.3729762136936188,-0.29756465554237366,0.1518946886062622,0.001375688606262221,0.09065408419654447
1789260247.1280897,1.052420735359192,-0.5779001116752625,-1.7620389461517334,-2.413062810897827,-0.8388674855232239,2.338921070098877,0.560925304889679,0.3743792474269867,-0.2971939146518707,0.15187540650367737,0.001356406503677382,0.08846932694105811
1789260247.1616511,1.057910680770874,-0.580569326877594,-1.7645126581192017,-2.409792184829712,-0.8406994342803955,2.3367438316345215,0.5787472128868103,0.37566909193992615,-0.29700860381126404,0.1518288105726242,0.0013098105726242204,0.08156468806857739
1789260247.1952593,1.0633370876312256,-0.5831841230392456,-1.766805648803711,-2.406550645828247,-0.8424563407897949,2.334674119949341,0.5957295894622803,0.37700989842414856,-0.29678449034690857,0.15182523429393768,0.001306234293937697,0.08156468806857739
1789260247.2288973,1.0691615343093872,-0.5858933329582214,-1.7690744400024414,-2.403266668319702,-0.8443214893341064,2.3324899673461914,0.6136302351951599,0.3784672021865845,-0.2964106798171997,0.15181481838226318,0.0012958183822631975,0.07912937001338383
1789260247.2625973,1.0749998092651367,-0.5886139869689941,-1.771432876586914,-2.4000465869903564,-0.8461869359016418,2.3302695751190186,0.6316888332366943,0.3798750638961792,-0.2960176169872284,0.15174885094165802,0.0012298509416580339,0.07401874722002606
1789260247.2962232,1.0804970264434814,-0.5912129282951355,-1.7737377882003784,-2.396883964538574,-0.8479718565940857,2.3281915187835693,0.6488635540008545,0.38120436668395996,-0.2957218587398529,0.15169338881969452,0.001174388819694533,0.07132624918176021
1789260247.329771,1.0859317779541016,-0.5938571095466614,-1.7762151956558228,-2.393479108810425,-0.8497883081436157,2.3260574340820312,0.6664637923240662,0.38250043988227844,-0.29559800028800964,0.15164721012115479,0.001128210121154799,0.05595291190411357
1789260247.3634942,1.0916999578475952,-0.5965303182601929,-1.7782846689224243,-2.3901500701904297,-0.851391077041626,2.3239407539367676,0.6842522025108337,0.384019672870636,-0.29517149925231934,0.15167763829231262,0.001158638292312636,0.06561060592844098
1789260247.3971076,1.0973340272903442,-0.5991237163543701,-1.7801629304885864,-2.3869707584381104,-0.8529321551322937,2.3219237327575684,0.7017654180526733,0.3855416774749756,-0.2946774363517761,0.15172243118286133,0.001203431182861342,0.07401874722002606
1789260247.4306855,1.102999210357666,-0.6017019152641296,-1.7822082042694092,-2.3836324214935303,-0.8544954061508179,2.319822311401367,0.7194427251815796,0.38703060150146484,-0.29428693652153015,0.15175607800483704,0.00123707800483705,0.07661668268387072
1789260247.4642563,1.1082782745361328,-0.6042436957359314,-1.7842780351638794,-2.3802714347839355,-0.8560140132904053,2.3177802562713623,0.7366514205932617,0.38840988278388977,-0.2940594553947449,0.15179046988487244,0.0012714698848724504,0.07401874722002606
1789260247.4978619,1.1138368844985962,-0.6069080233573914,-1.786428689956665,-2.3766846656799316,-0.8576188683509827,2.3156301975250244,0.7547083497047424,0.3898788094520569,-0.2938306927680969,0.15184161067008972,0.0013226106700897355,0.07912937001338383
1789260247.531486,1.1194696426391602,-0.6094433069229126,-1.7882434129714966,-2.373607635498047,-0.8591130971908569,2.3135881423950195,0.7719274759292603,0.3913782835006714,-0.293251633644104,0.1518462747335434,0.0013272747335434099,0.07912937001338383
1789260247.5650423,1.125163197517395,-0.6120686531066895,-1.7901480197906494,-2.3702900409698486,-0.8606642484664917,2.311523914337158,0.7895075082778931,0.39291858673095703,-0.29276782274246216,0.1518802046775818,0.001361204677581801,0.08622923312351063
1789260247.5986009,1.1307802200317383,-0.6146899461746216,-1.7922037839889526,-2.3668224811553955,-0.8622304201126099,2.3094403743743896,0.8073879480361938,0.3944123387336731,-0.29242002964019775,0.15190787613391876,0.001388876133918776,0.08622923312351063
1789260247.6322167,1.1360818147659302,-0.6173094511032104,-1.7943708896636963,-2.363450050354004,-0.8638402819633484,2.307309150695801,0.8248308897018433,0.3957424461841583,-0.29218217730522156,0.15186405181884766,0.0013450518188476701,0.08156468806857739
1789260247.6658266,1.141726016998291,-0.6199396252632141,-1.7964359521865845,-2.3601315021514893,-0.8653886318206787,2.3051974773406982,0.8425907492637634,0.39719700813293457,-0.2917422950267792,0.15182507038116455,0.0013060703811645646,0.08392937202498843
1789260247.6995077,1.1473313570022583,-0.6224557161331177,-1.798250675201416,-2.3569893836975098,-0.8669101595878601,2.3032119274139404,0.8596745729446411,0.39869916439056396,-0.2911776006221771,0.15181882679462433,0.0012998267946243425,0.08392937202498843
1789260247.733187,1.1530851125717163,-0.6250991225242615,-1.8002218008041382,-2.3534741401672363,-0.8685001134872437,2.3010964393615723,0.8777725100517273,0.4002555012702942,-0.29074645042419434,0.15184728801250458,0.0013282880125045915,0.08392937202498843
1789260247.7668402,1.158650517463684,-0.6276965141296387,-1.802308440208435,-2.350029945373535,-0.8700863122940063,2.298983097076416,0.8954989314079285,0.4016968905925751,-0.2903914153575897,0.15181884169578552,0.0012998416957855363,0.08392937202498843
1789260247.8004856,1.1640475988388062,-0.6303552985191345,-1.8045291900634766,-2.346721887588501,-0.8716482520103455,2.2968368530273438,0.9132440686225891,0.40300896763801575,-0.29006102681159973,0.15169396996498108,0.001174969964981093,0.07401874722002606
1789260247.8341088,1.1695876121520996,-0.6328467726707458,-1.8064277172088623,-2.3434228897094727,-0.8731362819671631,2.2947986125946045,0.9304468035697937,0.40447568893432617,-0.2895928919315338,0.1516779363155365,0.0011589363155365129,0.06852804325551864
1789260247.8677206,1.1754076480865479,-0.6355128288269043,-1.8082247972488403,-2.339979410171509,-0.8745985627174377,2.292623996734619,0.9484963417053223,0.40607061982154846,-0.28900936245918274,0.15169528126716614,0.0011762812671661516,0.07401874722002606
1789260247.9012833,1.180882453918457,-0.6380210518836975,-1.8100385665893555,-2.3367271423339844,-0.8760135173797607,2.290564775466919,0.9656826257705688,0.4075271785259247,-0.2884986400604248,0.15167143940925598,0.0011524394092559953,0.07132624918176021
1789260247.934933,1.186384916305542,-0.6406343579292297,-1.8120027780532837,-2.333383321762085,-0.877458393573761,2.2884507179260254,0.9832587242126465,0.408955454826355,-0.2880403995513916,0.15160685777664185,0.0010878577766418596,0.07132624918176021
1789260247.9685135,1.1918801069259644,-0.6432170271873474,-1.8138889074325562,-2.32987117767334,-0.8787849545478821,2.286280632019043,1.0011394023895264,0.41042909026145935,-0.287626177072525,0.15160538256168365,0.0010863825616836686,0.07132624918176021
1789260248.00212,1.197584629058838,-0.6456714272499084,-1.8153492212295532,-2.3264365196228027,-0.8800184726715088,2.2841901779174805,1.018543004989624,0.41209161281585693,-0.28697311878204346,0.15172041952610016,0.0012014195261001726,0.07132624918176021
1789260248.0356693,1.2032959461212158,-0.6481615304946899,-1.8169018030166626,-2.323042392730713,-0.8812820911407471,2.2820353507995605,1.0362839698791504,0.41370171308517456,-0.28631454706192017,0.15178018808364868,0.0012611880836486955,0.07132624918176021
1789260248.069236,1.2087674140930176,-0.6506503224372864,-1.8185272216796875,-2.3198013305664062,-0.8824969530105591,2.279940605163574,1.0534166097640991,0.4151934087276459,-0.28569480776786804,0.15177218616008759,0.0012531861600875993,0.07661668268387072
1789260248.1028554,1.2142900228500366,-0.6532329320907593,-1.8203673362731934,-2.316148519515991,-0.8837956786155701,2.2776994705200195,1.0715628862380981,0.41669556498527527,-0.28528937697410583,0.15179038047790527,0.0012713804779052873,0.07401874722002606
1789260248.1364431,1.2196383476257324,-0.6556592583656311,-1.8220044374465942,-2.312727451324463,-0.8850050568580627,2.2755706310272217,1.0886902809143066,0.4181725084781647,-0.28480273485183716,0.15182258188724518,0.001303581887245192,0.07132624918176021
1789260248.170052,1.225464940071106,-0.6581736207008362,-1.8235262632369995,-2.30946946144104,-0.8862622380256653,2.2734322547912598,1.1063129901885986,0.41978636384010315,-0.2839909493923187,0.15182296931743622,0.0013039693174362321,0.07401874722002606
1789260248.2036543,1.231210470199585,-0.6606816649436951,-1.8250631093978882,-2.306122303009033,-0.8875221014022827,2.2712385654449463,1.12417733669281,0.4213770925998688,-0.2832515835762024,0.15183430910110474,0.0013153091011047502,0.07401874722002606
1789260248.2372444,1.2367531061172485,-0.6631863117218018,-1.826709270477295,-2.302610158920288,-0.8887677192687988,2.2691051959991455,1.1416164636611938,0.42292168736457825,-0.2826962172985077,0.1518601030111313,0.0013411030111313005,0.07401874722002606
1789260248.270886,1.2420966625213623,-0.6657501459121704,-1.8285515308380127,-2.2990012168884277,-0.8900230526924133,2.266922950744629,1.1594332456588745,0.42435842752456665,-0.28231140971183777,0.15183553099632263,0.0013165309963226457,0.07132624918176021
1789260248.304547,1.2477550506591797,-0.6682825088500977,-1.8302220106124878,-2.295630931854248,-0.8912516832351685,2.2647621631622314,1.1769739389419556,0.42588433623313904,-0.2816298007965088,0.15179182589054108,0.0012728258905410905,0.07401874722002606
1789260248.338156,1.2533930540084839,-0.6707078218460083,-1.8316454887390137,-2.2924964427948,-0.8924557566642761,2.262699842453003,1.1943058967590332,0.4274415373802185,-0.2807844877243042,0.15177065134048462,0.001251651340484633,0.07912937001338383
1789260248.3717,1.2588295936584473,-0.6730182766914368,-1.8331220149993896,-2.289160966873169,-0.8935884237289429,2.260681629180908,1.2114378213882446,0.4289708733558655,-0.2801365554332733,0.15180526673793793,0.001286266737937941,0.07661668268387072
1789260248.405323,1.2639652490615845,-0.6753201484680176,-1.834686040878296,-2.2859439849853516,-0.8946930766105652,2.258700370788574,1.2280192375183105,0.4303639233112335,-0.27958229184150696,0.15177661180496216,0.001257611804962172,0.07912937001338383
1789260248.438974,1.269061803817749,-0.6777304410934448,-1.8364412784576416,-2.282695770263672,-0.8958948850631714,2.2565436363220215,1.2443902492523193,0.4316575229167938,-0.27910366654396057,0.1516612023115158,0.001142202311515822,0.08846932694105811
1789260248.4726079,1.2715445756912231,-0.6785882711410522,-1.8368728160858154,-2.281771421432495,-0.8961248993873596,2.2560372352600098,1.2523781061172485,0.43236643075942993,-0.2784571349620819,0.15163381397724152,0.00111481397724153,0.10087055545943382
1789260248.5062156,1.2731950283050537,-0.6792070269584656,-1.836920976638794,-2.2810075283050537,-0.8962270021438599,2.255800724029541,1.2574487924575806,0.4329732358455658,-0.27800655364990234,0.15173527598381042,0.0012162759838104387,0.11014342980975618
1789260248.5398118,1.2750611305236816,-0.6797487139701843,-1.8372093439102173,-2.280102491378784,-0.8963057994842529,2.2553956508636475,1.2626278400421143,0.4335549473762512,-0.2776099443435669,0.1517987996339798,0.0012797996339798112,0.11364091540157657
1789260248.5734534,1.2762622833251953,-0.6781935691833496,-1.8363864421844482,-2.2814786434173584,-0.8957363963127136,2.256155490875244,1.2647433280944824,0.433904767036438,-0.27642327547073364,0.15193578600883484,0.0014167860088348527,0.08622923312351063
1789260248.607067,1.2768737077713013,-0.6732374429702759,-1.8327356576919556,-2.287537097930908,-0.8918666243553162,2.26021409034729,1.2637526988983154,0.43437689542770386,-0.27274075150489807,0.1523294746875763,0.0018104746875763078,0.12666881248565126
1789260248.6406696,1.277815818786621,-0.6675781011581421,-1.82838773727417,-2.2931737899780273,-0.8878474235534668,2.264667510986328,1.2626663446426392,0.43526962399482727,-0.26899057626724243,0.15315960347652435,0.002640603476524367,0.17245851507387558
1789260248.6742938,1.2784825563430786,-0.6620498895645142,-1.8243443965911865,-2.2988667488098145,-0.8839879035949707,2.2687840461730957,1.2615755796432495,0.43587422370910645,-0.265425443649292,0.1537981480360031,0.0032791480360031267,0.21760588102725667
1789260248.7078974,1.2793161869049072,-0.652903139591217,-1.8182494640350342,-2.308854341506958,-0.8768829107284546,2.2759788036346436,1.26006019115448,0.43646568059921265,-0.25950562953948975,0.1544681340456009,0.003949134045600905,0.2940859630902249
1789260248.741612,1.2810474634170532,-0.641049325466156,-1.8098238706588745,-2.3219876289367676,-0.8684665560722351,2.2841849327087402,1.2583543062210083,0.4371202886104584,-0.2514159679412842,0.15520316362380981,0.004684163623809828,0.316517857373121
1789260248.7752333,1.2822908163070679,-0.6295816898345947,-1.8023236989974976,-2.3341236114501953,-0.8603577613830566,2.292186975479126,1.2566982507705688,0.43743884563446045,-0.24426084756851196,0.1557566225528717,0.005237622552871718,0.3238513094526778
1789260248.8088746,1.2835755348205566,-0.6176025867462158,-1.7941465377807617,-2.3470301628112793,-0.8516579270362854,2.301163673400879,1.2549588680267334,0.43776145577430725,-0.23658256232738495,0.15627382695674896,0.005754826956748976,0.35718004326838104
1789260248.8425002,1.28523588180542,-0.6032138466835022,-1.7842684984207153,-2.362067937850952,-0.8411548137664795,2.3120169639587402,1.2528443336486816,0.43810319900512695,-0.2275257259607315,0.15686030685901642,0.006341306859016432,0.3986039287160313
1789260248.876073,1.2874199151992798,-0.5898099541664124,-1.7744784355163574,-2.3766610622406006,-0.8313349485397339,2.3222897052764893,1.250839114189148,0.43835127353668213,-0.21841803193092346,0.1572086662054062,0.006689666205406203,0.42612564684258253
1789260248.9096656,1.2895995378494263,-0.5760937929153442,-1.7642370462417603,-2.3914780616760254,-0.8210726380348206,2.3329789638519287,1.2487685680389404,0.4384647607803345,-0.20913241803646088,0.15747590363025665,0.006956903630256667,0.4545647792463869
1789260248.9432886,1.2916224002838135,-0.5624681115150452,-1.754310965538025,-2.4060189723968506,-0.8110079169273376,2.3439857959747314,1.2467395067214966,0.43836554884910583,-0.2001970112323761,0.1575688272714615,0.007049827271461501,0.482949919286626
1789260248.9768977,1.2939784526824951,-0.5487860441207886,-1.7438570261001587,-2.420703887939453,-0.8007580041885376,2.3551807403564453,1.244674563407898,0.43820178508758545,-0.19094130396842957,0.15757593512535095,0.007056935125350966,0.5105240825534527
1789260249.010491,1.2961469888687134,-0.5348718762397766,-1.7335007190704346,-2.434884786605835,-0.7906284928321838,2.366384744644165,1.242619514465332,0.4378829300403595,-0.1821257621049881,0.15753281116485596,0.007013811164855971,0.5252593133241744
1789260249.0440812,1.2983808517456055,-0.5218395590782166,-1.7235922813415527,-2.449253559112549,-0.7807003855705261,2.377354145050049,1.2406266927719116,0.4371543526649475,-0.17333489656448364,0.15706656873226166,0.006547568732261672,0.5173771076948988
1789260249.077705,1.3007171154022217,-0.5083670616149902,-1.7133612632751465,-2.4629783630371094,-0.7710979580879211,2.3880021572113037,1.238683819770813,0.43642547726631165,-0.1648288518190384,0.1566915065050125,0.006172506505012526,0.48818860966309763
1789260249.1112838,1.302480697631836,-0.49661847949028015,-1.704952597618103,-2.475506067276001,-0.7624101638793945,2.3972415924072266,1.236954927444458,0.43522214889526367,-0.15757805109024048,0.15592490136623383,0.0054059013662338395,0.41401462461224514
1789260249.1449244,1.3035359382629395,-0.49100208282470703,-1.7006347179412842,-2.481552839279175,-0.7577322125434875,2.4021522998809814,1.2359791994094849,0.43475472927093506,-0.15386483073234558,0.1556035727262497,0.005084572726249709,0.40926112153302896
1789260249.3685083,1.3034770488739014,-0.4895220696926117,-1.7000576257705688,-2.4826135635375977,-0.7569222450256348,2.402890920639038,1.2358392477035522,0.4345436096191406,-0.15347741544246674,0.15551044046878815,0.004991440468788161,0.3810354981072366
1789260249.422398,1.3034918308258057,-0.4895223081111908,-1.699958086013794,-2.4825096130371094,-0.7569206357002258,2.4029150009155273,1.235840916633606,0.4346112608909607,-0.15346980094909668,0.15556681156158447,0.0050478115615844865,0.38866207707076406
1789260249.4614995,1.3034722805023193,-0.4895268380641937,-1.7000600099563599,-2.482553720474243,-0.7569186091423035,2.402902603149414,1.2358425855636597,0.434567391872406,-0.15349946916103363,0.15552961826324463,0.005010618263244643,0.3841043013843332
1789260249.5014162,1.3034967184066772,-0.489504337310791,-1.6999636888504028,-2.4825050830841064,-0.7569198608398438,2.4029126167297363,1.2358336448669434,0.43461117148399353,-0.15347439050674438,0.15556742250919342,0.005048422509193434,0.3881583003657882
1789260249.546419,1.3034993410110474,-0.48953038454055786,-1.7000247240066528,-2.4825682640075684,-0.7569242119789124,2.402904510498047,1.2358392477035522,0.43457430601119995,-0.15346965193748474,0.15553274750709534,0.005013747507095351,0.38512180183095585
1789260249.5915363,1.3034629821777344,-0.48952072858810425,-1.700015902519226,-2.4824886322021484,-0.7569190263748169,2.4029133319854736,1.2358371019363403,0.4346018135547638,-0.15351073443889618,0.15556082129478455,0.00504182129478456,0.3881583003657882
1789260249.6365185,1.3035163879394531,-0.4895302653312683,-1.6999883651733398,-2.482518434524536,-0.7569206357002258,2.402909278869629,1.2358371019363403,0.4346044063568115,-0.1534658819437027,0.15555669367313385,0.005037693673133864,0.38765386898692206
1789260249.6815004,1.3034826517105103,-0.4895299971103668,-1.7000104188919067,-2.4825220108032227,-0.7569193840026855,2.4029080867767334,1.2358380556106567,0.4345928430557251,-0.15348730981349945,0.1555507481098175,0.005031748109817519,0.3871487803751646
1789260249.7178414,1.3035061359405518,-0.4895341694355011,-1.6999969482421875,-2.4825375080108643,-0.7569200396537781,2.4029109477996826,1.235845923423767,0.43459439277648926,-0.15346607565879822,0.15554888546466827,0.005029885464668288,0.3871487803751646
1789260249.7515244,1.3034765720367432,-0.48951783776283264,-1.7000178098678589,-2.482522964477539,-0.7569183111190796,2.402909755706787,1.2358678579330444,0.4345897436141968,-0.1534942239522934,0.15554936230182648,0.005030362301826491,0.38613662113324465
1789260249.7852166,1.3035237789154053,-0.4895194470882416,-1.7000019550323486,-2.482550621032715,-0.7569199204444885,2.402900457382202,1.2358789443969727,0.4345881938934326,-0.1534586250782013,0.15554320812225342,0.005024208122253432,0.38512180183095585
1789260249.8188488,1.3035058975219727,-0.4895126521587372,-1.700006127357483,-2.4825375080108643,-0.7569167613983154,2.402897357940674,1.235878825187683,0.4345884323120117,-0.15347346663475037,0.15554635226726532,0.005027352267265334,0.38461338807931095
1789260249.8524916,1.3035176992416382,-0.48950308561325073,-1.699995517730713,-2.4825475215911865,-0.7569231390953064,2.402898073196411,1.235882043838501,0.43458858132362366,-0.15346315503120422,0.1555459201335907,0.005026920133590712,0.38512180183095585
1789260249.8861008,1.303512692451477,-0.4895039498806,-1.7000128030776978,-2.482546329498291,-0.7569218873977661,2.40289568901062,1.2358895540237427,0.4345840811729431,-0.15347185730934143,0.1555423140525818,0.005023314052581801,0.38461338807931095
1789260249.9197016,1.3034985065460205,-0.48950809240341187,-1.700002908706665,-2.482534408569336,-0.7569231390953064,2.402894973754883,1.235882043838501,0.43458858132362366,-0.15347795188426971,0.15554799139499664,0.005028991394996657,0.38512180183095585
1789260249.953349,1.3035091161727905,-0.48950162529945374,-1.7000041007995605,-2.482550859451294,-0.7569195032119751,2.402890682220459,1.2358887195587158,0.43458253145217896,-0.15346911549568176,0.15554238855838776,0.00502338855838777,0.3841043013843332
1789260249.9870222,1.3035072088241577,-0.4895015358924866,-1.700000524520874,-2.48254132270813,-0.7569231390953064,2.4028937816619873,1.2358866930007935,0.434587299823761,-0.15347209572792053,0.15554644167423248,0.005027441674232497,0.38461338807931095
1789260250.0205724,1.3034952878952026,-0.48946017026901245,-1.7000377178192139,-2.482576370239258,-0.7569204568862915,2.4028947353363037,1.235941767692566,0.4345625042915344,-0.15348543226718903,0.15552884340286255,0.005009843402862563,0.3810354981072366
1789260250.0541801,1.2998284101486206,-0.48723331093788147,-1.702999472618103,-2.485105037689209,-0.7569490671157837,2.4055538177490234,1.237559199333191,0.43284836411476135,-0.15554645657539368,0.15440835058689117,0.003889350586891188,0.29936148012723174
1789260250.0877745,1.2941139936447144,-0.4841579794883728,-1.7104249000549316,-2.4881160259246826,-0.7569564580917358,2.4082465171813965,1.2393988370895386,0.4295928478240967,-0.1600513607263565,0.15222632884979248,0.0017073288497924943,0.08846932694105811
1789260250.1214774,1.2863736152648926,-0.48093292117118835,-1.7169016599655151,-2.488842487335205,-0.7539772391319275,2.4109487533569336,1.241824984550476,0.42696502804756165,-0.16566136479377747,0.1509878933429718,0.0004688933429718156,0.10279207254188717
1789260250.1550777,1.2733558416366577,-0.47536876797676086,-1.7234238386154175,-2.486546039581299,-0.7460957765579224,2.4136576652526855,1.2467501163482666,0.4242680072784424,-0.17463898658752441,0.15080077946186066,0.0002817794618606706,0.13847642022149
1789260250.188683,1.2588814496994019,-0.46994584798812866,-1.7306053638458252,-2.483743667602539,-0.7377573251724243,2.416480302810669,1.2518483400344849,0.4211772382259369,-0.18456324934959412,0.1506740003824234,0.00015500038242341474,0.17582936122100767
1789260250.2222874,1.2448697090148926,-0.46472814679145813,-1.738319754600525,-2.4818456172943115,-0.729533851146698,2.418933153152466,1.256938099861145,0.4174458980560303,-0.19408805668354034,0.15014837682247162,-0.0003706231775283675,0.27553639103081884
1789260250.2559175,1.230098843574524,-0.45868417620658875,-1.7454938888549805,-2.4796864986419678,-0.7208075523376465,2.4218719005584717,1.2623660564422607,0.4136362671852112,-0.20388980209827423,0.14993876218795776,-0.0005802378120422225,0.3189810748477827
1789260250.2895126,1.2157422304153442,-0.45296818017959595,-1.7528923749923706,-2.476895570755005,-0.7122421860694885,2.4248697757720947,1.2677605152130127,0.4098859131336212,-0.213747039437294,0.1499120146036148,-0.000606985396385179,0.32924422366624956
1789260250.323156,1.2007113695144653,-0.4472581148147583,-1.760692834854126,-2.474666118621826,-0.7034921050071716,2.4276208877563477,1.2731660604476929,0.40542083978652954,-0.2237338125705719,0.14964698255062103,-0.0008720174493789534,0.38308409842940866
1789260250.356739,1.1861251592636108,-0.4414580762386322,-1.7681654691696167,-2.4720780849456787,-0.6948765516281128,2.4306130409240723,1.2785751819610596,0.4010826349258423,-0.23353469371795654,0.14963027834892273,-0.0008887216510772566,0.3881583003657882
1789260250.3903112,1.1717596054077148,-0.43599992990493774,-1.7755930423736572,-2.4697365760803223,-0.6864963173866272,2.4333724975585938,1.283761739730835,0.3964879810810089,-0.2430294007062912,0.14954227209091187,-0.000976727909088121,0.4078242668255403
1789260250.4239018,1.157195806503296,-0.4299642741680145,-1.782945990562439,-2.467294454574585,-0.6777447462081909,2.4363551139831543,1.2891675233840942,0.3916918933391571,-0.2526269555091858,0.14960312843322754,-0.0009158715667724471,0.39811273255479274
1789260250.4575038,1.141839623451233,-0.4242710471153259,-1.7909433841705322,-2.4648187160491943,-0.6688677668571472,2.4392642974853516,1.294754147529602,0.3862949311733246,-0.2626132369041443,0.14956457912921906,-0.000954420870780931,0.4073441889832797
1789260250.4912019,1.127611517906189,-0.4185291826725006,-1.7983083724975586,-2.4624228477478027,-0.6604211330413818,2.442004680633545,1.2999769449234009,0.38109874725341797,-0.27187833189964294,0.149653360247612,-0.0008656397523879866,0.3946572422757224
1789260250.5247824,1.1130294799804688,-0.4128359258174896,-1.8056365251541138,-2.45987606048584,-0.6518274545669556,2.4449825286865234,1.305344820022583,0.37570440769195557,-0.2812395989894867,0.14985787868499756,-0.0006611213150024275,0.3588197513886266
1789260250.5583758,1.0982294082641602,-0.407035231590271,-1.8133907318115234,-2.4574694633483887,-0.6431135535240173,2.4477126598358154,1.3107483386993408,0.3697943389415741,-0.2906663119792938,0.14997024834156036,-0.0005487516584396224,0.34149665741854734
1789260250.5919774,1.0835274457931519,-0.40131720900535583,-1.8208619356155396,-2.454998731613159,-0.6345000863075256,2.4506900310516357,1.3161934614181519,0.36386051774024963,-0.2999045252799988,0.15021491050720215,-0.0003040894927978377,0.29739412811819066
1789260250.6256175,1.0687007904052734,-0.39556559920310974,-1.8285373449325562,-2.452604055404663,-0.6257337927818298,2.4535164833068848,1.3215134143829346,0.3575509786605835,-0.3091033101081848,0.15043310821056366,-8.589178943632647e-05,0.26019629427255464
1789260250.6592205,1.0575296878814697,-0.39133909344673157,-1.833929181098938,-2.4508161544799805,-0.6194143891334534,2.455615282058716,1.325425624847412,0.3527846932411194,-0.31583940982818604,0.15067794919013977,0.00015894919013978437,0.21760588102725667
1789260250.692819,1.046233892440796,-0.3867177963256836,-1.839808702468872,-2.4490058422088623,-0.6128462553024292,2.457702398300171,1.3295456171035767,0.3476565480232239,-0.322753369808197,0.15091003477573395,0.0003910347757339616,0.17693870661400976
1789260250.726418,1.0373845100402832,-0.38310012221336365,-1.8450132608413696,-2.4472551345825195,-0.6073054671287537,2.459508180618286,1.3332884311676025,0.3434537649154663,-0.3284261226654053,0.15113411843776703,0.0006151184377670427,0.1341703946898555
1789260250.7599623,1.0330233573913574,-0.3817923069000244,-1.847187876701355,-2.4464988708496094,-0.6048890948295593,2.4605133533477783,1.3344405889511108,0.3415291905403137,-0.3310004472732544,0.15124177932739258,0.000722779327392592,0.11014342980975618
1789260250.7935193,1.029665231704712,-0.3800205588340759,-1.8482801914215088,-2.446690559387207,-0.6027657985687256,2.4611499309539795,1.3355863094329834,0.3399776816368103,-0.332560271024704,0.15123991668224335,0.000720916682243361,0.11534989781745353
1789260250.8271248,1.0255107879638672,-0.3785278797149658,-1.8485347032546997,-2.446378469467163,-0.6008528470993042,2.4620490074157715,1.3364773988723755,0.3386497497558594,-0.33436307311058044,0.15154413878917694,0.0010251387891769548,0.06852804325551864
1789260250.860722,1.020290732383728,-0.37704697251319885,-1.8444932699203491,-2.4491052627563477,-0.5995923280715942,2.4633870124816895,1.334963321685791,0.33792197704315186,-0.33403074741363525,0.15159909427165985,0.001080094271659865,0.06561060592844098
1789260250.8943176,1.0157843828201294,-0.37548503279685974,-1.8392361402511597,-2.4522740840911865,-0.5984794497489929,2.4647092819213867,1.3332712650299072,0.3377606272697449,-0.3329394459724426,0.15171298384666443,0.0011939838466644426,0.0625572578997782
1789260250.9279664,1.0093735456466675,-0.37344443798065186,-1.8330014944076538,-2.4555466175079346,-0.5969640016555786,2.4663705825805664,1.3312692642211914,0.33732369542121887,-0.3322461247444153,0.15202726423740387,0.0015082642374038835,0.059347025446578223
1789260250.9616046,0.9971902966499329,-0.369464635848999,-1.8234721422195435,-2.4620273113250732,-0.5937692523002625,2.469327926635742,1.327579140663147,0.3355318307876587,-0.33143553137779236,0.15210597217082977,0.0015869721708297868,0.07661668268387072
1789260250.9952261,0.9853934645652771,-0.36580801010131836,-1.8131158351898193,-2.46807599067688,-0.5907440185546875,2.4724857807159424,1.3240563869476318,0.3343215882778168,-0.33042770624160767,0.15241435170173645,0.001895351701736464,0.11534989781745353
1789260251.02882,0.9728015065193176,-0.36179155111312866,-1.8015474081039429,-2.4750702381134033,-0.5874179601669312,2.475576877593994,1.3202428817749023,0.33300936222076416,-0.32895538210868835,0.15258796513080597,0.002068965130805983,0.13847642022149
1789260251.0625145,0.957534909248352,-0.35679978132247925,-1.788197636604309,-2.4829413890838623,-0.583514392375946,2.479576587677002,1.3155709505081177,0.33132436871528625,-0.3276651203632355,0.15286101400852203,0.0023420140085220476,0.17245851507387558
1789260251.0961437,0.943193793296814,-0.3521367609500885,-1.7759207487106323,-2.4906373023986816,-0.5798569321632385,2.4830470085144043,1.3111891746520996,0.32949885725975037,-0.3263569176197052,0.15288354456424713,0.002364544564247145,0.1747129721695325
1789260251.1297317,0.9286958575248718,-0.34761843085289,-1.7628445625305176,-2.498648166656494,-0.5761220455169678,2.486842393875122,1.3066245317459106,0.3278893232345581,-0.32473352551460266,0.15288424491882324,0.002365244918823256,0.19077407530073984
1789260251.1633685,0.9138509035110474,-0.3426510691642761,-1.7500882148742676,-2.506279468536377,-0.5722795724868774,2.4906349182128906,1.3021132946014404,0.32607030868530273,-0.32353031635284424,0.15292704105377197,0.0024080410537719865,0.19077407530073984
1789260251.1970663,0.8993160724639893,-0.3380323648452759,-1.7368738651275635,-2.514164924621582,-0.5684715509414673,2.494405508041382,1.2975572347640991,0.32445985078811646,-0.32193127274513245,0.15286779403686523,0.0023487940368652482,0.19382665722055112
1789260251.2306569,0.884238064289093,-0.3333306908607483,-1.7243355512619019,-2.522327184677124,-0.5646275877952576,2.4980034828186035,1.2930337190628052,0.32230344414711,-0.32055479288101196,0.15254035592079163,0.00202135592079164,0.15949038294479406
1789260251.2642097,0.8704380989074707,-0.3287299871444702,-1.7116137742996216,-2.529637098312378,-0.5609990358352661,2.501695394515991,1.288690209388733,0.3208242356777191,-0.3190922141075134,0.15246915817260742,0.0019501581726074357,0.1532333996180995
1789260251.2978194,0.8554480671882629,-0.3239496350288391,-1.6986119747161865,-2.537471055984497,-0.5571568608283997,2.505464792251587,1.2841625213623047,0.31890830397605896,-0.3177160918712616,0.1522141844034195,0.0016951844034195085,0.12354070345060089
1789260251.3314128,0.8419087529182434,-0.3194775879383087,-1.686610221862793,-2.545057535171509,-0.55356365442276,2.5090138912200928,1.2799484729766846,0.31713104248046875,-0.3161965608596802,0.15181100368499756,0.0012920036849975725,0.07912937001338383
1789260251.365076,0.8307682275772095,-0.31587153673171997,-1.6759392023086548,-2.550241470336914,-0.5491127371788025,2.5116939544677734,1.2766568660736084,0.31617215275764465,-0.3150995969772339,0.1518801748752594,0.0013611748752594133,0.09891171693842998
1789260251.3986707,0.8199632167816162,-0.3117928206920624,-1.6645255088806152,-2.555173873901367,-0.5445408821105957,2.514646530151367,1.2733185291290283,0.31561216711997986,-0.31388983130455017,0.1521264612674713,0.0016074612674713273,0.12194656246489412
1789260251.432305,0.8085235953330994,-0.3079298436641693,-1.6529234647750854,-2.560255527496338,-0.5396279096603394,2.517303466796875,1.2699540853500366,0.3148355484008789,-0.3126934766769409,0.1522730141878128,0.001754014187812819,0.13847642022149
1789260251.465918,0.7954927682876587,-0.30286118388175964,-1.6379224061965942,-2.566277027130127,-0.5328798890113831,2.5205438137054443,1.2659788131713867,0.314446359872818,-0.3108070492744446,0.15256233513355255,0.002043335133552565,0.16192549306284887
1789260251.4995275,0.7821242809295654,-0.29805174469947815,-1.6232719421386719,-2.571746826171875,-0.5259712338447571,2.5239052772521973,1.2620970010757446,0.31399717926979065,-0.30932775139808655,0.1529277265071869,0.0024087265071869035,0.21397885808123562
1789260251.5331144,0.7690896987915039,-0.2931451201438904,-1.6085249185562134,-2.577547788619995,-0.5192444324493408,2.5270631313323975,1.2581877708435059,0.31351086497306824,-0.3075742721557617,0.1531040072441101,0.0025850072441101213,0.2272819425665676
1789260251.5667708,0.7554904222488403,-0.28827008605003357,-1.594062089920044,-2.582972288131714,-0.512390673160553,2.530463695526123,1.2542444467544556,0.312872976064682,-0.30624473094940186,0.15332192182540894,0.0028029218254089494,0.2594431906973403
1789260251.6004953,0.7429208159446716,-0.2834978997707367,-1.5795472860336304,-2.588549852371216,-0.5057838559150696,2.5336191654205322,1.2504217624664307,0.31245702505111694,-0.3044879734516144,0.15340539813041687,0.002886398130416884,0.2676107911134112
1789260251.6341465,0.7293483018875122,-0.27858349680900574,-1.5649911165237427,-2.594313144683838,-0.49898195266723633,2.5368473529815674,1.2464966773986816,0.3116660416126251,-0.30296561121940613,0.15336450934410095,0.002845509344100966,0.2594431906973403
1789260251.667787,0.7159445881843567,-0.2735211253166199,-1.5495833158493042,-2.6002402305603027,-0.4919988512992859,2.540200710296631,1.242478609085083,0.31113097071647644,-0.30111411213874817,0.1533028930425644,0.002783893042564406,0.24944602483378192
1789260251.7013938,0.7029719948768616,-0.26879262924194336,-1.5355290174484253,-2.6056034564971924,-0.48532184958457947,2.5434021949768066,1.2386655807495117,0.3104144334793091,-0.29968637228012085,0.15320271253585815,0.002683712535858168,0.23984831222536715
1789260251.7349968,0.6898205280303955,-0.26389676332473755,-1.5206433534622192,-2.6112186908721924,-0.47860294580459595,2.5468266010284424,1.2347698211669922,0.30983030796051025,-0.29802200198173523,0.15305708348751068,0.002538083487510695,0.228141235772435
1789260251.768574,0.6765121817588806,-0.2590271830558777,-1.5061508417129517,-2.616960048675537,-0.47184330224990845,2.549968719482422,1.2308164834976196,0.3089558780193329,-0.2964244782924652,0.15273214876651764,0.002213148766517653,0.18238424868700404
1789260251.8021996,0.6637243628501892,-0.254253625869751,-1.4915971755981445,-2.6224873065948486,-0.46518272161483765,2.553262948989868,1.2270175218582153,0.3083192706108093,-0.29474636912345886,0.15243841707706451,0.001919417077064528,0.1532333996180995
1789260251.8357813,0.650810718536377,-0.24947963654994965,-1.4775636196136475,-2.628002405166626,-0.45865294337272644,2.5564191341400146,1.2232136726379395,0.3074232339859009,-0.29324018955230713,0.15201693773269653,0.001497937732696547,0.10279207254188717
1789260251.8694627,0.6414729952812195,-0.24605721235275269,-1.466476321220398,-2.631080150604248,-0.45300033688545227,2.5583746433258057,1.2205215692520142,0.3072581887245178,-0.2922210395336151,0.15205013751983643,0.0015311375198364396,0.09891171693842998
1789260251.9030623,0.6313562393188477,-0.24244582653045654,-1.454988956451416,-2.634181499481201,-0.4469773471355438,2.560527801513672,1.2176491022109985,0.30698317289352417,-0.2913472354412079,0.1520831137895584,0.0015641137895584245,0.10653118153060223
1789260251.9366393,0.6213363409042358,-0.23877060413360596,-1.443232536315918,-2.6374073028564453,-0.44087502360343933,2.562499761581421,1.2148903608322144,0.306724488735199,-0.2903050184249878,0.15204060077667236,0.0015216007766723771,0.08846932694105811
1789260251.9702208,0.6101257801055908,-0.23459412157535553,-1.42885422706604,-2.640113353729248,-0.43307849764823914,2.5644073486328125,1.211754560470581,0.30699509382247925,-0.2891347110271454,0.1523381471633911,0.0018191471633911271,0.10653118153060223
1789260252.0037663,0.5980110168457031,-0.23044344782829285,-1.4141353368759155,-2.6425278186798096,-0.4247751832008362,2.5665295124053955,1.2085407972335815,0.3072226941585541,-0.2882639169692993,0.15273351967334747,0.002214519673347487,0.1506578634376723
1789260252.037267,0.5863835215568542,-0.2261430025100708,-1.3995059728622437,-2.6452438831329346,-0.41679444909095764,2.5685172080993652,1.2054036855697632,0.3074014186859131,-0.2871478497982025,0.15293605625629425,0.0024170562562942643,0.16192549306284887
1789260252.0708659,0.5742210149765015,-0.22180500626564026,-1.3849666118621826,-2.647940158843994,-0.40847349166870117,2.570495367050171,1.2021915912628174,0.30738091468811035,-0.2862110733985901,0.15307575464248657,0.002556754642486586,0.16432452156180907
1789260252.104549,0.562517523765564,-0.21762767434120178,-1.3700363636016846,-2.650599956512451,-0.4003976285457611,2.5725533962249756,1.1989572048187256,0.307632178068161,-0.2850366234779358,0.15323008596897125,0.0027110859689712663,0.17804114001225932
1789260252.1381478,0.5504665374755859,-0.21329006552696228,-1.3555923700332642,-2.6531550884246826,-0.3921755850315094,2.574537515640259,1.195769190788269,0.30761146545410156,-0.2841375768184662,0.15329794585704803,0.0027789458570480485,0.17582936122100767
1789260252.1717257,0.5386080741882324,-0.2090478241443634,-1.3407047986984253,-2.655750274658203,-0.38396939635276794,2.576611280441284,1.192500352859497,0.30777454376220703,-0.2830359935760498,0.15335290133953094,0.0028339013395309587,0.17913678902801208
1789260252.2052972,0.5271670818328857,-0.20488128066062927,-1.3264760971069336,-2.6583588123321533,-0.3761173486709595,2.5785415172576904,1.189376950263977,0.3078129291534424,-0.2819617986679077,0.15329062938690186,0.0027716293869018693,0.16432452156180907
1789260252.2389314,0.5150730609893799,-0.20062527060508728,-1.3116320371627808,-2.6610357761383057,-0.3677261173725128,2.580578565597534,1.1861382722854614,0.30782076716423035,-0.28088778257369995,0.15319935977458954,0.0026803597745895524,0.1532333996180995
1789260252.2725427,0.5030138492584229,-0.19616271555423737,-1.2964353561401367,-2.6638193130493164,-0.3594408929347992,2.5826809406280518,1.182857632637024,0.30786311626434326,-0.27968519926071167,0.1530212014913559,0.00250220149135591,0.12511453444308365
1789260252.3061187,0.4913122057914734,-0.19207827746868134,-1.2823209762573242,-2.666386604309082,-0.35143378376960754,2.5846292972564697,1.1797471046447754,0.3077596127986908,-0.27870699763298035,0.15281756222248077,0.002298562222480788,0.09891171693842998
1789260252.3397272,0.4795648455619812,-0.18778057396411896,-1.2674036026000977,-2.6689467430114746,-0.34333211183547974,2.586764097213745,1.1765106916427612,0.3078584372997284,-0.2775536775588989,0.15261074900627136,0.002091749006271376,0.07661668268387072
1789260252.3733642,0.46829840540885925,-0.18379883468151093,-1.2538126707077026,-2.6714439392089844,-0.33573901653289795,2.5886075496673584,1.1735436916351318,0.3076942563056946,-0.27659299969673157,0.15229932963848114,0.001780329638481154,0.044234660174789026
1789260252.4070046,0.4573485851287842,-0.17985044419765472,-1.2397642135620117,-2.674050807952881,-0.32811439037323,2.5905301570892334,1.1705719232559204,0.30771419405937195,-0.27536463737487793,0.15194816887378693,0.0014291688737869401,0.027976455118293345
1789260252.4405088,0.4467017352581024,-0.1759408712387085,-1.2270619869232178,-2.676438570022583,-0.3208565413951874,2.592442512512207,1.1676491498947144,0.3074811100959778,-0.2744993567466736,0.15154150128364563,0.0010225012836456437,0.06852804325551864
1789260252.4741025,0.4368025064468384,-0.1724684089422226,-1.2149003744125366,-2.6767282485961914,-0.3136433959007263,2.5932531356811523,1.1650538444519043,0.30782267451286316,-0.2742238938808441,0.15175476670265198,0.0012357667026519914,0.048456642643301504
1789260252.5076528,0.42629703879356384,-0.16887295246124268,-1.201287865638733,-2.67671275138855,-0.305929571390152,2.594391345977783,1.1623047590255737,0.30854690074920654,-0.2738690674304962,0.15213941037654877,0.001620410376548781,0.0
1789260252.5412438,0.4161333739757538,-0.1651708036661148,-1.1883785724639893,-2.6769001483917236,-0.29866823554039,2.595235824584961,1.1596812009811401,0.3090127408504486,-0.2735011875629425,0.1523270308971405,0.0018080308971405168,0.027976455118293345
1789260252.574827,0.4045180380344391,-0.16108396649360657,-1.1736631393432617,-2.6769158840179443,-0.29003527760505676,2.596285820007324,1.1566420793533325,0.30963361263275146,-0.27313894033432007,0.15259423851966858,0.002075238519668593,0.059347025446578223
1789260252.608384,0.3929150700569153,-0.1570010632276535,-1.1590075492858887,-2.676938056945801,-0.28165364265441895,2.5973141193389893,1.1535660028457642,0.3102211654186249,-0.272773802280426,0.15280663967132568,0.0022876396713256975,0.08156468806857739
1789260252.6420567,0.3812691271305084,-0.15289956331253052,-1.1442705392837524,-2.6770265102386475,-0.27314522862434387,2.598320245742798,1.1505260467529297,0.31078264117240906,-0.27235111594200134,0.152947798371315,0.0024287983713150163,0.09691329395132914
1789260252.6756492,0.36963310837745667,-0.1487969011068344,-1.1294138431549072,-2.677023410797119,-0.26468363404273987,2.599400758743286,1.1474618911743164,0.31141260266304016,-0.2719174325466156,0.1530858725309372,0.0025668725309372087,0.12033130429241841
1789260252.7092252,0.35833051800727844,-0.1448422372341156,-1.115179181098938,-2.6771018505096436,-0.25646302103996277,2.6003777980804443,1.1445268392562866,0.31192484498023987,-0.2714940905570984,0.15313506126403809,0.0026160612640381,0.1282042487280194
1789260252.7428153,0.3465534448623657,-0.1405588686466217,-1.0999581813812256,-2.6771469116210938,-0.24770596623420715,2.601459264755249,1.1413971185684204,0.3125554025173187,-0.2709495425224304,0.15314458310604095,0.0026255831060409685,0.13270400689029618
1789260252.7764337,0.3351750373840332,-0.13668525218963623,-1.0857834815979004,-2.6771862506866455,-0.23951677978038788,2.6024529933929443,1.1384316682815552,0.3130399286746979,-0.2705453038215637,0.15313147008419037,0.0026124700841903825,0.13122123336572936
1789260252.8100557,0.3236377537250519,-0.1325075328350067,-1.0710173845291138,-2.677196741104126,-0.231016144156456,2.60349178314209,1.1354107856750488,0.3136063814163208,-0.27002888917922974,0.15305344760417938,0.002534447604179396,0.1341703946898555
1789260252.8436153,0.31181836128234863,-0.12841106951236725,-1.0562925338745117,-2.6772940158843994,-0.2226063460111618,2.604501962661743,1.1323322057724,0.314052551984787,-0.2695578336715698,0.152910977602005,0.0023919776020050187,0.12354070345060089
1789260252.877222,0.3003438413143158,-0.1243968978524208,-1.0416685342788696,-2.6773133277893066,-0.21410727500915527,2.6055381298065186,1.1293389797210693,0.3146009147167206,-0.26901495456695557,0.15276584029197693,0.0022468402919769426,0.11364091540157657
1789260252.9107969,0.2886805534362793,-0.12021270394325256,-1.0268961191177368,-2.677318572998047,-0.20562687516212463,2.6066009998321533,1.126295804977417,0.3151090145111084,-0.2684883177280426,0.15255121886730194,0.0020322188673019548,0.10279207254188717
1789260252.9444587,0.2771030068397522,-0.11611934751272202,-1.012194275856018,-2.677443742752075,-0.19719326496124268,2.6076231002807617,1.123277187347412,0.3155764043331146,-0.2678862512111664,0.15226300060749054,0.0017440006074905534,0.08846932694105811
1789260252.9780273,0.2668556571006775,-0.11249730736017227,-0.9988383650779724,-2.677396297454834,-0.18967527151107788,2.6084952354431152,1.1205707788467407,0.3161252439022064,-0.26728975772857666,0.15203624963760376,0.0015172496376037736,0.07912937001338383
1789260253.011618,0.2563892602920532,-0.1089295893907547,-0.9860364198684692,-2.6773903369903564,-0.18232621252536774,2.609293222427368,1.1178489923477173,0.3164365887641907,-0.266890287399292,0.15174530446529388,0.0012263044652938981,0.08392937202498843
1789260253.045184,0.24665796756744385,-0.1053863912820816,-0.9735978841781616,-2.6770644187927246,-0.17519761621952057,2.6101574897766113,1.1152344942092896,0.31696486473083496,-0.26647838950157166,0.15153156220912933,0.0010125622091293474,0.09065408419654447
1789260253.0788524,0.2353549301624298,-0.10131863504648209,-0.960372805595398,-2.6747918128967285,-0.16791236400604248,2.6101672649383545,1.1121249198913574,0.31773504614830017,-0.26692599058151245,0.15178810060024261,0.0012691006002426286,0.10279207254188717
1789260253.112573,0.22377730906009674,-0.09729369729757309,-0.945670485496521,-2.672159194946289,-0.16047826409339905,2.610175609588623,1.1089047193527222,0.3189694583415985,-0.2671142816543579,0.15219148993492126,0.0016724899349212785,0.13270400689029618
1789260253.1462011,0.21270015835762024,-0.09320373833179474,-0.931941032409668,-2.6698570251464844,-0.15333276987075806,2.6100707054138184,1.105912208557129,0.3199211061000824,-0.26728755235671997,0.15238122642040253,0.0018622264204025407,0.1655109964311004
1789260253.1798034,0.20071978867053986,-0.08888795971870422,-0.9172312021255493,-2.6674225330352783,-0.14572690427303314,2.609936237335205,1.1026359796524048,0.32090669870376587,-0.2674650251865387,0.15254519879817963,0.0020261987981796403,0.19382665722055112
1789260253.213438,0.18874385952949524,-0.08459627628326416,-0.9022660255432129,-2.6648473739624023,-0.1378670632839203,2.6098523139953613,1.0993068218231201,0.3220314383506775,-0.26758044958114624,0.1527324765920639,0.0022134765920639177,0.21760588102725667
1789260253.2470407,0.17670433223247528,-0.08039505034685135,-0.8878831267356873,-2.6624066829681396,-0.1301480382680893,2.6097359657287598,1.0960816144943237,0.32294225692749023,-0.26781561970710754,0.15283457934856415,0.002315579348564162,0.2272819425665676
1789260253.2806978,0.16484074294567108,-0.07600558549165726,-0.8729172348976135,-2.6599018573760986,-0.1224912777543068,2.6096343994140625,1.0927587747573853,0.3240496516227722,-0.26781654357910156,0.15288127958774567,0.0023622795877456804,0.24308965745644515
1789260253.314341,0.15301623940467834,-0.07193752378225327,-0.8588306307792664,-2.657447099685669,-0.1148771196603775,2.6095077991485596,1.0896167755126953,0.32496538758277893,-0.26802003383636475,0.15293347835540771,0.0024144783554077287,0.24228338651132322
1789260253.3479986,0.14094164967536926,-0.06757213920354843,-0.8435365557670593,-2.654730796813965,-0.107083261013031,2.6094398498535156,1.0862524509429932,0.32619741559028625,-0.267998605966568,0.15298503637313843,0.0024660363731384416,0.2510099675688194
1789260253.3816426,0.1287870556116104,-0.06316358596086502,-0.8289674520492554,-2.652334213256836,-0.09930206090211868,2.609267473220825,1.082983374595642,0.32706987857818604,-0.2680816352367401,0.15284262597560883,0.0023236259756088395,0.23984831222536715
1789260253.4152577,0.11732655763626099,-0.05908011645078659,-0.8146107792854309,-2.649955987930298,-0.09177200496196747,2.6091606616973877,1.079814076423645,0.32813024520874023,-0.26797741651535034,0.15274858474731445,0.002229584747314467,0.22468434599379783
1789260253.4488618,0.10519496351480484,-0.05474536865949631,-0.7998560070991516,-2.647371292114258,-0.08402001112699509,2.609062910079956,1.0765105485916138,0.329156756401062,-0.26800838112831116,0.15262077748775482,0.0021017774877548356,0.20935673428581142
1789260253.482501,0.09335688501596451,-0.050513897091150284,-0.7852606177330017,-2.6449337005615234,-0.07634782791137695,2.6089303493499756,1.0732150077819824,0.3301764726638794,-0.26791220903396606,0.15242482721805573,0.001905827218055739,0.18238424868700404
1789260253.5161574,0.08138906955718994,-0.046217307448387146,-0.7704097628593445,-2.6423392295837402,-0.06860902905464172,2.608844757080078,1.0699551105499268,0.33128803968429565,-0.26780495047569275,0.15223172307014465,0.0017127230701446672,0.15701751249847418
1789260253.549748,0.06930713355541229,-0.04198518767952919,-0.7558329105377197,-2.639779567718506,-0.060896385461091995,2.6087260246276855,1.0666769742965698,0.33228957653045654,-0.26777955889701843,0.1519991159439087,0.0014801159439087053,0.12194656246489412
1789260253.5834033,0.059110142290592194,-0.038101308047771454,-0.7427965998649597,-2.6370856761932373,-0.05495785176753998,2.6083357334136963,1.0637189149856567,0.3334202170372009,-0.267650842666626,0.15184472501277924,0.0013257250127792497,0.12354070345060089
1789260253.6171176,0.04868878424167633,-0.034570373594760895,-0.730872631072998,-2.634413719177246,-0.04932978004217148,2.6078920364379883,1.0607527494430542,0.3342360854148865,-0.26792749762535095,0.1517484486103058,0.0012294486103058,0.11534989781745353
1789260253.6507046,0.03855152055621147,-0.030875764787197113,-0.718459963798523,-2.63124418258667,-0.04383130371570587,2.6075305938720703,1.0578227043151855,0.3354344367980957,-0.26810187101364136,0.1517605185508728,0.0012415185508728166,0.11364091540157657
1789260253.684282,0.02645622007548809,-0.026424789801239967,-0.7047322988510132,-2.6265008449554443,-0.03906840458512306,2.606370687484741,1.0540764331817627,0.33678415417671204,-0.2688966691493988,0.1519930213689804,0.0014740213689804216,0.16071255014426922
1789260253.717921,0.013715319335460663,-0.021792856976389885,-0.6896634697914124,-2.621633768081665,-0.03394477069377899,2.605175256729126,1.0501723289489746,0.33834388852119446,-0.2694542407989502,0.15217730402946472,0.0016583040294647355,0.201741189079591
1789260253.7515187,0.0011134757660329342,-0.017221512272953987,-0.6751354932785034,-2.6167690753936768,-0.02899331972002983,2.604063034057617,1.0463517904281616,0.3398239314556122,-0.2701222598552704,0.15234479308128357,0.0018257930812835832,0.23984831222536715
1789260253.785114,-0.010993637144565582,-0.012808439321815968,-0.6607863903045654,-2.6118710041046143,-0.0241670124232769,2.6029858589172363,1.0425715446472168,0.3414419889450073,-0.27066469192504883,0.15254220366477966,0.002023203664779677,0.2712420465110601
1789260253.818666,-0.02372226119041443,-0.008112043142318726,-0.645969033241272,-2.6070427894592285,-0.019066879525780678,2.6017942428588867,1.0386381149291992,0.3429345488548279,-0.2711804509162903,0.15257008373737335,0.002051083737373366,0.29141239305266703
1789260253.8522508,-0.036263357847929,-0.003663276322185993,-0.6313944458961487,-2.6020455360412598,-0.014014887623488903,2.6006851196289062,1.0347493886947632,0.3445433974266052,-0.2717438042163849,0.15271300077438354,0.0021940007743835588,0.30454562610362684
1789260253.8858516,-0.048907000571489334,0.001002420554868877,-0.6165724396705627,-2.5970945358276367,-0.009035740047693253,2.599513292312622,1.0308289527893066,0.346130907535553,-0.2721995413303375,0.15271949768066406,0.0022004976806640764,0.3134116129266708
1789260253.9194808,-0.06121278926730156,0.005542041268199682,-0.6023598909378052,-2.5925071239471436,-0.0041276500560343266,2.598345994949341,1.0270661115646362,0.3475324809551239,-0.27260684967041016,0.15260449051856995,0.00208549051856996,0.3115330002733851
1789260253.953126,-0.07398917526006699,0.01018253993242979,-0.5870991945266724,-2.5872297286987305,0.0009963699849322438,2.597243547439575,1.023087739944458,0.3493672013282776,-0.27298814058303833,0.1526668220758438,0.002147822075843825,0.3071048841404182
1789260253.986763,-0.08686305582523346,0.014761705882847309,-0.5725628137588501,-2.5823445320129395,0.006069516763091087,2.5960755348205566,1.0191859006881714,0.350831538438797,-0.27349674701690674,0.1525704711675644,0.002051471167564406,0.2887140663131333
1789260254.02049,-0.09938976913690567,0.019401241093873978,-0.5575978755950928,-2.5773444175720215,0.01102129090577364,2.594938278198242,1.0152415037155151,0.3525536358356476,-0.27373790740966797,0.152458056807518,0.0019390568075180192,0.2676107911134112
1789260254.0540862,-0.11181355267763138,0.023867281153798103,-0.5435192584991455,-2.57256817817688,0.01594153605401516,2.5937812328338623,1.0115106105804443,0.3540083169937134,-0.2741587460041046,0.15229901671409607,0.0017800167140960832,0.23573396487594475
1789260254.0877268,-0.12391354888677597,0.02843400090932846,-0.528756856918335,-2.5678982734680176,0.02079581283032894,2.5926363468170166,1.00774085521698,0.355688214302063,-0.2741565704345703,0.15202762186527252,0.0015086218652725358,0.199791951149457
1789260254.1213012,-0.13573256134986877,0.0325886607170105,-0.5153178572654724,-2.5633904933929443,0.02545093558728695,2.5915963649749756,1.0041924715042114,0.35711222887039185,-0.27448076009750366,0.15184491872787476,0.0013259187278747697,0.15701751249847418
1789260254.154954,-0.14716075360774994,0.03673842176795006,-0.5017496943473816,-2.5585713386535645,0.030090846121311188,2.590550661087036,1.0005519390106201,0.3588099479675293,-0.2746817171573639,0.15174753963947296,0.0012285396394729753,0.1083523598284494
1789260254.1885617,-0.15714696049690247,0.04018356651067734,-0.4911801517009735,-2.554652214050293,0.0322563499212265,2.589407205581665,0.9972890019416809,0.3597816526889801,-0.27524688839912415,0.15159930288791656,0.0010803028879165788,0.11869406681127799
1789260254.2221227,-0.16675037145614624,0.04322163760662079,-0.4805532395839691,-2.5505216121673584,0.03379464149475098,2.5883629322052,0.9940630793571472,0.3610382676124573,-0.27574124932289124,0.15168190002441406,0.0011629000244140764,0.1282042487280194
1789260254.2556856,-0.17695307731628418,0.046466998755931854,-0.4690713584423065,-2.5462381839752197,0.03535280004143715,2.587294578552246,0.9907753467559814,0.3623911738395691,-0.27615463733673096,0.15171125531196594,0.0011922553119659562,0.1370561110185936
1789260254.2893107,-0.19011875987052917,0.05053594708442688,-0.4550434350967407,-2.540706157684326,0.036227889358997345,2.5856335163116455,0.9862939715385437,0.3638760447502136,-0.27695563435554504,0.15175984799861908,0.0012408479986190935,0.17804114001225932
1789260254.32292,-0.20407186448574066,0.05496148765087128,-0.43990379571914673,-2.5345559120178223,0.03713054209947586,2.5839967727661133,0.981513500213623,0.36564746499061584,-0.27777090668678284,0.15185068547725677,0.0013316854772567888,0.21489135308816265
1789260254.3565376,-0.2177448868751526,0.059031080454587936,-0.425221711397171,-2.5287420749664307,0.0380585603415966,2.582355499267578,0.9769390225410461,0.3673054873943329,-0.278541624546051,0.15194757282733917,0.0014285728273391862,0.23821110087806927
1789260254.3901706,-0.23083481192588806,0.06305202096700668,-0.4109223484992981,-2.522812843322754,0.038945022970438004,2.580841302871704,0.9724192023277283,0.3691007196903229,-0.2792693078517914,0.15210065245628357,0.0015816524562835832,0.25868789467819786
1789260254.423787,-0.24472501873970032,0.06736595183610916,-0.39612627029418945,-2.517103672027588,0.03990333899855614,2.5791115760803223,0.9678019285202026,0.3706466555595398,-0.2799721956253052,0.15200340747833252,0.0014844074783325334,0.27051969489285804
1789260254.4574664,-0.2587074637413025,0.07180149853229523,-0.3810080587863922,-2.5111446380615234,0.040873050689697266,2.577441930770874,0.9630277156829834,0.3723547160625458,-0.280632883310318,0.15192323923110962,0.001404239231109633,0.2776586580329258
1789260254.4911113,-0.27201762795448303,0.0757998377084732,-0.3667926788330078,-2.5052754878997803,0.04179966822266579,2.5758965015411377,0.9584943652153015,0.3740638494491577,-0.2813763916492462,0.15200136601924896,0.0014823660192489763,0.2733976504176824
1789260254.5246925,-0.2855505049228668,0.07996483147144318,-0.35200220346450806,-2.4992432594299316,0.042676497250795364,2.5742809772491455,0.9538378715515137,0.375905305147171,-0.2819870412349701,0.15203465521335602,0.001515655213356032,0.2654081917510314
1789260254.5583153,-0.29929429292678833,0.08413520455360413,-0.33741495013237,-2.4934887886047363,0.04361792653799057,2.572601795196533,0.9491936564445496,0.3775167465209961,-0.28264206647872925,0.15194395184516907,0.0014249518451690812,0.24787221470538592
1789260254.592038,-0.312960147857666,0.08839736133813858,-0.3226604461669922,-2.487663745880127,0.04452592879533768,2.5709609985351562,0.9445955753326416,0.37922435998916626,-0.2831994891166687,0.15182243287563324,0.0013034328756332536,0.22641938826360836
1789260254.625613,-0.32678166031837463,0.09266356378793716,-0.3079671859741211,-2.4816431999206543,0.045435208827257156,2.5693397521972656,0.9399404525756836,0.38095977902412415,-0.28387340903282166,0.15175682306289673,0.0012378230628967424,0.1988101655906956
1789260254.6591911,-0.3399266302585602,0.09675111621618271,-0.29355162382125854,-2.475975275039673,0.046332184225320816,2.567720890045166,0.9354087710380554,0.3827056288719177,-0.284288227558136,0.15163296461105347,0.0011139646110534807,0.16192549306284887
1789260254.6927674,-0.3517751395702362,0.10015307366847992,-0.28062930703163147,-2.471055269241333,0.046736087650060654,2.5664541721343994,0.9315221309661865,0.3842601776123047,-0.28467416763305664,0.1515890657901764,0.0010700657901764055,0.13270400689029618
1789260254.726449,-0.3626689016819,0.10318170487880707,-0.2691301703453064,-2.4667656421661377,0.0469660721719265,2.5651638507843018,0.927822470664978,0.3854834735393524,-0.28509703278541565,0.15149615705013275,0.0009771570501327653,0.10653118153060223
1789260254.7600183,-0.37341490387916565,0.10612902790307999,-0.2583753764629364,-2.462641716003418,0.04717041552066803,2.5639495849609375,0.9242191910743713,0.38649675250053406,-0.2857206165790558,0.15139135718345642,0.0008723571834564348,0.08846932694105811
1789260254.7935863,-0.3867507576942444,0.10866498202085495,-0.2447904497385025,-2.4586434364318848,0.045327842235565186,2.5627338886260986,0.9196875095367432,0.3875652551651001,-0.2862560749053955,0.15139085054397583,0.0008718505439758439,0.10087055545943382
1789260254.827244,-0.4009166359901428,0.11115047335624695,-0.23092171549797058,-2.4544718265533447,0.043255895376205444,2.5615506172180176,0.9151078462600708,0.3885607421398163,-0.2870546877384186,0.15147614479064941,0.0009571447906494279,0.10653118153060223
1789260254.8608584,-0.41493484377861023,0.11384622007608414,-0.21645595133304596,-2.450330972671509,0.04107380285859108,2.5603160858154297,0.910455584526062,0.3897201120853424,-0.2875198721885681,0.15143969655036926,0.0009206965503692766,0.11534989781745353
1789260254.894467,-0.4293816089630127,0.11654970794916153,-0.20239323377609253,-2.446133852005005,0.03881434351205826,2.5590524673461914,0.9058167338371277,0.39065757393836975,-0.28832167387008667,0.15142320096492767,0.0009042009649276872,0.12666881248565126
1789260254.9280863,-0.44433173537254333,0.11943657696247101,-0.18714094161987305,-2.4416871070861816,0.0364689938724041,2.5577199459075928,0.9008615016937256,0.39186224341392517,-0.28887760639190674,0.15139296650886536,0.0008739665088653703,0.13270400689029618
1789260254.9616604,-0.4591157138347626,0.12224582582712173,-0.1723954677581787,-2.4374821186065674,0.0341520719230175,2.556381940841675,0.8959923386573792,0.39288800954818726,-0.28950387239456177,0.15131857991218567,0.0007995799121856828,0.1412742076966625
1789260254.9952729,-0.4733372628688812,0.1249007061123848,-0.15820270776748657,-2.4332215785980225,0.031924884766340256,2.5551328659057617,0.8913707137107849,0.3939826190471649,-0.2901652753353119,0.1513557732105255,0.0008367732105255266,0.13270400689029618
1789260255.0288925,-0.4881095886230469,0.12764376401901245,-0.1432371586561203,-2.428772211074829,0.029579179361462593,2.5538241863250732,0.8864877820014954,0.39520159363746643,-0.290761262178421,0.15141193568706512,0.0008929356870651384,0.12033130429241841
1789260255.0624943,-0.5033793449401855,0.13048262894153595,-0.1283322423696518,-2.424433708190918,0.02725226804614067,2.552471399307251,0.8815063238143921,0.3961980938911438,-0.2915269732475281,0.1513831913471222,0.0008641913471222062,0.11014342980975618
1789260255.0961516,-0.5167257785797119,0.13303206861019135,-0.11450647562742233,-2.420389175415039,0.02516559511423111,2.5512919425964355,0.877050518989563,0.3974027931690216,-0.2919277548789978,0.15141752362251282,0.0008985236225128312,0.09065408419654447
1789260255.1297681,-0.5307430624961853,0.13560087978839874,-0.10082914680242538,-2.4163758754730225,0.02304036356508732,2.5500426292419434,0.8725000023841858,0.39834460616111755,-0.2926335334777832,0.15143248438835144,0.0009134843883514543,0.07661668268387072
1789260255.1633492,-0.5438791513442993,0.13817211985588074,-0.08726771920919418,-2.412379741668701,0.02084941416978836,2.5488102436065674,0.8680476546287537,0.3995089530944824,-0.2930313050746918,0.15144935250282288,0.0009303525028228898,0.06561060592844098
1789260255.1970403,-0.5528865456581116,0.13990385830402374,-0.07865265756845474,-2.409865617752075,0.019555186852812767,2.5480358600616455,0.8650657534599304,0.4000367820262909,-0.29352784156799316,0.15140721201896667,0.0008882120189666887,0.07132624918176021
1789260255.2306328,-0.5607863068580627,0.1414909064769745,-0.07112915813922882,-2.4072980880737305,0.018361955881118774,2.5473458766937256,0.862221896648407,0.40061989426612854,-0.29407185316085815,0.15147265791893005,0.0009536579189300676,0.0625572578997782
1789260255.264285,-0.564938485622406,0.14238014817237854,-0.0669029951095581,-2.4058797359466553,0.017653189599514008,2.5469233989715576,0.860508382320404,0.4010161757469177,-0.2942531108856201,0.1514996886253357,0.0009806886253357072,0.05595291190411357
1789260255.5453775,-0.5658777356147766,0.14256902039051056,-0.0660560205578804,-2.4056363105773926,0.01749388501048088,2.5467822551727295,0.8601446151733398,0.4010365307331085,-0.2943131923675537,0.1514798402786255,0.0009608402786255021,0.06561060592844098
1789260255.616315,-0.5658868551254272,0.14256256818771362,-0.0660652294754982,-2.40563702583313,0.01749435067176819,2.5467820167541504,0.8601413369178772,0.4010317027568817,-0.29432111978530884,0.15148279070854187,0.000963790708541884,0.0625572578997782
1789260255.6614456,-0.5658649206161499,0.14256185293197632,-0.06605394929647446,-2.4056270122528076,0.01749546453356743,2.546780586242676,0.8601406216621399,0.40104544162750244,-0.2943102717399597,0.15148669481277466,0.0009676948127746721,0.06561060592844098
1789260255.7063653,-0.5658683180809021,0.14256015419960022,-0.06605038046836853,-2.405630588531494,0.01749846152961254,2.5467782020568848,0.8601414561271667,0.401044100522995,-0.2943089008331299,0.15148599445819855,0.0009669944581985612,0.06561060592844098
1789260255.7454934,-0.5658637285232544,0.14256256818771362,-0.06605322659015656,-2.405635118484497,0.01749471202492714,2.546776533126831,0.8601382970809937,0.40104204416275024,-0.2943066656589508,0.1514829695224762,0.0009639695224762101,0.0625572578997782
1789260255.7904341,-0.5658696293830872,0.14255811274051666,-0.06605394184589386,-2.4056248664855957,0.01749180071055889,2.546778678894043,0.8601449131965637,0.401045024394989,-0.2943130135536194,0.15148915350437164,0.0009701535043716569,0.06561060592844098
1789260255.8354342,-0.5658667683601379,0.1425611823797226,-0.06605533510446548,-2.4056332111358643,0.017493940889835358,2.5467772483825684,0.8601438403129578,0.40104159712791443,-0.2943095266819,0.1514844000339508,0.0009654000339508195,0.059347025446578223
1789260255.880435,-0.5658616423606873,0.14255915582180023,-0.06605394184589386,-2.405630588531494,0.017495470121502876,2.546779155731201,0.8601429462432861,0.40104517340660095,-0.29430803656578064,0.1514865607023239,0.0009675607023239274,0.0625572578997782
1789260255.9159477,-0.5658674240112305,0.14255918562412262,-0.0660553127527237,-2.4056320190429688,0.017501365393400192,2.5467822551727295,0.8601401448249817,0.4010431468486786,-0.29431068897247314,0.15148630738258362,0.000967307382583632,0.06561060592844098
1789260255.949673,-0.5658184885978699,0.14258578419685364,-0.06605638563632965,-2.4056355953216553,0.01753242500126362,2.546780824661255,0.8601619005203247,0.4010523855686188,-0.29428666830062866,0.15147161483764648,0.0009526148376464982,0.0625572578997782
1789260255.983252,-0.5657649636268616,0.14264996349811554,-0.06604397296905518,-2.4056460857391357,0.01753789186477661,2.5467803478240967,0.8601607084274292,0.40105804800987244,-0.29425048828125,0.15143579244613647,0.0009167924461364885,0.07132624918176021
1789260256.0168471,-0.5657685995101929,0.14266826212406158,-0.06604938209056854,-2.4056458473205566,0.017543945461511612,2.5467796325683594,0.8601660132408142,0.40105265378952026,-0.2942521870136261,0.15142680704593658,0.0009078070459365983,0.07401874722002606
1789260256.0504925,-0.565765380859375,0.14266781508922577,-0.06604292243719101,-2.4056460857391357,0.017544304952025414,2.546780824661255,0.8601652979850769,0.4010557532310486,-0.2942483127117157,0.15142697095870972,0.0009079709587097307,0.06852804325551864
1789260256.0840917,-0.5657653212547302,0.14267252385616302,-0.06604468077421188,-2.405653715133667,0.017547698691487312,2.546780824661255,0.8601685166358948,0.40105167031288147,-0.2942463159561157,0.15142180025577545,0.0009028002557754655,0.06852804325551864
1789260256.117652,-0.5657626986503601,0.14267051219940186,-0.06604750454425812,-2.405653715133667,0.017543042078614235,2.5467798709869385,0.8601694107055664,0.40105152130126953,-0.2942466735839844,0.15142275393009186,0.0009037539300918718,0.07132624918176021
1789260256.1512368,-0.5657625794410706,0.14267781376838684,-0.06604751199483871,-2.405654191970825,0.017549052834510803,2.5467798709869385,0.8601698875427246,0.40105047821998596,-0.29424557089805603,0.15141895413398743,0.0008999541339874406,0.06852804325551864
1789260256.184816,-0.5657644271850586,0.1426812708377838,-0.06604962050914764,-2.4056484699249268,0.0175490565598011,2.546778440475464,0.8601740598678589,0.40105074644088745,-0.2942482829093933,0.1514192372560501,0.0009002372560501237,0.07132624918176021
1789260256.2183611,-0.565773069858551,0.14267612993717194,-0.06603441387414932,-2.4056620597839355,0.017551569268107414,2.54677677154541,0.8601719737052917,0.40104806423187256,-0.29424169659614563,0.15141655504703522,0.0008975550470352311,0.07401874722002606
1789260256.2519433,-0.5694054961204529,0.14153291285037994,-0.0636545717716217,-2.407771110534668,0.017231937497854233,2.547497272491455,0.8558958172798157,0.4001668393611908,-0.29432040452957153,0.1512538641691208,0.0007348641691208024,0.09487278508118449
1789260256.2855637,-0.5746102929115295,0.13994817435741425,-0.06102167069911957,-2.410435914993286,0.016630951315164566,2.5482418537139893,0.8506597280502319,0.3987463414669037,-0.29481828212738037,0.15110541880130768,0.0005864188013076921,0.11364091540157657
1789260256.3192422,-0.5823075771331787,0.13754869997501373,-0.05636083707213402,-2.4139134883880615,0.015756409615278244,2.549577236175537,0.8423793911933899,0.39710861444473267,-0.29539501667022705,0.15110312402248383,0.0005841240224838395,0.11014342980975618
1789260256.3528278,-0.5960469841957092,0.13271662592887878,-0.04787131026387215,-2.421501636505127,0.013983376324176788,2.5518388748168945,0.8272150754928589,0.39375460147857666,-0.29598885774612427,0.15085004270076752,0.00033104270076753095,0.14935344105781187
1789260256.3864572,-0.6096919178962708,0.12816482782363892,-0.04034426435828209,-2.427788734436035,0.012498736381530762,2.5543887615203857,0.8129227161407471,0.39064961671829224,-0.2972908616065979,0.1509687453508377,0.0004497453508377214,0.12972151222939818
1789260256.420092,-0.6238282918930054,0.12340521067380905,-0.03172389045357704,-2.435154914855957,0.01074096281081438,2.556764602661133,0.7973126769065857,0.3873084485530853,-0.2980104386806488,0.15077415108680725,0.00025515108680726484,0.15195108845669586
1789260256.4536903,-0.6388171315193176,0.11842843145132065,-0.02307039313018322,-2.442986011505127,0.009003054350614548,2.559248924255371,0.7813758254051208,0.38359227776527405,-0.2989187240600586,0.15052488446235657,5.884462356581244e-06,0.17693870661400976
1789260256.4873574,-0.6531559228897095,0.11370795220136642,-0.014199533499777317,-2.450336456298828,0.007192250341176987,2.561861991882324,0.765623152256012,0.38030147552490234,-0.2995988130569458,0.15033893287181854,-0.00018006712818144366,0.18238424868700404
1789260256.5209239,-0.6680181622505188,0.10841193795204163,-0.005447209347039461,-2.4578614234924316,0.005416992120444775,2.564467668533325,0.749520480632782,0.3768296241760254,-0.3005096912384033,0.15036609768867493,-0.00015290231132505938,0.17017419378319848
1789260256.5545063,-0.6828323602676392,0.1034335345029831,0.0031354015227407217,-2.4653005599975586,0.0036563039757311344,2.5671050548553467,0.733623206615448,0.3733072280883789,-0.301436185836792,0.15027213096618652,-0.0002468690338134627,0.16192549306284887
1789260256.5880902,-0.6973126530647278,0.09870284050703049,0.012063691392540932,-2.4730775356292725,0.0018204147927463055,2.569565773010254,0.7176804542541504,0.369795560836792,-0.3019247353076935,0.1499192714691162,-0.0005997285308837752,0.17804114001225932
1789260256.6216486,-0.7120798826217651,0.0936824157834053,0.02057543769478798,-2.4803855419158936,5.405089177656919e-05,2.5722250938415527,0.7019197940826416,0.366315633058548,-0.30285653471946716,0.14989042282104492,-0.0006285771789550643,0.15450506866003139
1789260256.6552625,-0.7260326743125916,0.08887313306331635,0.029025334864854813,-2.4875357151031494,-0.0016679727705195546,2.574657678604126,0.6867695450782776,0.36305251717567444,-0.3034818172454834,0.14979517459869385,-0.0007238254013061385,0.1370561110185936
1789260256.688918,-0.7404356002807617,0.08407486230134964,0.03749190643429756,-2.4950294494628906,-0.003442282322794199,2.5771775245666504,0.671059250831604,0.3595360219478607,-0.3041439652442932,0.14957423508167267,-0.0009447649183273177,0.13122123336572936
1789260256.7226248,-0.7498793005943298,0.08074230700731277,0.04299100488424301,-2.4998977184295654,-0.004442212637513876,2.578761577606201,0.6608704924583435,0.3572465777397156,-0.30460697412490845,0.14952512085437775,-0.0009938791456222396,0.12194656246489412
1789260256.7561715,-0.7575230598449707,0.07803267240524292,0.04738607257604599,-2.5039429664611816,-0.005385544616729021,2.5802905559539795,0.6522669792175293,0.3553730845451355,-0.3049995005130768,0.1494729369878769,-0.001046063012123094,0.10087055545943382
1789260256.7897654,-0.7645522952079773,0.07553113996982574,0.05138259008526802,-2.507999897003174,-0.0063285850919783115,2.5815465450286865,0.6446214914321899,0.3534848690032959,-0.30524423718452454,0.14929324388504028,-0.001225756114959703,0.11364091540157657
1789260256.8233364,-0.7705135941505432,0.07567938417196274,0.056639205664396286,-2.507511615753174,-0.007253300864249468,2.5815632343292236,0.6419553160667419,0.3534577488899231,-0.30561363697052,0.14941199123859406,-0.001107008761405931,0.08846932694105811
1789260256.8569674,-0.7760964632034302,0.0760306641459465,0.06256348639726639,-2.506991147994995,-0.008274196647107601,2.5814208984375,0.6393599510192871,0.3537139892578125,-0.3055728077888489,0.1494363397359848,-0.001082660264015184,0.08622923312351063
1789260256.890583,-0.784375786781311,0.07655731588602066,0.06991568952798843,-2.506009578704834,-0.009522361680865288,2.580993413925171,0.6361722350120544,0.3536928594112396,-0.3060620129108429,0.14952537417411804,-0.0009936258258819441,0.08156468806857739
1789260256.9241633,-0.7963921427726746,0.07777579128742218,0.08118104934692383,-2.5040488243103027,-0.011391963809728622,2.5803284645080566,0.6317862868309021,0.35398244857788086,-0.30666694045066833,0.14963838458061218,-0.0008806154193878035,0.07401874722002606
1789260256.9576933,-0.808840274810791,0.0788261741399765,0.09356191009283066,-2.5022997856140137,-0.01345424260944128,2.5795140266418457,0.6271169185638428,0.3544098734855652,-0.30695798993110657,0.1497495174407959,-0.0007694825592040877,0.06852804325551864
1789260256.9912825,-0.8224325776100159,0.07999678701162338,0.10663768649101257,-2.5003294944763184,-0.01557807344943285,2.5786688327789307,0.6222068667411804,0.35476961731910706,-0.307455450296402,0.14989157021045685,-0.000627429789543138,0.06561060592844098
1789260257.024978,-0.8370093107223511,0.08140688389539719,0.12089738994836807,-2.4979069232940674,-0.017987603321671486,2.5777719020843506,0.6168540120124817,0.35532814264297485,-0.30798766016960144,0.15009468793869019,-0.0004243120613098006,0.05595291190411357
1789260257.0585656,-0.8520340323448181,0.08279746025800705,0.13504448533058167,-2.4957098960876465,-0.0204151663929224,2.576751708984375,0.6114082336425781,0.3556165397167206,-0.3086332678794861,0.1502237468957901,-0.00029525310420988604,0.05595291190411357
1789260257.0921009,-0.866511881351471,0.08421788364648819,0.1491539031267166,-2.493428945541382,-0.02278904616832733,2.575833320617676,0.6060438752174377,0.3561113178730011,-0.3091337978839874,0.1503882259130478,-0.0001307740869521956,0.048456642643301504
1789260257.125674,-0.8812652230262756,0.08566319942474365,0.16348503530025482,-2.4911909103393555,-0.025266017764806747,2.574848175048828,0.6005567312240601,0.35656484961509705,-0.30962836742401123,0.1505317986011505,1.2798601150526556e-05,0.044234660174789026
1789260257.1592865,-0.8956162333488464,0.08699639141559601,0.1771063655614853,-2.489044189453125,-0.027554234489798546,2.57389235496521,0.5953487753868103,0.3569091856479645,-0.3102235794067383,0.1507030874490738,0.00018408744907380536,0.044234660174789026
1789260257.1928494,-0.9090578556060791,0.08831031620502472,0.1904202401638031,-2.4869134426116943,-0.02974366582930088,2.573063611984253,0.5904434323310852,0.35746046900749207,-0.3106189966201782,0.1508968323469162,0.0003778323469162126,0.03956468264845247
1789260257.2264464,-0.9212387204170227,0.08945918828248978,0.20215825736522675,-2.485031843185425,-0.03168562427163124,2.572273015975952,0.5860063433647156,0.3578397333621979,-0.31108084321022034,0.15107668936252594,0.0005576893625259538,0.05233915627441309
1789260257.2600796,-0.9328800439834595,0.09056403487920761,0.2133956104516983,-2.4831466674804688,-0.0337458960711956,2.5714738368988037,0.5816001892089844,0.3582300543785095,-0.3115438222885132,0.15128126740455627,0.0007622674045562883,0.05233915627441309
1789260257.293937,-0.9397355318069458,0.0917418822646141,0.2200905978679657,-2.481543779373169,-0.035336147993803024,2.570826292037964,0.5769944190979004,0.35857030749320984,-0.31186071038246155,0.15132606029510498,0.0008070602951049943,0.05233915627441309
1789260257.3275542,-0.9454465508460999,0.09315242618322372,0.2266712486743927,-2.4798028469085693,-0.03712966665625572,2.570213794708252,0.5718598961830139,0.35925811529159546,-0.3118304908275604,0.15131884813308716,0.0007998481330871721,0.048456642643301504
1789260257.3611352,-0.9504784941673279,0.09476194530725479,0.23305340111255646,-2.477935552597046,-0.03944743052124977,2.5694477558135986,0.5643895864486694,0.36008206009864807,-0.31163540482521057,0.15125346183776855,0.0007344618377685685,0.03426402009603798
1789260257.3947628,-0.957748532295227,0.09804286807775497,0.24233217537403107,-2.47377610206604,-0.04317203909158707,2.5682358741760254,0.5512243509292603,0.3616989850997925,-0.31166282296180725,0.15124823153018951,0.000729231530189528,0.027976455118293345
1789260257.4284818,-0.964848518371582,0.10129853338003159,0.25224700570106506,-2.4700279235839844,-0.04706384614109993,2.5668582916259766,0.5380275249481201,0.36340442299842834,-0.31123843789100647,0.15110643208026886,0.0005874320802688737,0.048456642643301504
1789260257.4620478,-0.9735319018363953,0.10503074526786804,0.26387134194374084,-2.4658071994781494,-0.0514986589550972,2.565316915512085,0.5219928622245789,0.36526158452033997,-0.3108234703540802,0.15093550086021423,0.00041650086021424726,0.08622923312351063
1789260257.4956331,-0.982755184173584,0.10950354486703873,0.27712780237197876,-2.4606804847717285,-0.05658465251326561,2.56364107131958,0.5044534206390381,0.36770665645599365,-0.3101700246334076,0.1507803052663803,0.0002613052663803239,0.11014342980975618
1789260257.5291667,-0.9919318556785583,0.11359215527772903,0.2895606458187103,-2.4556901454925537,-0.06160355731844902,2.5620346069335938,0.487207293510437,0.3699125349521637,-0.30981674790382385,0.1507662832736969,0.0002472832736969133,0.12354070345060089
1789260257.56278,-1.0017188787460327,0.11793264746665955,0.3026789724826813,-2.450505256652832,-0.06685492396354675,2.5603013038635254,0.46911749243736267,0.3721821904182434,-0.30943477153778076,0.15072739124298096,0.0002083912429809709,0.1370561110185936
1789260257.5963507,-1.0107121467590332,0.12218279391527176,0.31535056233406067,-2.445605993270874,-0.071803979575634,2.5586564540863037,0.45199066400527954,0.37449097633361816,-0.30883848667144775,0.15064752101898193,0.00012852101898194745,0.14935344105781187
1789260257.6300342,-1.02024245262146,0.12644650042057037,0.3280967175960541,-2.440664768218994,-0.0768701434135437,2.556931972503662,0.43423765897750854,0.3766666650772095,-0.30840960144996643,0.15059369802474976,7.469802474976972e-05,0.15701751249847418
1789260257.6636252,-1.0298066139221191,0.13088233768939972,0.34107497334480286,-2.4356062412261963,-0.08207018673419952,2.5552008152008057,0.4165482819080353,0.3789407014846802,-0.3079093098640442,0.15053202211856842,1.3022118568434271e-05,0.16192549306284887
1789260257.697259,-1.0389405488967896,0.13513122498989105,0.35405316948890686,-2.430586099624634,-0.08710847795009613,2.553499937057495,0.39897704124450684,0.3813711106777191,-0.3072504699230194,0.1505705714225769,5.157142257691816e-05,0.15450506866003139
1789260257.730892,-1.0486042499542236,0.13930195569992065,0.3667997717857361,-2.425504446029663,-0.09214448183774948,2.5517988204956055,0.38128358125686646,0.3836035430431366,-0.30690696835517883,0.15068846940994263,0.00016946940994264081,0.1341703946898555
1789260257.764517,-1.057725429534912,0.14349956810474396,0.3793540894985199,-2.420428991317749,-0.09710481762886047,2.5501766204833984,0.3641258478164673,0.38596096634864807,-0.30642369389533997,0.1508207470178604,0.00030174701786042646,0.10653118153060223
1789260257.7981405,-1.0672404766082764,0.14794054627418518,0.392729252576828,-2.415478467941284,-0.10238535702228546,2.548344135284424,0.34610167145729065,0.3883640766143799,-0.30566760897636414,0.15082857012748718,0.0003095701274871965,0.09691329395132914
1789260257.831743,-1.0767918825149536,0.15229229629039764,0.4053235948085785,-2.4105448722839355,-0.1074250191450119,2.5466489791870117,0.3284670114517212,0.39054396748542786,-0.30524465441703796,0.15089130401611328,0.0003723040161132951,0.07912937001338383
1789260257.8654442,-1.0836460590362549,0.1554199606180191,0.4153432250022888,-2.406832456588745,-0.11111585795879364,2.545448064804077,0.3153010606765747,0.39249783754348755,-0.3046034276485443,0.1510486602783203,0.0005296602783203264,0.05233915627441309
1789260257.8990824,-1.0901306867599487,0.15830054879188538,0.4243238866329193,-2.4033095836639404,-0.11460285633802414,2.544250011444092,0.30286705493927,0.39418837428092957,-0.30420103669166565,0.15123242139816284,0.0007134213981628557,0.048456642643301504
1789260257.9326718,-1.0958977937698364,0.16111832857131958,0.4318331480026245,-2.399916648864746,-0.11785661429166794,2.5432424545288086,0.29278621077537537,0.3956194221973419,-0.30408746004104614,0.15137861669063568,0.000859616690635695,0.048456642643301504
1789260257.9663131,-1.0985780954360962,0.16169679164886475,0.4351433217525482,-2.3995628356933594,-0.1187640056014061,2.5430188179016113,0.2863940894603729,0.39590218663215637,-0.30383992195129395,0.15134268999099731,0.0008236899909973283,0.06561060592844098
1789260257.9999256,-1.1012476682662964,0.16232453286647797,0.4385376572608948,-2.3989815711975098,-0.11965355277061462,2.5428647994995117,0.27976492047309875,0.3963073194026947,-0.30362579226493835,0.15137942135334015,0.0008604213533401628,0.07661668268387072
1789260258.033517,-1.104040265083313,0.16137288510799408,0.44178396463394165,-2.400202989578247,-0.11991224437952042,2.542872428894043,0.2703850269317627,0.3961465656757355,-0.3031960129737854,0.151468887925148,0.0009498879251480241,0.07401874722002606
1789260258.067147,-1.1078892946243286,0.15916807949543,0.44562506675720215,-2.4036617279052734,-0.11918529123067856,2.543760061264038,0.2550835907459259,0.39532724022865295,-0.30249762535095215,0.15138857066631317,0.0008695706663131852,0.08622923312351063
1789260258.1007774,-1.1116504669189453,0.1571115255355835,0.4496666193008423,-2.4066288471221924,-0.1183507889509201,2.5448386669158936,0.2394796460866928,0.3947991728782654,-0.30183520913124084,0.1514437347650528,0.0009247347650528093,0.09487278508118449
1789260258.1344454,-1.115593671798706,0.1547875851392746,0.4541682004928589,-2.41005802154541,-0.11753104627132416,2.5458672046661377,0.22299252450466156,0.3942050337791443,-0.30095288157463074,0.15145450830459595,0.0009355083045959611,0.10653118153060223
1789260258.168058,-1.120251178741455,0.15219047665596008,0.4588824510574341,-2.413808822631836,-0.11657044291496277,2.5470352172851562,0.20482902228832245,0.3933922350406647,-0.3002215623855591,0.15148192644119263,0.0009629264411926408,0.11703392759136522
1789260258.2016678,-1.1247888803482056,0.14969991147518158,0.4635178744792938,-2.417335271835327,-0.11565213650465012,2.548213005065918,0.18718963861465454,0.3926595151424408,-0.29953357577323914,0.1515376716852188,0.001018671685218825,0.12354070345060089
1789260258.2353003,-1.1289925575256348,0.14729321002960205,0.46820446848869324,-2.4208147525787354,-0.11479631066322327,2.549335479736328,0.16998031735420227,0.39203760027885437,-0.29869356751441956,0.15156535804271698,0.0010463580427169938,0.12972151222939818
1789260258.268983,-1.1334025859832764,0.1447005420923233,0.4730626046657562,-2.4244484901428223,-0.1138666644692421,2.5505385398864746,0.15233966708183289,0.3913775384426117,-0.29785647988319397,0.1516246795654297,0.0011056795654297014,0.13562092827251515
1789260258.3026469,-1.1379578113555908,0.14222174882888794,0.4778987467288971,-2.4281513690948486,-0.11294209957122803,2.55171799659729,0.13418209552764893,0.3906233608722687,-0.2970444858074188,0.15160030126571655,0.0010813012657165666,0.14401765375946743
1789260258.3362741,-1.1421868801116943,0.13981005549430847,0.4825408458709717,-2.431774854660034,-0.11208813637495041,2.552780866622925,0.11717263609170914,0.38990098237991333,-0.29618826508522034,0.1515539586544037,0.0010349586544037004,0.14670980696444608
1789260258.3700178,-1.1467819213867188,0.1373075693845749,0.4870826303958893,-2.435291051864624,-0.11116049438714981,2.553997278213501,0.09938318282365799,0.38910871744155884,-0.29558056592941284,0.1515910029411316,0.0010720029411316057,0.14670980696444608
1789260258.4036117,-1.1513073444366455,0.13471142947673798,0.4917752742767334,-2.4389326572418213,-0.1102181151509285,2.5551512241363525,0.08162280172109604,0.38832980394363403,-0.2948562800884247,0.15161548554897308,0.0010964855489730974,0.145369962588823
1789260258.437193,-1.1555283069610596,0.13226883113384247,0.49664416909217834,-2.4425501823425293,-0.10934701561927795,2.5562613010406494,0.06417690217494965,0.3876785337924957,-0.29392677545547485,0.1515789031982422,0.0010599031982422014,0.14670980696444608
1789260258.4707975,-1.1599842309951782,0.1298583596944809,0.5014039278030396,-2.4461259841918945,-0.1084057167172432,2.5574166774749756,0.04637056216597557,0.386941134929657,-0.2931445837020874,0.15153886377811432,0.0010198637781143327,0.1480375253231069
1789260258.504413,-1.164231538772583,0.12737815082073212,0.5060592293739319,-2.449625253677368,-0.10753432661294937,2.558530807495117,0.0292525514960289,0.3862513601779938,-0.29235902428627014,0.15154381096363068,0.0010248109636306901,0.14401765375946743
1789260258.5380747,-1.1687946319580078,0.12475944310426712,0.5109214186668396,-2.453336477279663,-0.10658501833677292,2.559706449508667,0.011117919348180294,0.38547226786613464,-0.2915772497653961,0.15153475105762482,0.0010157510576248308,0.13562092827251515
1789260258.5716448,-1.1734105348587036,0.12228082865476608,0.5154126286506653,-2.4570090770721436,-0.10563007742166519,2.5608115196228027,-0.00651219068095088,0.3845493495464325,-0.2909439206123352,0.15145766735076904,0.0009386673507690568,0.13122123336572936
1789260258.6052442,-1.1776924133300781,0.11992394179105759,0.5200052261352539,-2.4604547023773193,-0.10474083572626114,2.561964511871338,-0.023592621088027954,0.3838326930999756,-0.2902039885520935,0.1514144390821457,0.0008954390821457048,0.12354070345060089
1789260258.6388562,-1.1820558309555054,0.11739128828048706,0.524904191493988,-2.4641308784484863,-0.10381574183702469,2.5631186962127686,-0.04137476533651352,0.3831087052822113,-0.2893342971801758,0.15136288106441498,0.0008438810644149919,0.11703392759136522
1789260258.672495,-1.1865394115447998,0.11485671252012253,0.5298276543617249,-2.4678914546966553,-0.10287340730428696,2.564265012741089,-0.05955057218670845,0.38231900334358215,-0.2884763777256012,0.15127485990524292,0.0007558599052429338,0.1083523598284494
1789260258.7061107,-1.1906039714813232,0.11255529522895813,0.5343400835990906,-2.471188545227051,-0.10201606154441833,2.56533145904541,-0.07625358551740646,0.3816596269607544,-0.28772130608558655,0.15123562514781952,0.0007166251478195329,0.10467832346762979
1789260258.7396972,-1.1947729587554932,0.11011254787445068,0.5387963652610779,-2.474503755569458,-0.10113365203142166,2.5664401054382324,-0.09333030134439468,0.38095882534980774,-0.2870524823665619,0.1512439250946045,0.000724925094604506,0.08156468806857739
1789260258.7733676,-1.1989686489105225,0.1077185645699501,0.5431607365608215,-2.4778316020965576,-0.10026833415031433,2.5675299167633057,-0.10994578897953033,0.3802057206630707,-0.28641778230667114,0.15121783316135406,0.0006988331613540788,0.07132624918176021
1789260258.8069499,-1.2013038396835327,0.10649701207876205,0.5457527041435242,-2.4798154830932617,-0.09987042099237442,2.568051338195801,-0.11948980391025543,0.3797602355480194,-0.2859356999397278,0.15110495686531067,0.0005859568653106828,0.06852804325551864
1789260258.8405905,-1.2031428813934326,0.10551800578832626,0.5478914380073547,-2.4812865257263184,-0.09954732656478882,2.5684823989868164,-0.126625657081604,0.3794768154621124,-0.2855527997016907,0.15105938911437988,0.0005403891143798967,0.06852804325551864
1789260258.8742201,-1.203884482383728,0.10484861582517624,0.5497792363166809,-2.4824604988098145,-0.0993141159415245,2.568903923034668,-0.13312651216983795,0.37951719760894775,-0.28489336371421814,0.1509888470172882,0.00046984701728822187,0.06561060592844098
1789260258.9078162,-1.198217511177063,0.10640165209770203,0.5530279278755188,-2.480283260345459,-0.10110531747341156,2.5681099891662598,-0.13941296935081482,0.382635235786438,-0.2818688154220581,0.15117327868938446,0.0006542786893844743,0.059347025446578223
1789260258.9414923,-1.190395474433899,0.10840003937482834,0.5572686791419983,-2.477806568145752,-0.10361938178539276,2.566922187805176,-0.1457880735397339,0.3866197466850281,-0.2775903046131134,0.1512836515903473,0.0007646515903473039,0.06561060592844098
1789260258.9750986,-1.1821118593215942,0.1103636845946312,0.5618532299995422,-2.475475549697876,-0.10632314532995224,2.5656139850616455,-0.153850257396698,0.39070403575897217,-0.27289748191833496,0.15135879814624786,0.0008397981462478776,0.07132624918176021
1789260259.00865,-1.1715457439422607,0.11342930793762207,0.5677631497383118,-2.471449851989746,-0.10981762409210205,2.5639686584472656,-0.16434070467948914,0.3962230086326599,-0.26702576875686646,0.15162554383277893,0.0011065438327789445,0.0625572578997782
1789260259.0422199,-1.1612606048583984,0.11643671989440918,0.5734924077987671,-2.4683265686035156,-0.11342361569404602,2.562084913253784,-0.1745513677597046,0.4011358618736267,-0.26096364855766296,0.15157002210617065,0.0010510221061706682,0.09065408419654447
1789260259.075898,-1.1530519723892212,0.11878620833158493,0.5779913663864136,-2.465365409851074,-0.11627425253391266,2.56083345413208,-0.18210875988006592,0.4052084982395172,-0.2562601864337921,0.151743546128273,0.0012245461282730241,0.08846932694105811
1789260259.1095502,-1.150442123413086,0.11919008940458298,0.5805038213729858,-2.4655067920684814,-0.116593137383461,2.5605268478393555,-0.18672823905944824,0.4064111113548279,-0.2540415823459625,0.15158385038375854,0.0010648503837585588,0.12354070345060089
1789260259.1431823,-1.1484335660934448,0.11898627132177353,0.582606315612793,-2.4650535583496094,-0.11670941859483719,2.56044602394104,-0.19135801494121552,0.40766769647598267,-0.25251466035842896,0.1518901139497757,0.0013711139497757097,0.09691329395132914
1789260259.1767886,-1.147559642791748,0.11704625189304352,0.5866068005561829,-2.4675543308258057,-0.11511556804180145,2.5608177185058594,-0.1977388858795166,0.4082108438014984,-0.2500942647457123,0.15190578997135162,0.0013867899713516374,0.12033130429241841
1789260259.2104678,-1.147696614265442,0.1131923496723175,0.5921170711517334,-2.472431182861328,-0.1116943284869194,2.561992645263672,-0.20695123076438904,0.40826043486595154,-0.24712586402893066,0.15192054212093353,0.0014015421209335466,0.14670980696444608
1789260259.2440784,-1.1477676630020142,0.10926858335733414,0.5981672406196594,-2.476452112197876,-0.10797585546970367,2.563570976257324,-0.21652179956436157,0.40886908769607544,-0.2441941350698471,0.15231256186962128,0.0017935618696212907,0.1506578634376723
1789260259.2777038,-1.1481983661651611,0.10301453620195389,0.6070354580879211,-2.4836294651031494,-0.10212034732103348,2.5656628608703613,-0.23224185407161713,0.40910863876342773,-0.23974443972110748,0.15256643295288086,0.0020474329528808732,0.18130822512890998
1789260259.3113208,-1.1478723287582397,0.09658897668123245,0.617458164691925,-2.4912610054016113,-0.09596683084964752,2.5679454803466797,-0.24899189174175262,0.40971070528030396,-0.234284445643425,0.1527421921491623,0.0022231921491623063,0.21939690831971592
1789260259.3450208,-1.1477280855178833,0.0899115800857544,0.6278755068778992,-2.4993197917938232,-0.08960730582475662,2.5701804161071777,-0.26629412174224854,0.41000673174858093,-0.22885432839393616,0.15281052887439728,0.0022915288743972917,0.24944602483378192
1789260259.378617,-1.1479010581970215,0.08299494534730911,0.6381475329399109,-2.5069596767425537,-0.08295708149671555,2.5727882385253906,-0.2839697599411011,0.4103662073612213,-0.22382597625255585,0.15310470759868622,0.002585707598686232,0.27553639103081884
1789260259.4122329,-1.147855520248413,0.07605526596307755,0.6485809683799744,-2.514932155609131,-0.07646485418081284,2.575164318084717,-0.3015257716178894,0.4105343818664551,-0.2185853123664856,0.15322236716747284,0.002703367167472853,0.28667365437983994
1789260259.445889,-1.1477717161178589,0.06930694729089737,0.6592564582824707,-2.523113250732422,-0.06993963569402695,2.5775084495544434,-0.31919026374816895,0.41055938601493835,-0.21318691968917847,0.15314887464046478,0.0026298746404647966,0.29208307983949505
1789260259.4795074,-1.1477071046829224,0.06252056360244751,0.6697937250137329,-2.531046152114868,-0.06342507153749466,2.579977035522461,-0.3369526267051697,0.41058215498924255,-0.2079797089099884,0.15314050018787384,0.002621500187873854,0.29275223011984547
1789260259.5131505,-1.14768385887146,0.05538423731923103,0.6802806258201599,-2.5389747619628906,-0.05680422484874725,2.5824294090270996,-0.35441869497299194,0.4105154871940613,-0.2029121220111847,0.15320800244808197,0.002689002448081984,0.2776586580329258
1789260259.5467474,-1.147625207901001,0.04866056516766548,0.6908328533172607,-2.5469460487365723,-0.050241775810718536,2.5849153995513916,-0.3721288740634918,0.41033095121383667,-0.19778068363666534,0.15306967496871948,0.0025506749687194963,0.2609472243862704
1789260259.5804873,-1.1475396156311035,0.041854310780763626,0.7014472484588623,-2.555159568786621,-0.043699655681848526,2.587324857711792,-0.38989222049713135,0.4099529981613159,-0.19261950254440308,0.15281997621059418,0.002300976210594191,0.23154652169551507
1789260259.6141067,-1.1475697755813599,0.03509046509861946,0.7115499377250671,-2.5626988410949707,-0.03727982938289642,2.5898008346557617,-0.4070436358451843,0.4096647799015045,-0.18792270123958588,0.15275174379348755,0.0022327437934875627,0.19782350757194625
1789260259.647728,-1.1474446058273315,0.02801905758678913,0.7223107218742371,-2.5708274841308594,-0.03076614998281002,2.5922322273254395,-0.4248502254486084,0.40919575095176697,-0.18286263942718506,0.15253093838691711,0.002011938386917128,0.14401765375946743
1789260259.681329,-1.147426962852478,0.021905837580561638,0.7320632338523865,-2.5782413482666016,-0.024789247661828995,2.594388961791992,-0.44109728932380676,0.408618688583374,-0.17830440402030945,0.15216901898384094,0.0016500189838409562,0.09891171693842998
1789260259.7149656,-1.147438645362854,0.015337062068283558,0.7420138716697693,-2.5855517387390137,-0.018517015501856804,2.5967514514923096,-0.45784035325050354,0.4081178903579712,-0.17383255064487457,0.15197336673736572,0.0014543667373657365,0.044234660174789026
1789260259.7485788,-1.1476831436157227,0.010273754596710205,0.7499198317527771,-2.5913567543029785,-0.013462020084261894,2.598128080368042,-0.47002261877059937,0.4075170159339905,-0.17034637928009033,0.1516941487789154,0.0011751487789154191,0.03956468264845247
1789260259.782169,-1.149416446685791,0.007025796454399824,0.7555238604545593,-2.5944747924804688,-0.008940035477280617,2.5991084575653076,-0.47873079776763916,0.4072436988353729,-0.1686377376317978,0.15172706544399261,0.0012080654439926286,0.027976455118293345
1789260259.8157866,-1.1512371301651,0.003192095784470439,0.7613793611526489,-2.598087787628174,-0.004373519215732813,2.5999081134796143,-0.4874221384525299,0.4067643880844116,-0.166860893368721,0.15174223482608795,0.0012232348260879655,0.027976455118293345
1789260259.8495107,-1.1564412117004395,-0.0015683850506320596,0.7706743478775024,-2.601691246032715,0.003915008623152971,2.600389003753662,-0.4985637068748474,0.4063330590724945,-0.16509239375591278,0.15200871229171753,0.0014897122917175432,0.05233915627441309
1789260259.883108,-1.1624915599822998,-0.00754676153883338,0.7817397117614746,-2.6058897972106934,0.013354448601603508,2.6008524894714355,-0.511411190032959,0.40585070848464966,-0.16302409768104553,0.15240730345249176,0.0018883034524917741,0.09278741380920028
1789260259.9166703,-1.1688584089279175,-0.013765059411525726,0.7933789491653442,-2.609957695007324,0.02347739040851593,2.6013524532318115,-0.5249097943305969,0.40546783804893494,-0.16092270612716675,0.1528826653957367,0.002363665395736708,0.14670980696444608
1789260259.9502654,-1.1768553256988525,-0.021331187337636948,0.807515025138855,-2.615577459335327,0.03583095222711563,2.601726531982422,-0.5416202545166016,0.4045526087284088,-0.15837499499320984,0.15313604474067688,0.0026170447406768937,0.1855748884546529
1789260259.9838665,-1.185254693031311,-0.029186729341745377,0.8223644495010376,-2.620990753173828,0.048882048577070236,2.602402448654175,-0.5590746998786926,0.4038114845752716,-0.1558351069688797,0.15349701046943665,0.0029780104694366594,0.23573396487594475
1789260260.017476,-1.193584680557251,-0.03726492449641228,0.8376852869987488,-2.6268296241760254,0.06214487925171852,2.602872610092163,-0.5768373608589172,0.4028705954551697,-0.15306799113750458,0.1536688208580017,0.003149820858001723,0.26169599974856805
1789260260.0510633,-1.2018208503723145,-0.04474056884646416,0.8516908884048462,-2.6320741176605225,0.07470008730888367,2.6034791469573975,-0.593643844127655,0.40195032954216003,-0.15086647868156433,0.15382763743400574,0.003308637434005751,0.28939100670166956
1789260260.0846832,-1.2102380990982056,-0.05279714986681938,0.8662806153297424,-2.6374969482421875,0.08763838559389114,2.6040773391723633,-0.6109587550163269,0.40099024772644043,-0.14860668778419495,0.15400494635105133,0.0034859463510513444,0.30001439728971957
1789260260.11828,-1.2182565927505493,-0.060602493584156036,0.8812883496284485,-2.643106698989868,0.10054749995470047,2.6045989990234375,-0.6281744241714478,0.39997005462646484,-0.14599426090717316,0.15395230054855347,0.0034333005485534807,0.29607529771134794
1789260260.1519365,-1.22670316696167,-0.06832479685544968,0.8958344459533691,-2.648763656616211,0.1135048121213913,2.6051433086395264,-0.6456150412559509,0.3987441062927246,-0.14376693964004517,0.1537942737340927,0.0032752737340927263,0.2859902821318441
1789260260.1855,-1.23513662815094,-0.07632774114608765,0.9105609059333801,-2.6543610095977783,0.12654097378253937,2.605691432952881,-0.6629371047019958,0.3975349962711334,-0.1415693163871765,0.15365256369113922,0.003133563691139235,0.2609472243862704
1789260260.2190666,-1.2430262565612793,-0.08376709371805191,0.9247696995735168,-2.6594576835632324,0.13894954323768616,2.6062963008880615,-0.6796682476997375,0.39649108052253723,-0.13940592110157013,0.15348219871520996,0.002963198715209975,0.23821110087806927
1789260260.2526708,-1.2511171102523804,-0.09180411696434021,0.9395701289176941,-2.6649796962738037,0.1517585813999176,2.6068549156188965,-0.69684898853302,0.3952637314796448,-0.13717122375965118,0.1532219499349594,0.0027029499349594255,0.18767184827349362
1789260260.2862573,-1.259077787399292,-0.09885559976100922,0.9531922936439514,-2.670227527618408,0.1639557033777237,2.6073453426361084,-0.7130718231201172,0.3939143419265747,-0.13527241349220276,0.1527668684720993,0.002247868472099318,0.15450506866003139
1789260260.3198628,-1.2651907205581665,-0.10504632443189621,0.9646166563034058,-2.6745150089263916,0.17366771399974823,2.607797622680664,-0.7260760068893433,0.39289233088493347,-0.13357506692409515,0.15244856476783752,0.0019295647678375383,0.10087055545943382
1789260260.3534787,-1.2700082063674927,-0.10950248688459396,0.9734237790107727,-2.6775455474853516,0.1813664585351944,2.608137369155884,-0.7362726330757141,0.39218488335609436,-0.13230223953723907,0.1521904319524765,0.0016714319524765153,0.08156468806857739
1789260260.3870664,-1.274958610534668,-0.11402209103107452,0.9816648364067078,-2.6808922290802,0.1889377236366272,2.6084201335906982,-0.7464339733123779,0.3912137746810913,-0.13128966093063354,0.15182839334011078,0.0013093933401107927,0.07912937001338383
1789260260.4206154,-1.277804970741272,-0.11672478914260864,0.9863421320915222,-2.6826024055480957,0.19310849905014038,2.608670234680176,-0.7519736289978027,0.3907650113105774,-0.130794957280159,0.15171898901462555,0.0011999890146255632,0.06852804325551864
1789260260.454231,-1.2782421112060547,-0.11793304234743118,0.9895383715629578,-2.6831822395324707,0.19529291987419128,2.6087052822113037,-0.7549301981925964,0.3908722698688507,-0.12983179092407227,0.15168124437332153,0.001162244373321547,0.06852804325551864
1789260261.645437,-1.2782647609710693,-0.1181853860616684,0.9903664588928223,-2.6834051609039307,0.1958891600370407,2.608703374862671,-0.7557333707809448,0.3908706605434418,-0.1295265406370163,0.15163040161132812,0.0011114016113281389,0.07401874722002606
1789260261.6854777,-1.2782684564590454,-0.1181878000497818,0.9903714060783386,-2.6834070682525635,0.19588825106620789,2.608703851699829,-0.7557420134544373,0.39086997509002686,-0.12952636182308197,0.15163013339042664,0.0011111333904266496,0.07401874722002606
1789260261.7253282,-1.2782676219940186,-0.11818598210811615,0.9903714060783386,-2.6834070682525635,0.19588753581047058,2.6087045669555664,-0.755734920501709,0.3908700942993164,-0.129525825381279,0.15162979066371918,0.001110790663719191,0.07401874722002606
1789260261.770338,-1.2782636880874634,-0.11818811297416687,0.9903702735900879,-2.6834030151367188,0.19588853418827057,2.6087028980255127,-0.7557414770126343,0.3908722996711731,-0.1295253485441208,0.15163156390190125,0.001112563901901259,0.07132624918176021
1789260261.8153045,-1.278272271156311,-0.11818640679121017,0.9903675317764282,-2.683403491973877,0.1958867609500885,2.608701705932617,-0.7557412385940552,0.3908703625202179,-0.12952934205532074,0.15163102746009827,0.0011120274600982805,0.07401874722002606
1789260261.8544188,-1.278261423110962,-0.11818983405828476,0.9903684258460999,-2.683401107788086,0.19588832557201385,2.6087069511413574,-0.7557403445243835,0.3908741772174835,-0.1295260339975357,0.15163308382034302,0.0011140838203430314,0.07401874722002606
1789260261.8993003,-1.2782716751098633,-0.11819105595350266,0.9903664588928223,-2.683406114578247,0.19588595628738403,2.608701467514038,-0.7557332515716553,0.3908691704273224,-0.12953002750873566,0.15163125097751617,0.0011122509775161882,0.07401874722002606
1789260261.9434097,-1.2782670259475708,-0.11818641424179077,0.9903731346130371,-2.6834096908569336,0.1958906650543213,2.6087028980255127,-0.755734920501709,0.39086881279945374,-0.12952446937561035,0.151628777384758,0.0011097773847580095,0.07661668268387072
1789260261.988448,-1.2782704830169678,-0.11818528175354004,0.9903705716133118,-2.6834030151367188,0.19588452577590942,2.6087021827697754,-0.7557337284088135,0.39087116718292236,-0.12952743470668793,0.15163081884384155,0.0011118188438415666,0.07132624918176021
1789260262.0334635,-1.2782667875289917,-0.11819175630807877,0.9903695583343506,-2.683403253555298,0.19588527083396912,2.6087021827697754,-0.7557345032691956,0.39087170362472534,-0.12952744960784912,0.15163233876228333,0.001113338762283339,0.07401874722002606
1789260262.0784822,-1.2782679796218872,-0.11818699538707733,0.9903703331947327,-2.683401346206665,0.19588780403137207,2.6087028980255127,-0.7557400465011597,0.3908725082874298,-0.1295269876718521,0.1516318917274475,0.0011128917274475236,0.07132624918176021
1789260262.1167252,-1.2782676219940186,-0.1181863322854042,0.9903692603111267,-2.6834070682525635,0.19588834047317505,2.6087028980255127,-0.7557311058044434,0.3908695876598358,-0.1295265108346939,0.15162982046604156,0.0011108204660415788,0.07661668268387072
1789260262.1504636,-1.2782442569732666,-0.11817960441112518,0.9903684854507446,-2.6834030151367188,0.1958501785993576,2.6086926460266113,-0.7557291984558105,0.39087173342704773,-0.12951704859733582,0.1516287624835968,0.0011097624835968156,0.07661668268387072
1789260262.1841192,-1.2781982421875,-0.11816821247339249,0.9903742074966431,-2.6834042072296143,0.19583585858345032,2.608678102493286,-0.7557284235954285,0.3908741772174835,-0.1294938176870346,0.1516241431236267,0.0011051431236267228,0.07661668268387072
1789260262.2177184,-1.2781912088394165,-0.11816306412220001,0.9903706908226013,-2.6834022998809814,0.1958293318748474,2.6086788177490234,-0.7557228207588196,0.3908754289150238,-0.12949198484420776,0.15162378549575806,0.0011047854957580705,0.07661668268387072
1789260262.251323,-1.2781891822814941,-0.11815640330314636,0.9903706908226013,-2.6834030151367188,0.19582873582839966,2.6086788177490234,-0.7557241320610046,0.390874981880188,-0.1294899582862854,0.1516219526529312,0.0011029526529312272,0.07661668268387072
1789260262.2849038,-1.2781864404678345,-0.11816178262233734,0.9903762936592102,-2.6834065914154053,0.19581963121891022,2.608677625656128,-0.7557221055030823,0.39087408781051636,-0.12948745489120483,0.15162169933319092,0.0011026993331909318,0.08156468806857739
1789260262.3184984,-1.2781898975372314,-0.1181560605764389,0.9903724789619446,-2.6834065914154053,0.19582271575927734,2.6086790561676025,-0.7557215690612793,0.3908732533454895,-0.12948930263519287,0.15162061154842377,0.001101611548423781,0.07912937001338383
1789260262.3521297,-1.2781877517700195,-0.11815491318702698,0.9903724789619446,-2.6834022998809814,0.19582590460777283,2.608675718307495,-0.7557204961776733,0.390874981880188,-0.12948831915855408,0.15162153542041779,0.0011025354204177995,0.07912937001338383
1789260262.3857095,-1.27818763256073,-0.11815446615219116,0.9903686046600342,-2.6834042072296143,0.19582270085811615,2.608675718307495,-0.7557260394096375,0.39087361097335815,-0.12948955595493317,0.15162090957164764,0.001101909571647658,0.07912937001338383
1789260262.4194183,-1.278183102607727,-0.11815372854471207,0.9903704524040222,-2.6834068298339844,0.195826455950737,2.608678102493286,-0.7557236552238464,0.39087358117103577,-0.1294867992401123,0.15161991119384766,0.0011009111938476701,0.07401874722002606
1789260262.453017,-1.2797309160232544,-0.11701326072216034,0.9911888837814331,-2.682422637939453,0.19359195232391357,2.608654260635376,-0.7523152232170105,0.39114999771118164,-0.1297508031129837,0.15165828168392181,0.0011392816839218278,0.07401874722002606
1789260262.4866195,-1.282577395439148,-0.11430150270462036,0.9923597574234009,-2.6806881427764893,0.18937745690345764,2.6086316108703613,-0.7431668639183044,0.391556054353714,-0.13025574386119843,0.1515738070011139,0.0010548070011139055,0.08846932694105811
1789260262.5202165,-1.2852833271026611,-0.11162733286619186,0.9935179948806763,-2.6792349815368652,0.1852511167526245,2.6086273193359375,-0.7343639731407166,0.39184823632240295,-0.13068635761737823,0.15140436589717865,0.0008853658971786638,0.11364091540157657
1789260262.5537894,-1.2882534265518188,-0.10862599313259125,0.9947889447212219,-2.677501916885376,0.18035578727722168,2.60868239402771,-0.7228484749794006,0.39224040508270264,-0.13118113577365875,0.15125854313373566,0.0007395431337356706,0.13562092827251515
1789260262.5875378,-1.293365716934204,-0.1033148467540741,0.9972935318946838,-2.6743085384368896,0.17180442810058594,2.6087253093719482,-0.7054269313812256,0.3930376470088959,-0.1319141536951065,0.15103700757026672,0.0005180075702667375,0.1666890263349369
1789260262.621162,-1.298849105834961,-0.0981530249118805,0.999631404876709,-2.6711390018463135,0.1632198989391327,2.608762264251709,-0.6877263784408569,0.3937644362449646,-0.13288843631744385,0.15085600316524506,0.00033700316524507,0.19179700087998583
1789260262.6547985,-1.3028876781463623,-0.09439993649721146,1.0011916160583496,-2.668520450592041,0.15669502317905426,2.6089694499969482,-0.6743981838226318,0.39445486664772034,-0.1337393969297409,0.15085937082767487,0.0003403708276748796,0.17913678902801208
1789260263.8264358,-1.3038890361785889,-0.09320415556430817,1.0017973184585571,-2.667964220046997,0.15474802255630493,2.60898494720459,-0.6702590584754944,0.39458248019218445,-0.13381415605545044,0.150756374001503,0.00023737400150300458,0.19483355668961086
1789260263.8904376,-1.3038873672485352,-0.09320202469825745,1.0017956495285034,-2.667964220046997,0.15474800765514374,2.6089861392974854,-0.6702589988708496,0.394582599401474,-0.13381387293338776,0.15075601637363434,0.00023701637363435224,0.19483355668961086
1789260263.9313135,-1.3038873672485352,-0.09320109337568283,1.0018031597137451,-2.667965888977051,0.15474911034107208,2.6089882850646973,-0.6702615022659302,0.3945831060409546,-0.13381078839302063,0.15075519680976868,0.00023619680976869062,0.19483355668961086
1789260263.9762704,-1.3038890361785889,-0.09319938719272614,1.0017987489700317,-2.6679656505584717,0.15474848449230194,2.60898494720459,-0.6702619194984436,0.39458173513412476,-0.1338125765323639,0.15075476467609406,0.00023576467609406904,0.19683190382077603
1789260264.0153627,-1.3038873672485352,-0.0932021290063858,1.001800298690796,-2.667964220046997,0.15474772453308105,2.6089866161346436,-0.6702669262886047,0.3945832848548889,-0.13381214439868927,0.15075594186782837,0.000236941867828383,0.19382665722055112
1789260264.0604882,-1.3038897514343262,-0.09320928901433945,1.0018010139465332,-2.667965888977051,0.15474848449230194,2.6089847087860107,-0.6702650189399719,0.39458218216896057,-0.13381367921829224,0.1507568508386612,0.0002378508386612077,0.19483355668961086
1789260264.102406,-1.3038907051086426,-0.0932040736079216,1.001800537109375,-2.667964458465576,0.15474741160869598,2.6089868545532227,-0.6702590584754944,0.3945828974246979,-0.13381370902061462,0.1507563591003418,0.00023735910034181074,0.19483355668961086
1789260264.1413846,-1.303892731666565,-0.09320215880870819,1.0017952919006348,-2.6679606437683105,0.15474772453308105,2.60898756980896,-0.6702618598937988,0.39458391070365906,-0.13381674885749817,0.15075744688510895,0.00023844688510896161,0.19382665722055112
1789260264.186437,-1.303889274597168,-0.09320192039012909,1.0018004179000854,-2.6679623126983643,0.15475253760814667,2.60898756980896,-0.6702611446380615,0.39458420872688293,-0.13381299376487732,0.15075664222240448,0.00023764222240449384,0.19483355668961086
1789260264.2314043,-1.3038907051086426,-0.09320414811372757,1.0018030405044556,-2.6679675579071045,0.15474486351013184,2.60898756980896,-0.6702615022659302,0.39458176493644714,-0.13381250202655792,0.15075527131557465,0.00023627131557465986,0.19483355668961086
1789260264.2663836,-1.3038910627365112,-0.09320344775915146,1.0018051862716675,-2.6679625511169434,0.15474563837051392,2.6089859008789062,-0.6702669858932495,0.3945840299129486,-0.13381212949752808,0.15075665712356567,0.0002376571235656877,0.1958352792096712
1789260264.3000479,-1.3038840293884277,-0.09320127964019775,1.001793384552002,-2.66796612739563,0.15475088357925415,2.6089844703674316,-0.6702646017074585,0.39458155632019043,-0.13381284475326538,0.1507551670074463,0.00023616700744630292,0.1958352792096712
1789260264.333714,-1.303856372833252,-0.09319203346967697,1.0018004179000854,-2.667987585067749,0.15475568175315857,2.608961343765259,-0.6702625751495361,0.39457085728645325,-0.1337927281856537,0.1507432460784912,0.0002242460784912248,0.19782350757194625
1789260264.3673573,-1.3038402795791626,-0.09318609535694122,1.0018023252487183,-2.667987585067749,0.15475568175315857,2.608961820602417,-0.6702682971954346,0.39457300305366516,-0.13378460705280304,0.1507418155670166,0.00022281556701661542,0.19782350757194625
1789260264.4009967,-1.303834080696106,-0.09319060295820236,1.0017980337142944,-2.667989492416382,0.15475493669509888,2.6089565753936768,-0.6702635884284973,0.39457160234451294,-0.1337839663028717,0.15074191987514496,0.00022291987514497236,0.1988101655906956
1789260264.4345746,-1.303832769393921,-0.09318746626377106,1.0018001794815063,-2.6679844856262207,0.1547565460205078,2.608957290649414,-0.6702638268470764,0.39457452297210693,-0.13378269970417023,0.15074294805526733,0.00022394805526734785,0.1988101655906956
1789260264.4681544,-1.3038346767425537,-0.09318743646144867,1.0017952919006348,-2.667990207672119,0.1547541618347168,2.6089580059051514,-0.670271098613739,0.3945709764957428,-0.13378475606441498,0.15074113011360168,0.00022213011360169843,0.1988101655906956
1789260264.5017335,-1.3038339614868164,-0.09318842738866806,1.001800298690796,-2.667992353439331,0.15475846827030182,2.6089563369750977,-0.670268177986145,0.39457038044929504,-0.13378217816352844,0.1507403403520584,0.0002213403520584245,0.1988101655906956
1789260264.5353856,-1.3038290739059448,-0.09318424016237259,1.0017980337142944,-2.6679911613464355,0.15476036071777344,2.608954668045044,-0.670268714427948,0.39457085728645325,-0.1337803304195404,0.1507396697998047,0.00022066979980470136,0.19782350757194625
1789260264.5690475,-1.3038244247436523,-0.09318599104881287,1.0017993450164795,-2.6679913997650146,0.1547599732875824,2.608957529067993,-0.6702737212181091,0.3945721685886383,-0.13377854228019714,0.15074022114276886,0.00022122114276887372,0.1988101655906956
1789260264.6026285,-1.3040049076080322,-0.09298339486122131,1.0016392469406128,-2.6678028106689453,0.15462180972099304,2.608903646469116,-0.6699599027633667,0.39459937810897827,-0.13389882445335388,0.15075922012329102,0.00024022012329102949,0.19683190382077603
1789260264.6361892,-1.304641604423523,-0.09190703183412552,1.0013139247894287,-2.6667816638946533,0.1529143750667572,2.608952760696411,-0.6626444458961487,0.3949085474014282,-0.13426713645458221,0.15087927877902985,0.00036027877902986005,0.17358940356200137
1789260264.6697614,-1.3054614067077637,-0.0907929539680481,1.0008461475372314,-2.6657516956329346,0.15117813646793365,2.6091196537017822,-0.6541393399238586,0.3952002227306366,-0.1347701996564865,0.15100832283496857,0.0004893228349685808,0.145369962588823
1789260264.703375,-1.3062459230422974,-0.08968383073806763,1.000407338142395,-2.664689540863037,0.14949017763137817,2.6093766689300537,-0.6450355648994446,0.3955327868461609,-0.1352609395980835,0.15115657448768616,0.0006375744876861711,0.11014342980975618
1789260264.7369595,-1.307438611984253,-0.0877680853009224,0.999817967414856,-2.6633763313293457,0.14632676541805267,2.609532594680786,-0.6286758184432983,0.3958362340927124,-0.135896235704422,0.15119938552379608,0.0006803855237960954,0.09487278508118449
1789260264.770596,-1.309192180633545,-0.08539975434541702,0.9988312125205994,-2.661797046661377,0.1426384299993515,2.6095335483551025,-0.6110811829566956,0.396084725856781,-0.13686715066432953,0.15122683346271515,0.0007078334627151628,0.08846932694105811
1789260264.8042321,-1.3107824325561523,-0.08310111612081528,0.9978949427604675,-2.6603140830993652,0.13889551162719727,2.609532594680786,-0.5940743088722229,0.3963141143321991,-0.13775834441184998,0.15123391151428223,0.0007149115142822404,0.08622923312351063
1789260264.8378677,-1.3124136924743652,-0.08076473325490952,0.9970429539680481,-2.658674478530884,0.13496771454811096,2.6095311641693115,-0.5760890245437622,0.39661693572998047,-0.13865549862384796,0.15128329396247864,0.0007642939624786516,0.07661668268387072
1789260264.871508,-1.3139762878417969,-0.07845218479633331,0.9961573481559753,-2.6571080684661865,0.13108870387077332,2.6095194816589355,-0.5584824085235596,0.3968867063522339,-0.13953444361686707,0.1513114720582962,0.0007924720582962175,0.06852804325551864
1789260264.9050848,-1.3155428171157837,-0.07624481618404388,0.9952899813652039,-2.6555728912353516,0.1274004429578781,2.60947585105896,-0.5415253639221191,0.3971415162086487,-0.14041738212108612,0.1513490378856659,0.0008300378856659074,0.06561060592844098
1789260264.9387422,-1.3171796798706055,-0.07392077893018723,0.9943875670433044,-2.6539855003356934,0.12358057498931885,2.6093838214874268,-0.5238233208656311,0.3973879814147949,-0.14133159816265106,0.15137284994125366,0.000853849941253676,0.06561060592844098
1789260264.9724362,-1.3187822103500366,-0.07162205129861832,0.9934674501419067,-2.652423143386841,0.11985807120800018,2.6093361377716064,-0.5064206123352051,0.3976328670978546,-0.14224490523338318,0.1513969451189041,0.0008779451189041276,0.06561060592844098
1789260265.0060868,-1.320387601852417,-0.06925345957279205,0.9925646185874939,-2.6509201526641846,0.11594275385141373,2.6092476844787598,-0.48883411288261414,0.3978346288204193,-0.14313717186450958,0.15137821435928345,0.0008592143592834611,0.06561060592844098
1789260265.0396662,-1.3219987154006958,-0.06693561375141144,0.9916909337043762,-2.6493775844573975,0.11216729134321213,2.6091742515563965,-0.4711904525756836,0.39806243777275085,-0.14403557777404785,0.15138478577136993,0.0008657857713699479,0.06561060592844098
1789260265.0732932,-1.323588252067566,-0.06468919664621353,0.990800142288208,-2.6478607654571533,0.10840160399675369,2.609098196029663,-0.45388543605804443,0.3982786536216736,-0.14494383335113525,0.151398167014122,0.0008791670141220231,0.0625572578997782
1789260265.1069267,-1.325202465057373,-0.06238599866628647,0.9899160265922546,-2.64628267288208,0.10463228821754456,2.6090259552001953,-0.43623924255371094,0.3985167443752289,-0.1458621472120285,0.151418536901474,0.0008995369014740129,0.0625572578997782
1789260265.1405041,-1.326821208000183,-0.06005941703915596,0.988985538482666,-2.6446924209594727,0.1008722111582756,2.6089580059051514,-0.4186220169067383,0.39875054359436035,-0.1468019187450409,0.1514376550912857,0.0009186550912857194,0.0625572578997782
1789260265.1741111,-1.3283629417419434,-0.05779840797185898,0.9881065487861633,-2.643183708190918,0.097126305103302,2.6088759899139404,-0.4015887677669525,0.39896103739738464,-0.1476917415857315,0.15144003927707672,0.000921039277076735,0.0625572578997782
1789260265.207739,-1.3299963474273682,-0.05539870634675026,0.987209141254425,-2.641582727432251,0.09317926317453384,2.608798027038574,-0.383639931678772,0.39918866753578186,-0.14862442016601562,0.15144118666648865,0.0009221866664886613,0.0625572578997782
1789260265.2413204,-1.331513524055481,-0.05315839499235153,0.9863343834877014,-2.6400387287139893,0.08951488882303238,2.608711004257202,-0.36658135056495667,0.3994153141975403,-0.1495157778263092,0.1514577865600586,0.0009387865600586076,0.0625572578997782
1789260265.2749991,-1.333109974861145,-0.05088426172733307,0.9854003190994263,-2.638465166091919,0.08568710088729858,2.6085615158081055,-0.3490718901157379,0.39961734414100647,-0.15046356618404388,0.1514710634946823,0.0009520634946823259,0.0625572578997782
1789260265.3086066,-1.3347716331481934,-0.04855331405997276,0.9844305515289307,-2.6369130611419678,0.08185390383005142,2.6084086894989014,-0.3314097225666046,0.3997877836227417,-0.1514415293931961,0.15146201848983765,0.0009430184898376603,0.06852804325551864
1789260265.3421798,-1.3363527059555054,-0.04623943567276001,0.9834874272346497,-2.6353321075439453,0.07800083607435226,2.608266592025757,-0.3139733076095581,0.399987131357193,-0.152389258146286,0.1514662206172943,0.0009472206172943254,0.06561060592844098
1789260265.3757823,-1.3379746675491333,-0.04386317729949951,0.9825286865234375,-2.6336889266967773,0.07417021691799164,2.6080424785614014,-0.2965308129787445,0.40018603205680847,-0.15335439145565033,0.1514689177274704,0.0009499177274704118,0.06852804325551864
1789260265.4094548,-1.3395888805389404,-0.04150852933526039,0.9814940690994263,-2.6319918632507324,0.07034676522016525,2.607753038406372,-0.27876371145248413,0.4003853499889374,-0.15435725450515747,0.1514897346496582,0.000970734649658217,0.07132624918176021
1789260265.443086,-1.3411757946014404,-0.039209477603435516,0.9804530143737793,-2.630314588546753,0.06659999489784241,2.607473850250244,-0.2614259123802185,0.40058010816574097,-0.15536096692085266,0.15151642262935638,0.0009974226293563981,0.07661668268387072
1789260265.476731,-1.3428176641464233,-0.03688504546880722,0.9793986082077026,-2.6286728382110596,0.06276831775903702,2.6071722507476807,-0.24379608035087585,0.40073731541633606,-0.15638595819473267,0.15152092278003693,0.0010019227800369401,0.07401874722002606
1789260265.510385,-1.3443841934204102,-0.03461434692144394,0.9783860445022583,-2.6270296573638916,0.059023864567279816,2.6068904399871826,-0.2268790751695633,0.4009166657924652,-0.1573767513036728,0.15153861045837402,0.0010196104583740373,0.07912937001338383
1789260265.5440476,-1.3459994792938232,-0.03224489837884903,0.9773596525192261,-2.6253557205200195,0.05510663241147995,2.606590986251831,-0.20915065705776215,0.40108731389045715,-0.15838763117790222,0.1515401005744934,0.001021100574493422,0.07912937001338383
1789260265.5776427,-1.3476473093032837,-0.02979627065360546,0.9763205051422119,-2.6236720085144043,0.05114953964948654,2.606293201446533,-0.1911385953426361,0.4012482464313507,-0.15940944850444794,0.15152429044246674,0.0010052904424667497,0.07912937001338383
1789260265.611331,-1.349199652671814,-0.02752351015806198,0.9753046035766602,-2.622087001800537,0.04746399447321892,2.606006622314453,-0.1741485893726349,0.4013907015323639,-0.16039445996284485,0.15151552855968475,0.0009965285596847673,0.08392937202498843
1789260265.6449082,-1.350806713104248,-0.025222359225153923,0.9742607474327087,-2.6204311847686768,0.04361581429839134,2.6057114601135254,-0.1565362811088562,0.4015445411205292,-0.1614275574684143,0.15152274072170258,0.0010037407217025895,0.07912937001338383
1789260265.6784897,-1.3524339199066162,-0.022885659709572792,0.9732077717781067,-2.6187198162078857,0.03970702737569809,2.6054189205169678,-0.13900138437747955,0.40171390771865845,-0.1624816507101059,0.15153954923152924,0.0010205492315292497,0.07661668268387072
1789260265.7120981,-1.354010820388794,-0.020569803193211555,0.9721724390983582,-2.617039680480957,0.03587641566991806,2.6051418781280518,-0.12154833227396011,0.40188056230545044,-0.16350948810577393,0.15154993534088135,0.0010309353408813615,0.07661668268387072
1789260265.7457328,-1.3556015491485596,-0.018185017630457878,0.9711533784866333,-2.615363359451294,0.03200220316648483,2.604851484298706,-0.10407441854476929,0.4020361006259918,-0.16452734172344208,0.1515389382839203,0.001019938283920302,0.07912937001338383
1789260265.7793849,-1.3571441173553467,-0.015876565128564835,0.9701443314552307,-2.613722801208496,0.02833152934908867,2.6045632362365723,-0.08693782985210419,0.402186781167984,-0.16552667319774628,0.15153247117996216,0.001013471179962172,0.07912937001338383
1789260265.8130834,-1.3587729930877686,-0.013494852930307388,0.9690726399421692,-2.612053871154785,0.02444433979690075,2.604257345199585,-0.06900817155838013,0.4023132920265198,-0.1665865182876587,0.15151499211788177,0.0009959921178817888,0.07912937001338383
1789260265.8467128,-1.3604074716567993,-0.011181366629898548,0.9680513143539429,-2.610441207885742,0.0205848328769207,2.603959798812866,-0.05134933814406395,0.40242159366607666,-0.1676335334777832,0.1514931172132492,0.0009741172132492204,0.07661668268387072
1789260265.8803625,-1.3619624376296997,-0.008920149877667427,0.9670436978340149,-2.6088194847106934,0.01682353764772415,2.603684186935425,-0.03433462232351303,0.4025533199310303,-0.1686563640832901,0.15148760378360748,0.0009686037836074968,0.07661668268387072
1789260265.9139683,-1.363593339920044,-0.006552362814545631,0.965971827507019,-2.607078790664673,0.012901530601084232,2.603360652923584,-0.016699666157364845,0.40269699692726135,-0.169743612408638,0.15149207413196564,0.0009730741319656511,0.06852804325551864
1789260265.9476142,-1.3652727603912354,-0.004093542695045471,0.9648985266685486,-2.6053011417388916,0.009022953920066357,2.6030240058898926,0.0012977597070857882,0.40283939242362976,-0.17084337770938873,0.1514839380979538,0.0009649380979538102,0.07132624918176021
1789260265.9811943,-1.3668180704116821,-0.0018046057084575295,0.9638596773147583,-2.603639841079712,0.00527682900428772,2.6027119159698486,0.018268972635269165,0.402965784072876,-0.1718849539756775,0.15147708356380463,0.0009580835638046403,0.07132624918176021
1789260266.0148406,-1.3684484958648682,0.0005526320310309529,0.9627642035484314,-2.601862907409668,0.0014626553747802973,2.602282762527466,0.03582703322172165,0.4030904769897461,-0.17298991978168488,0.15148217976093292,0.0009631797609329362,0.07401874722002606
1789260266.0483968,-1.370111346244812,0.0029256842099130154,0.9615709781646729,-2.599963426589966,-0.0022903645876795053,2.6018104553222656,0.053220704197883606,0.4032357633113861,-0.1741674840450287,0.15152110159397125,0.0010021015939712663,0.07401874722002606
1789260266.0819895,-1.3717727661132812,0.0053184437565505505,0.9603805541992188,-2.5981104373931885,-0.006061439868062735,2.6013081073760986,0.07089836895465851,0.4033486843109131,-0.17533297836780548,0.15153370797634125,0.0010147079763412614,0.07132624918176021
1789260266.1156507,-1.3734153509140015,0.007795311976224184,0.9592230319976807,-2.596252918243408,-0.009786900132894516,2.6007916927337646,0.08843929320573807,0.4034627079963684,-0.1764652132987976,0.1515234410762787,0.0010044410762787004,0.07661668268387072
1789260266.149239,-1.3750171661376953,0.010150712914764881,0.9580637812614441,-2.5944650173187256,-0.013367430306971073,2.6003024578094482,0.10554131865501404,0.4035586714744568,-0.1775912344455719,0.15151934325695038,0.0010003432569503923,0.08156468806857739
1789260266.1828663,-1.3767048120498657,0.012622584588825703,0.9568493366241455,-2.592529535293579,-0.01718508079648018,2.5997841358184814,0.12349562346935272,0.40367844700813293,-0.17879246175289154,0.1515333354473114,0.0010143354473114152,0.08622923312351063
1789260266.216417,-1.3783910274505615,0.014974295161664486,0.9556514024734497,-2.5906269550323486,-0.02095695212483406,2.5992937088012695,0.14107437431812286,0.40379148721694946,-0.1800064742565155,0.15156641602516174,0.001047416025161757,0.08156468806857739
1789260266.250008,-1.3799704313278198,0.01730218157172203,0.9544791579246521,-2.5887908935546875,-0.024597935378551483,2.598815679550171,0.15811578929424286,0.4038982093334198,-0.18115857243537903,0.15158088505268097,0.001061885052680983,0.07912937001338383
1789260266.2835648,-1.3815950155258179,0.019750459119677544,0.9532949328422546,-2.5868725776672363,-0.02839123085141182,2.59832501411438,0.1756870299577713,0.40401792526245117,-0.18233728408813477,0.15159070491790771,0.0010717049179077287,0.08156468806857739
1789260266.3171442,-1.3832194805145264,0.022172056138515472,0.952128529548645,-2.5850815773010254,-0.03210669383406639,2.5978291034698486,0.19306769967079163,0.40407970547676086,-0.18348786234855652,0.1515592783689499,0.001040278368949904,0.08392937202498843
1789260266.3507547,-1.3848456144332886,0.02460641600191593,0.950959324836731,-2.583253860473633,-0.035826146602630615,2.597313165664673,0.21066270768642426,0.40414777398109436,-0.18464811146259308,0.15153369307518005,0.0010146930751800676,0.08622923312351063
1789260266.3843694,-1.3865159749984741,0.026976415887475014,0.9497777223587036,-2.581371784210205,-0.03970463201403618,2.596822500228882,0.22826498746871948,0.40422943234443665,-0.18586544692516327,0.15154382586479187,0.001024825864791884,0.07912937001338383
1789260266.4180183,-1.3881645202636719,0.029329434037208557,0.9485852718353271,-2.5794520378112793,-0.04338514432311058,2.5963375568389893,0.2456568479537964,0.404328852891922,-0.18708808720111847,0.15156999230384827,0.0010509923038482805,0.07661668268387072
1789260266.4515936,-1.3898159265518188,0.03173878788948059,0.947413444519043,-2.5775485038757324,-0.04713241010904312,2.5958399772644043,0.2633395493030548,0.4044139087200165,-0.18829506635665894,0.15157273411750793,0.0010537341175079484,0.07661668268387072
1789260266.4851584,-1.3914185762405396,0.03410399705171585,0.9462862610816956,-2.575756549835205,-0.05072387307882309,2.595334768295288,0.2802509665489197,0.4044642150402069,-0.18944589793682098,0.15154457092285156,0.0010255709228515764,0.07661668268387072
1789260266.5188057,-1.3930915594100952,0.03656913340091705,0.9450617432594299,-2.5738558769226074,-0.05443141236901283,2.594836950302124,0.2980062663555145,0.4045218527317047,-0.19067907333374023,0.15152661502361298,0.00100761502361299,0.07661668268387072
1789260266.552413,-1.3948075771331787,0.039034176617860794,0.9438374638557434,-2.5719716548919678,-0.058308251202106476,2.5943124294281006,0.3159630596637726,0.4045509994029999,-0.19193300604820251,0.151497945189476,0.000978945189476027,0.07401874722002606
1789260266.5860324,-1.3964132070541382,0.041325729340314865,0.942685604095459,-2.570178508758545,-0.06199081614613533,2.593806266784668,0.3329317271709442,0.4045819044113159,-0.1931225061416626,0.15148210525512695,0.000963105255126967,0.06852804325551864
1789260266.6196325,-1.3980536460876465,0.043721310794353485,0.9415107369422913,-2.5682995319366455,-0.06576619297266006,2.593323230743408,0.3505611717700958,0.4046339988708496,-0.19434493780136108,0.15146933495998383,0.0009503349599838395,0.06561060592844098
1789260266.6532745,-1.399687647819519,0.046181175857782364,0.9403384923934937,-2.566318988800049,-0.06939508765935898,2.5927109718322754,0.367934912443161,0.4047018885612488,-0.19556434452533722,0.15146242082118988,0.0009434208211898942,0.06561060592844098
1789260266.6869338,-1.4012939929962158,0.04874170944094658,0.9391677379608154,-2.564091920852661,-0.07304736971855164,2.592021942138672,0.3855739235877991,0.4048595130443573,-0.19681017100811005,0.15150833129882812,0.0009893312988281389,0.07132624918176021
1789260266.7205029,-1.4028960466384888,0.05128849297761917,0.937992513179779,-2.5619235038757324,-0.07668702304363251,2.591259002685547,0.4031161963939667,0.4049716889858246,-0.19804324209690094,0.15152770280838013,0.0010087028083801408,0.07401874722002606
1789260266.7540908,-1.4044415950775146,0.053734343498945236,0.9368568658828735,-2.5598533153533936,-0.08025544881820679,2.590561866760254,0.42019858956336975,0.4050716161727905,-0.19924002885818481,0.15154258906841278,0.0010235890684127946,0.07912937001338383
1789260266.7876968,-1.4060654640197754,0.056282807141542435,0.9356465339660645,-2.5577220916748047,-0.08396921306848526,2.5898048877716064,0.4381614923477173,0.40514448285102844,-0.20049931108951569,0.1515430361032486,0.00102403610324861,0.07661668268387072
1789260266.8213212,-1.4075950384140015,0.058736663311719894,0.934523344039917,-2.555630683898926,-0.08744227141141891,2.5890989303588867,0.45524752140045166,0.4052475392818451,-0.20169322192668915,0.1515580415725708,0.0010390415725708146,0.07912937001338383
1789260266.8550406,-1.4091719388961792,0.06128609552979469,0.933357834815979,-2.5534329414367676,-0.09103405475616455,2.588392734527588,0.4726904034614563,0.405367910861969,-0.20294047892093658,0.15158246457576752,0.001063464575767531,0.08622923312351063
1789260266.8887012,-1.410766839981079,0.06385592371225357,0.9321528673171997,-2.551253318786621,-0.09464675188064575,2.587646245956421,0.490389883518219,0.4054535925388336,-0.20420509576797485,0.15158794820308685,0.0010689482030868669,0.09065408419654447
1789260266.9223404,-1.4123483896255493,0.06633911281824112,0.9310165047645569,-2.5491442680358887,-0.09827711433172226,2.586909770965576,0.5077447295188904,0.40552473068237305,-0.20544059574604034,0.15159106254577637,0.001072062545776381,0.08846932694105811
1789260266.9559417,-1.4139728546142578,0.06885901838541031,0.9298426508903503,-2.546982526779175,-0.10195904970169067,2.5861799716949463,0.5252823829650879,0.40559518337249756,-0.20672191679477692,0.15160048007965088,0.0010814800796508928,0.08622923312351063
1789260266.9895775,-1.4155728816986084,0.07136787474155426,0.9286803007125854,-2.5448668003082275,-0.10561524331569672,2.585462808609009,0.5429867506027222,0.4056505262851715,-0.2079838216304779,0.1515951007604599,0.0010761007604599138,0.08392937202498843
1789260267.0231826,-1.4171733856201172,0.07393351197242737,0.9275065660476685,-2.542745351791382,-0.10920581966638565,2.584742307662964,0.5603272914886475,0.4056984782218933,-0.20924365520477295,0.15157338976860046,0.0010543897686004777,0.08846932694105811
1789260267.0568664,-1.4187902212142944,0.07647950947284698,0.926305890083313,-2.5406086444854736,-0.11283691227436066,2.583998203277588,0.5780158042907715,0.4057328999042511,-0.21053221821784973,0.15155687928199768,0.0010378792819976945,0.08622923312351063
1789260267.0904763,-1.4203999042510986,0.0789913758635521,0.9251339435577393,-2.538409948348999,-0.11645756661891937,2.5832722187042236,0.5956074595451355,0.40579983592033386,-0.21183356642723083,0.151571586728096,0.0010525867280960222,0.08622923312351063
1789260267.1240175,-1.42195725440979,0.08139851689338684,0.9239981174468994,-2.5363168716430664,-0.12004286050796509,2.5825557708740234,0.6126696467399597,0.40584054589271545,-0.2130947709083557,0.1515759974718094,0.001056997471809401,0.08156468806857739
1789260267.1575758,-1.4235788583755493,0.0839872732758522,0.9227967858314514,-2.534083127975464,-0.12376605719327927,2.5818326473236084,0.6306034326553345,0.40589770674705505,-0.21442073583602905,0.15157662332057953,0.0010576233205795427,0.08156468806857739
1789260267.1911306,-1.425125241279602,0.08645026385784149,0.9216874837875366,-2.5320751667022705,-0.12724073231220245,2.581125497817993,0.6476561427116394,0.405901163816452,-0.21563993394374847,0.15153177082538605,0.0010127708253860612,0.07912937001338383
1789260267.2246985,-1.4267246723175049,0.08901472389698029,0.9205180406570435,-2.5299758911132812,-0.13083279132843018,2.580392360687256,0.6651235222816467,0.4059024155139923,-0.21691636741161346,0.15148524940013885,0.0009662494001388688,0.07661668268387072
1789260267.2582734,-1.4283232688903809,0.09152381867170334,0.9193230271339417,-2.527815103530884,-0.13440190255641937,2.579671859741211,0.6825893521308899,0.4059216380119324,-0.2182333618402481,0.1514735370874405,0.0009545370874405046,0.07401874722002606
1789260267.2918873,-1.4299513101577759,0.09400706738233566,0.9181458353996277,-2.5255582332611084,-0.13798892498016357,2.5788779258728027,0.7002303004264832,0.405958354473114,-0.21958400309085846,0.15149493515491486,0.0009759351549148698,0.07401874722002606
1789260267.3255394,-1.431525468826294,0.09658201038837433,0.9170339107513428,-2.5231263637542725,-0.14144405722618103,2.577850818634033,0.7177786231040955,0.4060426950454712,-0.22089743614196777,0.15153318643569946,0.0010141864356994768,0.07401874722002606
1789260267.3591394,-1.4330188035964966,0.0991063341498375,0.915988564491272,-2.5208284854888916,-0.1447439342737198,2.576862096786499,0.734857976436615,0.406110018491745,-0.22212669253349304,0.15154032409191132,0.0010213240919113298,0.07401874722002606
1789260267.3927343,-1.4346048831939697,0.1017632856965065,0.9148968458175659,-2.518432855606079,-0.14819879829883575,2.5758116245269775,0.7528080940246582,0.4061621427536011,-0.22341999411582947,0.15153633058071136,0.0010173305807113786,0.08156468806857739
1789260267.42634,-1.436123013496399,0.10427970439195633,0.9138299822807312,-2.516157388687134,-0.15149307250976562,2.574803590774536,0.7698332071304321,0.4061937630176544,-0.2246706336736679,0.15152984857559204,0.0010108485755920549,0.08156468806857739
1789260267.4599729,-1.4376877546310425,0.10681048035621643,0.9127558469772339,-2.513734817504883,-0.15481485426425934,2.5737547874450684,0.7874623537063599,0.40625861287117004,-0.2259829193353653,0.15156595408916473,0.0010469540891647477,0.08156468806857739
1789260267.4935253,-1.439285397529602,0.10934159904718399,0.9117045402526855,-2.5112411975860596,-0.15826736390590668,2.5727174282073975,0.805116593837738,0.40634414553642273,-0.22732914984226227,0.15162697434425354,0.001107974344253554,0.07912937001338383
1789260267.5271382,-1.4408299922943115,0.11190173774957657,0.910629153251648,-2.5088136196136475,-0.16154612600803375,2.5716962814331055,0.8224362134933472,0.40640732645988464,-0.2286401391029358,0.15165391564369202,0.0011349156436920305,0.08392937202498843
1789260267.560677,-1.4424057006835938,0.1145467460155487,0.9095607995986938,-2.506467342376709,-0.16491487622261047,2.570636510848999,0.8400723338127136,0.4064146876335144,-0.2299278825521469,0.15162193775177002,0.0011029377517700334,0.08392937202498843
1789260267.5943692,-1.4440083503723145,0.11713271588087082,0.9084587097167969,-2.5041332244873047,-0.16823135316371918,2.569577217102051,0.8575943112373352,0.40639829635620117,-0.23124995827674866,0.1515979915857315,0.0010789915857315202,0.09065408419654447
1789260267.6280072,-1.4455889463424683,0.11965750902891159,0.9073742032051086,-2.5017006397247314,-0.1715327650308609,2.568537473678589,0.8750136494636536,0.4064299464225769,-0.23260006308555603,0.15162640810012817,0.0011074081001281877,0.08846932694105811
1789260267.6616468,-1.4471546411514282,0.1221906989812851,0.9063199758529663,-2.499218225479126,-0.17492853105068207,2.5674960613250732,0.8926784992218018,0.40648388862609863,-0.23395244777202606,0.15166904032230377,0.0011500403223037858,0.08392937202498843
1789260267.6952124,-1.4486656188964844,0.12468097358942032,0.9052817225456238,-2.4968721866607666,-0.17823338508605957,2.5664687156677246,0.9096035361289978,0.40649864077568054,-0.2352474331855774,0.15167394280433655,0.0011549428043365617,0.08392937202498843
1789260267.7287846,-1.4502590894699097,0.12736248970031738,0.904188334941864,-2.4944849014282227,-0.1816321164369583,2.5654125213623047,0.9273661375045776,0.40647852420806885,-0.23658119142055511,0.15163162350654602,0.0011126235065460344,0.08622923312351063
1789260267.7623663,-1.4518793821334839,0.1299997717142105,0.9030953049659729,-2.492072820663452,-0.1850801259279251,2.5643463134765625,0.9453042149543762,0.40645331144332886,-0.23794619739055634,0.15160702168941498,0.0010880216894149919,0.08392937202498843
1789260267.7959836,-1.4534106254577637,0.13246166706085205,0.9020349979400635,-2.4897561073303223,-0.1883174329996109,2.5633444786071777,0.9623445272445679,0.4064328968524933,-0.2392672896385193,0.1516023874282837,0.0010833874282837053,0.08392937202498843
1789260267.8296146,-1.4549633264541626,0.1349906176328659,0.9009531140327454,-2.487320899963379,-0.19165854156017303,2.562312364578247,0.9798235893249512,0.40643301606178284,-0.24063390493392944,0.1516149640083313,0.0010959640083313127,0.08156468806857739
1789260267.8633032,-1.4565426111221313,0.13752837479114532,0.8998798131942749,-2.4848594665527344,-0.19502341747283936,2.561286449432373,0.9973196983337402,0.4064330756664276,-0.24201977252960205,0.15163271129131317,0.0011137112913131852,0.07401874722002606
1789260267.8969576,-1.4580949544906616,0.14016516506671906,0.8987904787063599,-2.4824106693267822,-0.19844940304756165,2.5602588653564453,1.0148335695266724,0.40642011165618896,-0.24338632822036743,0.15161365270614624,0.001094652706146254,0.07401874722002606
1789260267.9306078,-1.4596691131591797,0.14277499914169312,0.8977150321006775,-2.4800643920898438,-0.20174723863601685,2.5591824054718018,1.0324896574020386,0.40635165572166443,-0.24472586810588837,0.15155868232250214,0.00103968232250215,0.07912937001338383
1789260267.9641914,-1.4612109661102295,0.1453213393688202,0.8967046737670898,-2.477627754211426,-0.2048249989748001,2.5580997467041016,1.0495339632034302,0.4063408076763153,-0.24605919420719147,0.1515548825263977,0.001035882526397719,0.08392937202498843
1789260267.9977283,-1.462819218635559,0.14796558022499084,0.8956514596939087,-2.474930763244629,-0.20803898572921753,2.557006359100342,1.0675162076950073,0.40639010071754456,-0.24750596284866333,0.1516108214855194,0.001091821485519423,0.07912937001338383
1789260268.031398,-1.4643629789352417,0.15048207342624664,0.8946800827980042,-2.4724135398864746,-0.21103675663471222,2.5559608936309814,1.0846059322357178,0.4064159393310547,-0.24886251986026764,0.1516447365283966,0.0011257365283966203,0.08156468806857739
1789260268.0650513,-1.4659847021102905,0.1531825214624405,0.8936694860458374,-2.4698598384857178,-0.21423372626304626,2.554818630218506,1.102054476737976,0.4063931703567505,-0.25024881958961487,0.151624858379364,0.0011058583793640275,0.08392937202498843
1789260268.098642,-1.4676239490509033,0.15588504076004028,0.892615556716919,-2.4672627449035645,-0.21738803386688232,2.553666114807129,1.1197850704193115,0.4063621163368225,-0.25167447328567505,0.15161366760730743,0.001094667607307448,0.09278741380920028
1789260268.1322908,-1.4692531824111938,0.15848283469676971,0.8916118144989014,-2.464710235595703,-0.2205142378807068,2.5525410175323486,1.1370905637741089,0.4063307046890259,-0.2530865967273712,0.15161925554275513,0.0011002555427551408,0.08846932694105811
1789260268.1659472,-1.4708725214004517,0.1610994040966034,0.8905874490737915,-2.4620819091796875,-0.22365142405033112,2.551403284072876,1.1547722816467285,0.4063146710395813,-0.25452670454978943,0.15164166688919067,0.0011226668891906877,0.09065408419654447
1789260268.199532,-1.4724724292755127,0.1637154072523117,0.8895963430404663,-2.459397077560425,-0.22672316431999207,2.550299644470215,1.172331690788269,0.4063345789909363,-0.2559677064418793,0.15168675780296326,0.0011677578029632707,0.08846932694105811
1789260268.2331548,-1.4741007089614868,0.16640591621398926,0.8885931968688965,-2.4567461013793945,-0.22985219955444336,2.5491626262664795,1.1897497177124023,0.4063146710395813,-0.2574053406715393,0.15169109404087067,0.0011720940408706804,0.08846932694105811
1789260268.266793,-1.4757263660430908,0.16907429695129395,0.8875336050987244,-2.454213857650757,-0.23291808366775513,2.5480165481567383,1.207352876663208,0.4062267243862152,-0.2588326930999756,0.15165148675441742,0.0011324867544174333,0.09891171693842998
1789260268.3003423,-1.477288842201233,0.17163778841495514,0.8865750432014465,-2.451765775680542,-0.2359769642353058,2.5469257831573486,1.224298119544983,0.406157910823822,-0.26019448041915894,0.1516207605600357,0.0011017605600357194,0.09691329395132914
1789260268.3339775,-1.4789149761199951,0.1742662936449051,0.8855780363082886,-2.4490811824798584,-0.2390647679567337,2.5458059310913086,1.2420293092727661,0.4061356782913208,-0.2616630494594574,0.15164858102798462,0.001129581027984633,0.09278741380920028
1789260268.3675497,-1.480551838874817,0.17694191634655,0.8845475912094116,-2.4463164806365967,-0.24224315583705902,2.5446457862854004,1.259962797164917,0.4061127305030823,-0.2631711959838867,0.15168258547782898,0.0011635854778289934,0.09065408419654447
1789260268.401195,-1.482109546661377,0.17957495152950287,0.8835792541503906,-2.4437875747680664,-0.2452206164598465,2.5435383319854736,1.2770458459854126,0.40604788064956665,-0.2645553648471832,0.1516495794057846,0.0011305794057846208,0.09487278508118449
1789260268.4348233,-1.4837456941604614,0.18225111067295074,0.8825297355651855,-2.441246509552002,-0.24830538034439087,2.5424084663391113,1.2945455312728882,0.40592876076698303,-0.266006737947464,0.15159748494625092,0.0010784849462509294,0.09487278508118449
1789260268.4683845,-1.4853694438934326,0.1849074512720108,0.8814770579338074,-2.4386510848999023,-0.251410573720932,2.5412561893463135,1.3122013807296753,0.40581998229026794,-0.2674781382083893,0.15156573057174683,0.00104673057174684,0.09691329395132914
1789260268.5020359,-1.486943244934082,0.1874876320362091,0.880497395992279,-2.4360501766204834,-0.2545159161090851,2.5401530265808105,1.329521656036377,0.40575137734413147,-0.2689235508441925,0.15156522393226624,0.0010462239322662492,0.08846932694105811
1789260268.5356467,-1.4885344505310059,0.19011442363262177,0.8794983625411987,-2.4333622455596924,-0.2576676607131958,2.539044141769409,1.347072720527649,0.40569379925727844,-0.27040916681289673,0.15157736837863922,0.001058368378639235,0.07912937001338383
1789260268.5692904,-1.4900712966918945,0.19270704686641693,0.8785778880119324,-2.430762529373169,-0.26068833470344543,2.5379185676574707,1.3641986846923828,0.4056345522403717,-0.27181577682495117,0.15156906843185425,0.001050068431854262,0.07912937001338383
1789260268.6028523,-1.4917553663253784,0.19544818997383118,0.8776787519454956,-2.42807936668396,-0.26365503668785095,2.5366666316986084,1.3822094202041626,0.40553900599479675,-0.2732650935649872,0.15153351426124573,0.0010145142612457414,0.08622923312351063
1789260268.6364856,-1.4933669567108154,0.1980935037136078,0.8767921328544617,-2.425441265106201,-0.26656174659729004,2.535442590713501,1.3997907638549805,0.4054511487483978,-0.2746862769126892,0.15151116251945496,0.00099216251945497,0.09065408419654447
1789260268.6701014,-1.4949195384979248,0.2006126493215561,0.8759629130363464,-2.422778367996216,-0.2693697512149811,2.534268856048584,1.4167325496673584,0.40541207790374756,-0.27609527111053467,0.1515423208475113,0.0010233208475113054,0.08392937202498843
1789260268.7037435,-1.4965565204620361,0.20324371755123138,0.8751243352890015,-2.4199774265289307,-0.2722092270851135,2.533015489578247,1.4344680309295654,0.40537139773368835,-0.27756643295288086,0.15157899260520935,0.0010599926052093644,0.08622923312351063
1789260268.7373881,-1.4981619119644165,0.20599642395973206,0.874336838722229,-2.4171535968780518,-0.27517780661582947,2.531691551208496,1.4524091482162476,0.40533801913261414,-0.2789941132068634,0.15158158540725708,0.001062585407257094,0.08846932694105811
1789260268.7710207,-1.4996980428695679,0.20857371389865875,0.8736128807067871,-2.4145679473876953,-0.2778354287147522,2.530427932739258,1.469419002532959,0.40527188777923584,-0.2803158462047577,0.15155915915966034,0.0010401591596603532,0.09487278508118449
1789260268.8045917,-1.5013024806976318,0.21119293570518494,0.8728305697441101,-2.4118642807006836,-0.28065598011016846,2.5291311740875244,1.486926555633545,0.4051932990550995,-0.28172871470451355,0.151556596159935,0.0010375961599350114,0.09891171693842998
1789260268.8381991,-1.5028852224349976,0.21377363801002502,0.8720712661743164,-2.4090778827667236,-0.28338491916656494,2.527838945388794,1.5044277906417847,0.4051530063152313,-0.2831585705280304,0.15159554779529572,0.0010765477952957292,0.09691329395132914
1789260268.8718944,-1.504485011100769,0.21638743579387665,0.8713314533233643,-2.4062442779541016,-0.28615689277648926,2.5265867710113525,1.5219820737838745,0.405129611492157,-0.2846069037914276,0.15164399147033691,0.001124991470336928,0.09487278508118449
1789260268.9055433,-1.5060690641403198,0.21908020973205566,0.8705588579177856,-2.403445243835449,-0.2889120876789093,2.5253052711486816,1.539629578590393,0.4050745368003845,-0.28603675961494446,0.15164726972579956,0.0011282697257995744,0.09891171693842998
1789260268.9391663,-1.5075966119766235,0.22167077660560608,0.8698012232780457,-2.4008965492248535,-0.291617751121521,2.5240464210510254,1.5566424131393433,0.4049527943134308,-0.2873744070529938,0.15159177780151367,0.0010727778015136857,0.10467832346762979
1789260268.9727626,-1.5092426538467407,0.22436919808387756,0.8689996004104614,-2.3981053829193115,-0.2945335805416107,2.52274227142334,1.574668049812317,0.40484562516212463,-0.28885021805763245,0.1515803337097168,0.0010613337097168107,0.10467832346762979
1789260269.0064824,-1.510840892791748,0.2269590198993683,0.8682196736335754,-2.395247220993042,-0.2973400056362152,2.5214905738830566,1.5922629833221436,0.4047880172729492,-0.29034408926963806,0.1516309529542923,0.0011119529542923112,0.09691329395132914
1789260269.040114,-1.5123543739318848,0.22948333621025085,0.8674947619438171,-2.3925418853759766,-0.3000947833061218,2.5202529430389404,1.6092439889907837,0.40471750497817993,-0.291743665933609,0.15164992213249207,0.0011309221324920793,0.09487278508118449
1789260269.0737216,-1.5139167308807373,0.23221789300441742,0.8667296767234802,-2.3898026943206787,-0.30284151434898376,2.5189616680145264,1.6268891096115112,0.40461164712905884,-0.29315128922462463,0.15160395205020905,0.0010849520502090593,0.09691329395132914
1789260269.1073067,-1.515466570854187,0.23483532667160034,0.8659740686416626,-2.387146234512329,-0.30557963252067566,2.5176873207092285,1.6441755294799805,0.4044819176197052,-0.2945471704006195,0.1515643447637558,0.0010453447637558122,0.10087055545943382
1789260269.140901,-1.517064094543457,0.23746536672115326,0.8652061223983765,-2.384408950805664,-0.3084034025669098,2.5164105892181396,1.6618629693984985,0.4043518304824829,-0.2960004210472107,0.15154609084129333,0.0010270908412933488,0.09891171693842998
1789260269.1744895,-1.5186823606491089,0.2400464415550232,0.8644366264343262,-2.381598949432373,-0.31116175651550293,2.515141248703003,1.6793533563613892,0.404235303401947,-0.29749801754951477,0.15156753361225128,0.0010485336122512956,0.09065408419654447
1789260269.2080717,-1.5202651023864746,0.24263660609722137,0.863710880279541,-2.3787670135498047,-0.3139852285385132,2.5138673782348633,1.6969181299209595,0.4041411876678467,-0.2989765405654907,0.15159501135349274,0.0010760113534927507,0.08156468806857739
1789260269.2416308,-1.5218743085861206,0.24529239535331726,0.8630682826042175,-2.376025438308716,-0.31663334369659424,2.5125443935394287,1.714444637298584,0.4040229618549347,-0.30038025975227356,0.1515694558620453,0.001050455862045302,0.08622923312351063
1789260269.2751937,-1.5233978033065796,0.24785539507865906,0.8624139428138733,-2.373443841934204,-0.3192084729671478,2.511235475540161,1.7314457893371582,0.40387168526649475,-0.301715224981308,0.1515127420425415,0.0009937420425415178,0.09278741380920028
1789260269.308735,-1.5250109434127808,0.250502347946167,0.8617243766784668,-2.370631694793701,-0.3218621611595154,2.50991153717041,1.749098300933838,0.4037454128265381,-0.3031725287437439,0.15150581300258636,0.0009868130025863786,0.09065408419654447
1789260269.3423235,-1.5266354084014893,0.2530081570148468,0.8611459732055664,-2.3677918910980225,-0.3243888020515442,2.5085971355438232,1.7664716243743896,0.4036608636379242,-0.3046242892742157,0.15156348049640656,0.001044480496406569,0.09278741380920028
1789260269.3759017,-1.528224229812622,0.2555999159812927,0.8606265783309937,-2.364961862564087,-0.32689130306243896,2.507200241088867,1.7841147184371948,0.40358078479766846,-0.306014746427536,0.15158602595329285,0.0010670259532928605,0.09065408419654447
1789260269.4094672,-1.5297932624816895,0.25825273990631104,0.8601378798484802,-2.3622379302978516,-0.32936617732048035,2.5058178901672363,1.8016467094421387,0.40347886085510254,-0.3073394298553467,0.15155215561389923,0.0010331556138992448,0.10279207254188717
1789260269.4431384,-1.5313812494277954,0.2608397901058197,0.8596307039260864,-2.359489679336548,-0.3318745791912079,2.504441022872925,1.8190999031066895,0.40336692333221436,-0.30870503187179565,0.1515447050333023,0.001025705033302321,0.10467832346762979
1789260269.4767983,-1.5329753160476685,0.263403058052063,0.8591062426567078,-2.356661796569824,-0.3343997597694397,2.5030627250671387,1.8366291522979736,0.40326544642448425,-0.3101169764995575,0.15156982839107513,0.0010508283910751481,0.10279207254188717
1789260269.51038,-1.5346072912216187,0.26593294739723206,0.8585799932479858,-2.3537731170654297,-0.3369291126728058,2.501696825027466,1.8543879985809326,0.40316644310951233,-0.3115776479244232,0.15162663161754608,0.0011076316175460954,0.09891171693842998
1789260269.5439487,-1.5361576080322266,0.26840779185295105,0.8580590486526489,-2.350996732711792,-0.33939313888549805,2.500375986099243,1.8713226318359375,0.40306219458580017,-0.31297653913497925,0.1516626477241516,0.0011436477241516252,0.09487278508118449
1789260269.5775,-1.5377612113952637,0.2711232006549835,0.8575297594070435,-2.3481881618499756,-0.34192630648612976,2.4989612102508545,1.889359712600708,0.40292036533355713,-0.3143669664859772,0.15162025392055511,0.0011012539205551286,0.10087055545943382
1789260269.611113,-1.539292335510254,0.2736618220806122,0.8570258617401123,-2.3455488681793213,-0.34432458877563477,2.497617721557617,1.906385064125061,0.4027678668498993,-0.31569093465805054,0.15158048272132874,0.0010614827213287492,0.1083523598284494
1789260269.644699,-1.5408704280853271,0.27621781826019287,0.8565088510513306,-2.3426895141601562,-0.34681400656700134,2.496251344680786,1.92386794090271,0.40265196561813354,-0.31712204217910767,0.15160953998565674,0.0010905399856567521,0.10279207254188717
1789260269.6784616,-1.542476773262024,0.2787814140319824,0.8560124635696411,-2.339811086654663,-0.34929418563842773,2.494847536087036,1.9415446519851685,0.4025260806083679,-0.3185617923736572,0.15163972973823547,0.0011207297382354875,0.10279207254188717
1789260269.712126,-1.5440714359283447,0.2813474237918854,0.8555199503898621,-2.3370633125305176,-0.35176411271095276,2.4934990406036377,1.958905577659607,0.40236836671829224,-0.31995412707328796,0.15162429213523865,0.0011052921352386613,0.10279207254188717
1789260269.745737,-1.5456633567810059,0.28401076793670654,0.8549937605857849,-2.3342809677124023,-0.35436999797821045,2.4921066761016846,1.976439356803894,0.4021911919116974,-0.3213598132133484,0.1515793353319168,0.001060335331916823,0.10653118153060223
1789260269.779435,-1.5472196340560913,0.28653639554977417,0.8545003533363342,-2.3316166400909424,-0.3567745089530945,2.490753412246704,1.9935200214385986,0.4020068049430847,-0.32271555066108704,0.15154139697551727,0.0010223969755172868,0.10653118153060223
1789260269.8130739,-1.5488817691802979,0.28915849328041077,0.8539588451385498,-2.328677177429199,-0.35934126377105713,2.4893457889556885,2.0115914344787598,0.401833713054657,-0.3242240250110626,0.15155942738056183,0.0010404273805618425,0.09891171693842998
1789260269.8466969,-1.5504117012023926,0.2915751039981842,0.8534519672393799,-2.3259260654449463,-0.3616921007633209,2.488042116165161,2.0289387702941895,0.40167689323425293,-0.325633704662323,0.15158770978450775,0.0010687097845077653,0.09278741380920028
1789260269.8803449,-1.5517657995224,0.2932385504245758,0.8530924916267395,-2.3241584300994873,-0.36334991455078125,2.4871366024017334,2.0421531200408936,0.40142202377319336,-0.3266848027706146,0.15155787765979767,0.0010388776597976823,0.09487278508118449
1789260269.9139488,-1.5529576539993286,0.2949327826499939,0.8528289794921875,-2.322442054748535,-0.364933043718338,2.4862730503082275,2.054643392562866,0.40124621987342834,-0.32760971784591675,0.15151262283325195,0.000993622833251967,0.09691329395132914
1789260269.9475236,-1.5542619228363037,0.2967017590999603,0.852504312992096,-2.3205933570861816,-0.36664068698883057,2.485363721847534,2.06779146194458,0.4010358452796936,-0.32864320278167725,0.1514786332845688,0.0009596332845688005,0.09487278508118449
1789260269.9811285,-1.5542799234390259,0.29861941933631897,0.8518164157867432,-2.318338394165039,-0.3686642646789551,2.4838979244232178,2.073739767074585,0.4011191129684448,-0.32939597964286804,0.1514509618282318,0.0009319618282318254,0.09065408419654447
1789260270.0147877,-1.5504058599472046,0.30300232768058777,0.8506866097450256,-2.312333106994629,-0.3721969425678253,2.481154680252075,2.0748636722564697,0.40315359830856323,-0.32969287037849426,0.15179814398288727,0.001279143982887282,0.07401874722002606
1789260270.048493,-1.5461841821670532,0.3078175187110901,0.8496085405349731,-2.306852102279663,-0.3758104741573334,2.478109836578369,2.0760068893432617,0.40509548783302307,-0.32953062653541565,0.15177850425243378,0.0012595042524337907,0.10279207254188717
1789260270.0821407,-1.5422617197036743,0.31255611777305603,0.848303496837616,-2.3010709285736084,-0.37934476137161255,2.4752869606018066,2.0771400928497314,0.40698179602622986,-0.3297179043292999,0.15187741816043854,0.0013584181604385515,0.11190583714844751
1789260270.1157937,-1.5353208780288696,0.32087451219558716,0.8460533618927002,-2.2907910346984863,-0.38567134737968445,2.470022439956665,2.0789873600006104,0.4102834463119507,-0.33003759384155273,0.15205331146717072,0.0015343114671707292,0.12972151222939818
1789260270.149475,-1.5261876583099365,0.33136680722236633,0.8433205485343933,-2.277188301086426,-0.3936314582824707,2.4636178016662598,2.0811595916748047,0.4148105978965759,-0.33049872517585754,0.15249976515769958,0.001980765157699599,0.14265252599748507
1789260270.1830747,-1.5167949199676514,0.34226781129837036,0.840900719165802,-2.2645936012268066,-0.4016789197921753,2.4569859504699707,2.0833723545074463,0.41915202140808105,-0.3302546739578247,0.1524050533771515,0.0018860533771515031,0.17358940356200137
1789260270.2166133,-1.5077199935913086,0.35275959968566895,0.8380478024482727,-2.251293659210205,-0.4095655381679535,2.450392246246338,2.085531234741211,0.42341145873069763,-0.33064213395118713,0.15260891616344452,0.002089916163444533,0.17693870661400976
1789260270.25022,-1.4982398748397827,0.364301860332489,0.8349787592887878,-2.2370591163635254,-0.4181808829307556,2.4434945583343506,2.0879268646240234,0.4278663694858551,-0.33112502098083496,0.1526690274477005,0.0021500274477005143,0.1834539611091176
1789260270.283833,-1.4877772331237793,0.37623804807662964,0.8319607973098755,-2.2225353717803955,-0.427217960357666,2.435995578765869,2.090440511703491,0.4325695335865021,-0.33118072152137756,0.15258367359638214,0.002064673596382155,0.1747129721695325
1789260270.31741,-1.4775060415267944,0.38828444480895996,0.8287554979324341,-2.2072534561157227,-0.4364352822303772,2.428558349609375,2.092987298965454,0.437315970659256,-0.3316710591316223,0.152647465467453,0.002128465467453017,0.15195108845669586
1789260270.3510246,-1.4675014019012451,0.3998189866542816,0.8258870244026184,-2.1933541297912598,-0.4450197219848633,2.4213249683380127,2.0953824520111084,0.44171810150146484,-0.3316783607006073,0.15239368379116058,0.0018746837911605974,0.13847642022149
1789260270.3846278,-1.4592936038970947,0.4097432792186737,0.8236841559410095,-2.181055784225464,-0.4519804120063782,2.4159154891967773,2.0972518920898438,0.445706844329834,-0.3319002687931061,0.15236443281173706,0.0018454328117370744,0.14401765375946743
1789260270.4182348,-1.4521697759628296,0.41836684942245483,0.8211851119995117,-2.1707732677459717,-0.45870110392570496,2.4102365970611572,2.099057912826538,0.44859763979911804,-0.33216601610183716,0.15196996927261353,0.0014509692726135393,0.11190583714844751
1789260270.4518352,-1.4445600509643555,0.4270506501197815,0.8189058899879456,-2.1597485542297363,-0.4651997983455658,2.4049317836761475,2.1008553504943848,0.4519977271556854,-0.33239781856536865,0.1518579125404358,0.0013389125404358049,0.07661668268387072
1789260270.4855123,-1.4381914138793945,0.43373820185661316,0.817183792591095,-2.1509525775909424,-0.470920205116272,2.4004263877868652,2.1022300720214844,0.45476585626602173,-0.33246856927871704,0.15182769298553467,0.0013086929855346818,0.019782341029446364
1789260270.5191119,-1.4342806339263916,0.437501460313797,0.8157809376716614,-2.1467301845550537,-0.4728352725505829,2.3980021476745605,2.1068389415740967,0.4561089277267456,-0.3321787714958191,0.15146683156490326,0.0009478315649032731,0.07912937001338383
1789260270.5527184,-1.4304276704788208,0.44077828526496887,0.8143346905708313,-2.141590118408203,-0.47466638684272766,2.395754814147949,2.1122360229492188,0.45772093534469604,-0.33236852288246155,0.15163633227348328,0.0011173322734832902,0.05595291190411357
1789260270.5863314,-1.426696538925171,0.44402703642845154,0.8130136728286743,-2.136927604675293,-0.47644510865211487,2.3935225009918213,2.117368221282959,0.4592055380344391,-0.3323807418346405,0.1516566425561905,0.0011376425561905046,0.048456642643301504
1789260270.6199365,-1.4214133024215698,0.44796836376190186,0.8111640214920044,-2.1311092376708984,-0.47844913601875305,2.3905420303344727,2.1265199184417725,0.4611537456512451,-0.3321807384490967,0.15166528522968292,0.0011462852296829362,0.0625572578997782
1789260270.6534956,-1.412696361541748,0.45416298508644104,0.8082544803619385,-2.121368646621704,-0.48081111907958984,2.3863117694854736,2.1426520347595215,0.4646168053150177,-0.3318537175655365,0.15191900730133057,0.0014000073013305803,0.03956468264845247
1789260270.687089,-1.4041355848312378,0.46058884263038635,0.8054594397544861,-2.1121604442596436,-0.48310720920562744,2.382087230682373,2.1586780548095703,0.4679009020328522,-0.3312843441963196,0.15187807381153107,0.0013590738115310808,0.059347025446578223
1789260270.7206836,-1.3958019018173218,0.4666857421398163,0.8022488355636597,-2.102313995361328,-0.4854428768157959,2.3778486251831055,2.1749303340911865,0.4711228907108307,-0.3312820494174957,0.15210531651973724,0.0015863165197372575,0.044234660174789026
1789260270.7543616,-1.3869596719741821,0.47318530082702637,0.7993623614311218,-2.0929195880889893,-0.4879206717014313,2.3733320236206055,2.1914522647857666,0.4744197130203247,-0.3306347727775574,0.15200872719287872,0.001489727192878737,0.06852804325551864
1789260270.78795,-1.3774415254592896,0.480074405670166,0.7958886623382568,-2.0822887420654297,-0.4905751943588257,2.3685073852539062,2.209425687789917,0.4779684543609619,-0.3302893340587616,0.1520467847585678,0.001527784758567824,0.06852804325551864
1789260270.8215058,-1.3683987855911255,0.48667433857917786,0.7925416231155396,-2.07171368598938,-0.4931665062904358,2.3639299869537354,2.2270219326019287,0.48143449425697327,-0.33013346791267395,0.15219929814338684,0.0016802981433868547,0.05595291190411357
1789260270.8551311,-1.3591002225875854,0.4934530258178711,0.7895268201828003,-2.0618906021118164,-0.4956991970539093,2.35939621925354,2.2440385818481445,0.4848845899105072,-0.32937267422676086,0.15203332901000977,0.0015143290100097795,0.07401874722002606
1789260270.8887362,-1.350332260131836,0.49981579184532166,0.7865192890167236,-2.052173137664795,-0.4981037676334381,2.355067253112793,2.2605583667755127,0.48817551136016846,-0.32887953519821167,0.1519954800605774,0.0014764800605774064,0.07132624918176021
1789260270.9224334,-1.3420439958572388,0.5059617757797241,0.7833831310272217,-2.0426809787750244,-0.5005133152008057,2.3507063388824463,2.276808023452759,0.49118369817733765,-0.3286135196685791,0.15191219747066498,0.0013931974706649919,0.06561060592844098
1789260270.9560633,-1.3339097499847412,0.5119616985321045,0.7806618809700012,-2.0335512161254883,-0.5027216672897339,2.346710443496704,2.2921340465545654,0.4942646920681,-0.3281140923500061,0.15184511244297028,0.0013261124429702897,0.07132624918176021
1789260270.9896438,-1.3261371850967407,0.5176337957382202,0.7779031991958618,-2.024731397628784,-0.5049912333488464,2.3425989151000977,2.3065199851989746,0.4971018135547638,-0.32773658633232117,0.15176457166671753,0.0012455716667175432,0.059347025446578223
1789260271.023288,-1.3227932453155518,0.5204991102218628,0.7767860889434814,-2.02101993560791,-0.5061606168746948,2.3408563137054443,2.312931776046753,0.49830326437950134,-0.3274507224559784,0.15152156352996826,0.0010025635299682756,0.08156468806857739
1789260271.0570264,-1.3202673196792603,0.5225239396095276,0.7759323716163635,-2.017958641052246,-0.5072158575057983,2.3392701148986816,2.3182413578033447,0.49922409653663635,-0.3273578882217407,0.15146706998348236,0.0009480699834823747,0.08392937202498843
1789260271.0906384,-1.317509412765503,0.5247946977615356,0.7751535773277283,-2.014622688293457,-0.5082511901855469,2.3377492427825928,2.3235695362091064,0.5003255605697632,-0.32717272639274597,0.15142515301704407,0.0009061530170440812,0.08156468806857739
1789260271.1241982,-1.3165695667266846,0.5267068147659302,0.7752399444580078,-2.0117199420928955,-0.5097068548202515,2.3361313343048096,2.3243606090545654,0.501018762588501,-0.3274380564689636,0.15154315531253815,0.0010241553125381608,0.07132624918176021
1789260271.1578245,-1.3203918933868408,0.531489372253418,0.7793439030647278,-2.0076613426208496,-0.5150290727615356,2.332740545272827,2.316256284713745,0.50138258934021,-0.3284359872341156,0.15148577094078064,0.0009667709407806535,0.08846932694105811
1789260271.1914127,-1.324403166770935,0.5358297824859619,0.7831620573997498,-2.0032293796539307,-0.5202327966690063,2.329495906829834,2.3076705932617188,0.5017256736755371,-0.32988685369491577,0.15172845125198364,0.0012094512519836564,0.07132624918176021
1789260271.2250266,-1.3286864757537842,0.5407130122184753,0.7871876358985901,-1.999142050743103,-0.5255874395370483,2.326091766357422,2.298898220062256,0.5018948912620544,-0.33117881417274475,0.1516408920288086,0.0011218920288086076,0.08846932694105811
1789260271.25865,-1.3342299461364746,0.5480078458786011,0.7931370735168457,-1.992976427078247,-0.5335142016410828,2.321413516998291,2.2868447303771973,0.5024961829185486,-0.3327740728855133,0.15157446265220642,0.0010554626522064348,0.08622923312351063
1789260271.2922306,-1.3416334390640259,0.558442234992981,0.8015788197517395,-1.984403133392334,-0.5441429615020752,2.314607858657837,2.270183801651001,0.5034104585647583,-0.3347190320491791,0.15140347182750702,0.0008844718275070329,0.09891171693842998
1789260271.3258748,-1.3494873046875,0.568413257598877,0.8099362850189209,-1.9753928184509277,-0.555030107498169,2.30767822265625,2.2533621788024902,0.5042160153388977,-0.3372633457183838,0.15161573886871338,0.0010967388687133928,0.07912937001338383
1789260271.3594317,-1.3572242259979248,0.578301727771759,0.8177382946014404,-1.9669393301010132,-0.5654158592224121,2.3008718490600586,2.2371139526367188,0.5047137141227722,-0.3398277759552002,0.15158502757549286,0.0010660275754928727,0.08156468806857739
1789260271.3930295,-1.365450143814087,0.58910071849823,0.8263357281684875,-1.9579310417175293,-0.5769574046134949,2.293349027633667,2.219388484954834,0.5052481293678284,-0.34248578548431396,0.15152351558208466,0.0010045155820846696,0.09278741380920028
1789260271.4266305,-1.373565673828125,0.5999037027359009,0.8350391387939453,-1.9490045309066772,-0.5881220698356628,2.285893440246582,2.201869010925293,0.5058268308639526,-0.345054030418396,0.15150874853134155,0.0009897485313415666,0.09487278508118449
1789260271.4602854,-1.3814665079116821,0.6103042960166931,0.8432184457778931,-1.9404629468917847,-0.5991067290306091,2.278679370880127,2.184762477874756,0.5062163472175598,-0.34773361682891846,0.15146788954734802,0.0009488895473480363,0.09691329395132914
1789260271.4939098,-1.3897573947906494,0.6211373805999756,0.8518704175949097,-1.9313071966171265,-0.6104737520217896,2.271127939224243,2.167193651199341,0.5066676735877991,-0.35066935420036316,0.15159451961517334,0.0010755196151733537,0.07661668268387072
1789260271.5274625,-1.3980599641799927,0.6323146820068359,0.860658586025238,-1.9223816394805908,-0.6220176219940186,2.26328706741333,2.149132490158081,0.5069971680641174,-0.3534870743751526,0.1515427976846695,0.0010237976846695085,0.08156468806857739
1789260271.5610688,-1.40596342086792,0.6427165269851685,0.8688334226608276,-1.9139920473098755,-0.6330227851867676,2.2556865215301514,2.1321725845336914,0.5071513056755066,-0.3563227355480194,0.1515396386384964,0.0010206386384964128,0.09065408419654447
1789260271.594619,-1.4142533540725708,0.653602659702301,0.8770986795425415,-1.9051786661148071,-0.6441593170166016,2.2479395866394043,2.1146581172943115,0.5072067379951477,-0.35948312282562256,0.15153075754642487,0.0010117575464248796,0.08846932694105811
1789260271.6282167,-1.422407865524292,0.6645880341529846,0.8854571580886841,-1.8965562582015991,-0.6554771065711975,2.2403147220611572,2.0972142219543457,0.5072782635688782,-0.36254340410232544,0.1514860987663269,0.0009670987663269182,0.08156468806857739
1789260271.661915,-1.4299060106277466,0.6747167706489563,0.8933618068695068,-1.8886409997940063,-0.6657088994979858,2.233065366744995,2.080920457839966,0.5073416233062744,-0.3652966320514679,0.1515047401189804,0.0009857401189804216,0.07912937001338383
1789260271.695548,-1.4371893405914307,0.6851138472557068,0.9009893536567688,-1.8809295892715454,-0.6759344339370728,2.225900411605835,2.0648481845855713,0.5073036551475525,-0.36799225211143494,0.1512984037399292,0.0007794037399292131,0.09278741380920028
1789260271.7290752,-1.4444681406021118,0.6948024034500122,0.908263087272644,-1.8734467029571533,-0.6856961846351624,2.2189781665802,2.0494544506073,0.5071198344230652,-0.37088435888290405,0.15126796066761017,0.0007489606676101823,0.09065408419654447
1789260271.762622,-1.4513671398162842,0.7036758065223694,0.9151773452758789,-1.8658976554870605,-0.6951684355735779,2.21209979057312,2.03477144241333,0.5069395303726196,-0.3739316165447235,0.15153825283050537,0.001019252830505385,0.0625572578997782
1789260271.7962303,-1.454892873764038,0.7085868716239929,0.9182782173156738,-1.862511396408081,-0.6995192766189575,2.208897590637207,2.0277631282806396,0.5066366791725159,-0.3753744661808014,0.15125522017478943,0.0007362201747894426,0.08846932694105811
1789260271.8298628,-1.4573101997375488,0.7128634452819824,0.9211186766624451,-1.8595331907272339,-0.7031558156013489,2.206268072128296,2.021831750869751,0.5067098140716553,-0.3762555420398712,0.15107935667037964,0.0005603566703796525,0.10279207254188717
1789260271.8635476,-1.4581842422485352,0.7136110067367554,0.9218835830688477,-1.8584550619125366,-0.7045480012893677,2.205213785171509,2.0197200775146484,0.5066226720809937,-0.37682947516441345,0.1512734740972519,0.000754474097251906,0.08622923312351063
1789260272.9104533,-1.4580663442611694,0.7137382626533508,0.9219200015068054,-1.8584280014038086,-0.7045754790306091,2.205207109451294,2.019650459289551,0.5066821575164795,-0.37674665451049805,0.15123850107192993,0.0007195010719299455,0.08622923312351063
1789260272.9513428,-1.45806086063385,0.7137336134910583,0.9219277501106262,-1.8584290742874146,-0.7045804858207703,2.205204725265503,2.0196480751037598,0.5066866278648376,-0.3767416477203369,0.1512422263622284,0.0007232263622284074,0.08392937202498843
1789260272.9963374,-1.458066701889038,0.7137311697006226,0.9219241738319397,-1.8584305047988892,-0.7045783996582031,2.205204963684082,2.019652843475342,0.5066828727722168,-0.37674564123153687,0.1512417197227478,0.0007227197227478166,0.08392937202498843
1789260273.0362864,-1.4580626487731934,0.7137303352355957,0.9219319820404053,-1.8584233522415161,-0.7045794725418091,2.2052061557769775,2.0196542739868164,0.5066891312599182,-0.3767438530921936,0.15124699473381042,0.0007279947338104387,0.08156468806857739
1789260273.0752997,-1.4580680131912231,0.7137328386306763,0.921925961971283,-1.8584294319152832,-0.7045770883560181,2.2052085399627686,2.019653797149658,0.5066840648651123,-0.37674573063850403,0.1512422412633896,0.0007232412633896013,0.08622923312351063
1789260273.1203787,-1.458064317703247,0.7137345671653748,0.9219309687614441,-1.85842764377594,-0.704577624797821,2.2052056789398193,2.01965069770813,0.5066871047019958,-0.37674224376678467,0.15124337375164032,0.0007243737516403337,0.08622923312351063
1789260273.1602736,-1.458064317703247,0.7137345671653748,0.921924889087677,-1.8584269285202026,-0.7045789957046509,2.2052059173583984,2.0196468830108643,0.5066847801208496,-0.3767451345920563,0.15124183893203735,0.0007228389320373674,0.08622923312351063
1789260273.2053707,-1.4580626487731934,0.7137345671653748,0.9219284653663635,-1.858428716659546,-0.7045789957046509,2.205204725265503,2.0196468830108643,0.5066863298416138,-0.37674209475517273,0.15124216675758362,0.000723166757583632,0.08622923312351063
1789260273.2431884,-1.458055853843689,0.7137283682823181,0.9219270348548889,-1.858429193496704,-0.7045786380767822,2.2052063941955566,2.0196540355682373,0.5066887140274048,-0.37674015760421753,0.1512443572282791,0.0007253572282791276,0.08392937202498843
1789260273.2768004,-1.457993984222412,0.7137296199798584,0.9219165444374084,-1.8584496974945068,-0.7045378088951111,2.205203056335449,2.0196571350097656,0.5067042708396912,-0.3766992390155792,0.15123316645622253,0.000714166456222548,0.08392937202498843
1789260273.3103561,-1.4579302072525024,0.7137384414672852,0.9219260215759277,-1.8584754467010498,-0.7045289874076843,2.2052032947540283,2.0196590423583984,0.5067274570465088,-0.3766497075557709,0.15122324228286743,0.0007042422828674455,0.08622923312351063
1789260273.3440218,-1.457924485206604,0.7137432098388672,0.9219238758087158,-1.8584824800491333,-0.7045228481292725,2.2052066326141357,2.019660234451294,0.5067281126976013,-0.37664324045181274,0.15121832489967346,0.0006993248996734758,0.08846932694105811
1789260273.3776517,-1.4579216241836548,0.7137380242347717,0.921919584274292,-1.8584827184677124,-0.7045222520828247,2.205204725265503,2.019653797149658,0.5067271590232849,-0.37664419412612915,0.15121905505657196,0.0007000550565719743,0.09065408419654447
1789260273.4112976,-1.4579139947891235,0.7137414813041687,0.9219217300415039,-1.858492374420166,-0.7045237421989441,2.205207347869873,2.0196545124053955,0.5067295432090759,-0.3766350746154785,0.15121501684188843,0.0006960168418884416,0.08846932694105811
1789260273.444912,-1.457916259765625,0.7137360572814941,0.9219160079956055,-1.8584866523742676,-0.7045220136642456,2.2052080631256104,2.0196592807769775,0.5067277550697327,-0.37664172053337097,0.1512177288532257,0.0006987288532257219,0.08846932694105811
1789260273.4785051,-1.4579147100448608,0.713744580745697,0.921913206577301,-1.8584856986999512,-0.704521656036377,2.2052061557769775,2.019658088684082,0.5067268013954163,-0.3766407370567322,0.15121334791183472,0.0006943479118347307,0.08846932694105811
1789260273.512102,-1.457913875579834,0.7137418389320374,0.9219152331352234,-1.8584892749786377,-0.704521656036377,2.205207347869873,2.0196609497070312,0.5067276358604431,-0.37663859128952026,0.15121395885944366,0.0006949588594436784,0.08622923312351063
1789260273.54572,-1.4578930139541626,0.7137401700019836,0.9219136238098145,-1.8584920167922974,-0.7045210003852844,2.2052130699157715,2.019634962081909,0.5067355632781982,-0.37662795186042786,0.15121378004550934,0.0006947800455093522,0.08846932694105811
1789260273.5793343,-1.4578169584274292,0.7137323021888733,0.9219022393226624,-1.8585950136184692,-0.7044123411178589,2.2052817344665527,2.0142288208007812,0.5067574381828308,-0.376542329788208,0.1511836051940918,0.0006646051940918107,0.09278741380920028
1789260273.6129098,-1.45770263671875,0.7136745452880859,0.9218395948410034,-1.8587498664855957,-0.7042907476425171,2.205408811569214,2.0073251724243164,0.5067768096923828,-0.37644580006599426,0.15114642679691315,0.0006274267969131608,0.09691329395132914
1789260273.6464546,-1.4575064182281494,0.7134547829627991,0.9217177629470825,-1.8589752912521362,-0.7041313648223877,2.205559253692627,1.9964598417282104,0.5067991614341736,-0.3763273358345032,0.1511385142803192,0.0006195142803192277,0.09278741380920028
1789260273.6800013,-1.457097053527832,0.7130092978477478,0.9215396642684937,-1.8594188690185547,-0.7037801742553711,2.205904483795166,1.979813814163208,0.5068879127502441,-0.3760582506656647,0.15115155279636383,0.0006325527963638444,0.09691329395132914
1789260273.713614,-1.4565839767456055,0.7125202417373657,0.9214046001434326,-1.8599224090576172,-0.7034326791763306,2.206263303756714,1.962501049041748,0.5070251226425171,-0.3757030963897705,0.1511763483285904,0.0006573483285904069,0.09278741380920028
1789260273.7471993,-1.456109881401062,0.7120505571365356,0.92122882604599,-1.8603936433792114,-0.7030498385429382,2.206606864929199,1.9452941417694092,0.5071343183517456,-0.37538942694664,0.15119057893753052,0.0006715789375305314,0.09065408419654447
1789260273.7808387,-1.4556355476379395,0.7115691304206848,0.9210106730461121,-1.86090886592865,-0.7026686072349548,2.2069594860076904,1.9276043176651,0.5072201490402222,-0.37507662177085876,0.1511824131011963,0.0006634131011963029,0.09487278508118449
1789260273.8144104,-1.455167293548584,0.7111026644706726,0.9208060503005981,-1.8613967895507812,-0.7022718787193298,2.2073171138763428,1.91044282913208,0.5073151588439941,-0.3747689425945282,0.15118186175823212,0.0006628617582321306,0.08846932694105811
1789260273.8480785,-1.4546515941619873,0.7106043100357056,0.9206082224845886,-1.861920714378357,-0.7018676400184631,2.207683563232422,1.8923894166946411,0.5074261426925659,-0.3744245767593384,0.15118521451950073,0.0006662145195007463,0.09278741380920028
1789260273.8816323,-1.454140067100525,0.7101148962974548,0.9204279780387878,-1.862426996231079,-0.7014830112457275,2.2080492973327637,1.874713659286499,0.5075449347496033,-0.3740834593772888,0.15119610726833344,0.0006771072683334489,0.09487278508118449
1789260273.915241,-1.4536588191986084,0.7096517086029053,0.9202434420585632,-1.8629027605056763,-0.7011051774024963,2.2084004878997803,1.857738733291626,0.5076524019241333,-0.37376779317855835,0.15120376646518707,0.0006847664651870866,0.09065408419654447
1789260273.9488602,-1.4531582593917847,0.709162175655365,0.9200443029403687,-1.8634108304977417,-0.7007180452346802,2.208765983581543,1.8399369716644287,0.5077585577964783,-0.37343889474868774,0.15120834112167358,0.0006893411216735978,0.08846932694105811
1789260273.9824967,-1.4526536464691162,0.708659291267395,0.9198355078697205,-1.863929033279419,-0.7003359198570251,2.2091333866119385,1.8218653202056885,0.5078607201576233,-0.37311074137687683,0.15121230483055115,0.0006933048305511613,0.08846932694105811
1789260274.0161347,-1.452182650566101,0.7081926465034485,0.9196342825889587,-1.8644148111343384,-0.699966549873352,2.2094902992248535,1.8048629760742188,0.5079559087753296,-0.37280476093292236,0.1512133777141571,0.0006943777141571184,0.09065408419654447
1789260274.0497801,-1.4516985416412354,0.7077154517173767,0.91943359375,-1.8649195432662964,-0.6995944380760193,2.2098631858825684,1.7870920896530151,0.5080560445785522,-0.3724862337112427,0.1512138992547989,0.000694899254798903,0.09065408419654447
1789260274.0834427,-1.4511810541152954,0.707237184047699,0.9192384481430054,-1.865444540977478,-0.6991811394691467,2.2102158069610596,1.7694066762924194,0.5081634521484375,-0.37213483452796936,0.15120762586593628,0.0006886258659362932,0.09278741380920028
1789260274.1171005,-1.4506652355194092,0.7067570090293884,0.9190409779548645,-1.8659509420394897,-0.6987974643707275,2.2105727195739746,1.7519334554672241,0.5082727670669556,-0.37179696559906006,0.1512083262205124,0.000689326220512404,0.09065408419654447
1789260274.1506882,-1.45016610622406,0.7062581777572632,0.9188366532325745,-1.8664562702178955,-0.698423445224762,2.210951328277588,1.7341786623001099,0.5083776712417603,-0.37147626280784607,0.1512172669172287,0.0006982669172287126,0.08846932694105811
1789260274.184369,-1.449682354927063,0.7057727575302124,0.9186487197875977,-1.8669322729110718,-0.6980530619621277,2.211300849914551,1.7170383930206299,0.5084823369979858,-0.3711659014225006,0.15123312175273895,0.0007141217527389665,0.08846932694105811
1789260274.2180092,-1.449167251586914,0.7052792310714722,0.9184444546699524,-1.867438793182373,-0.6976404786109924,2.2116754055023193,1.699045181274414,0.5085923671722412,-0.3708311915397644,0.15123890340328217,0.0007199034032821794,0.08622923312351063
1789260274.2516036,-1.448668360710144,0.7048008441925049,0.9182350635528564,-1.8679516315460205,-0.6972690224647522,2.212038040161133,1.68134343624115,0.5086890459060669,-0.370505690574646,0.1512334644794464,0.000714464479446425,0.08392937202498843
1789260274.2852325,-1.4481936693191528,0.7043207883834839,0.918041467666626,-1.8684461116790771,-0.6969075202941895,2.2123830318450928,1.664355754852295,0.5087825059890747,-0.37019455432891846,0.1512383222579956,0.0007193222579956193,0.09065408419654447
1789260274.3188872,-1.4477137327194214,0.7038313746452332,0.9178340435028076,-1.8689582347869873,-0.6965206265449524,2.212756633758545,1.6465734243392944,0.5088753700256348,-0.36987900733947754,0.1512393355369568,0.000720335536956801,0.08846932694105811
1789260274.352457,-1.4472086429595947,0.7033373117446899,0.917622983455658,-1.8694943189620972,-0.6961274147033691,2.2131435871124268,1.6285014152526855,0.5089741945266724,-0.3695428669452667,0.1512340009212494,0.0007150009212494035,0.08846932694105811
1789260274.3861372,-1.4467188119888306,0.7028737664222717,0.9174269437789917,-1.8700186014175415,-0.6957692503929138,2.2134921550750732,1.6114088296890259,0.5090659856796265,-0.3692103922367096,0.15122072398662567,0.0007017239866256852,0.09065408419654447
1789260274.4197342,-1.4461978673934937,0.7023753523826599,0.9172375202178955,-1.870562195777893,-0.6953741908073425,2.2138564586639404,1.5937291383743286,0.5091726183891296,-0.3688541352748871,0.15121899545192719,0.0006999954519271989,0.09065408419654447
1789260274.4534113,-1.4456937313079834,0.7018653154373169,0.917036771774292,-1.8710800409317017,-0.6949769854545593,2.2142274379730225,1.5759713649749756,0.5092748999595642,-0.3685240149497986,0.15122848749160767,0.0007094874916076799,0.09065408419654447
1789260274.4869819,-1.4452019929885864,0.7013648748397827,0.9168375730514526,-1.8715794086456299,-0.6946038007736206,2.2145912647247314,1.5585230588912964,0.5093743801116943,-0.3682080805301666,0.15124018490314484,0.0007211849031448503,0.08622923312351063
1789260274.5205412,-1.444716215133667,0.7008596658706665,0.9166371822357178,-1.8721015453338623,-0.6942070126533508,2.2149500846862793,1.540816068649292,0.5094660520553589,-0.36788421869277954,0.15124507248401642,0.0007260724840164323,0.08846932694105811
1789260274.5541356,-1.4442418813705444,0.7003794312477112,0.916441023349762,-1.872611165046692,-0.6938264966011047,2.215315341949463,1.5237277746200562,0.5095577239990234,-0.36756739020347595,0.15124550461769104,0.0007265046176910539,0.09065408419654447
1789260274.5877056,-1.4437353610992432,0.6998650431632996,0.9162283539772034,-1.8731549978256226,-0.693444013595581,2.2156832218170166,1.505679726600647,0.5096489787101746,-0.36723265051841736,0.15124376118183136,0.0007247611818313737,0.09065408419654447
1789260274.621282,-1.4432626962661743,0.6993905901908875,0.9160416722297668,-1.8736692667007446,-0.6930591464042664,2.216041326522827,1.4885506629943848,0.5097408294677734,-0.36690929532051086,0.15124215185642242,0.0007231518564224382,0.09065408419654447
1789260274.6548831,-1.4427669048309326,0.6989132165908813,0.9158381819725037,-1.8741992712020874,-0.692664384841919,2.2164080142974854,1.4709211587905884,0.5098332166671753,-0.36657416820526123,0.1512320190668106,0.0007130190668106218,0.09278741380920028
1789260274.688499,-1.4422557353973389,0.6984238624572754,0.9156356453895569,-1.8747416734695435,-0.692263662815094,2.216782569885254,1.4531804323196411,0.5099307894706726,-0.3662275969982147,0.1512235552072525,0.0007045552072525163,0.09278741380920028
1789260274.7220647,-1.4417401552200317,0.6979345679283142,0.9154356718063354,-1.8752564191818237,-0.6918619871139526,2.217139482498169,1.435761570930481,0.5100325345993042,-0.3658885061740875,0.1512240320444107,0.0007050320444107194,0.09065408419654447
1789260274.75567,-1.441232442855835,0.6974464654922485,0.9152452349662781,-1.8757610321044922,-0.691466748714447,2.2175099849700928,1.418057918548584,0.5101395845413208,-0.36555492877960205,0.1512315422296524,0.0007125422296524186,0.09065408419654447
1789260274.7892597,-1.4407439231872559,0.6969845294952393,0.91504967212677,-1.8762381076812744,-0.6910853981971741,2.217874526977539,1.4008948802947998,0.5102405548095703,-0.3652413785457611,0.1512354612350464,0.0007164612350464006,0.08846932694105811
1789260274.8229067,-1.4402217864990234,0.6964873671531677,0.9148461818695068,-1.876765489578247,-0.690679132938385,2.2182414531707764,1.3827797174453735,0.5103422403335571,-0.364896684885025,0.15123464167118073,0.000715641671180739,0.09065408419654447
1789260274.856521,-1.4397283792495728,0.6959967613220215,0.9146409034729004,-1.8772876262664795,-0.6902757883071899,2.2186107635498047,1.3651067018508911,0.5104337334632874,-0.364568829536438,0.15123251080513,0.0007135108051300187,0.09487278508118449
1789260274.8901186,-1.4392483234405518,0.695529580116272,0.9144507050514221,-1.8777886629104614,-0.689888596534729,2.2189598083496094,1.348061442375183,0.5105251669883728,-0.3642474114894867,0.15123037993907928,0.0007113799390792985,0.09278741380920028
1789260274.9237287,-1.4387450218200684,0.6950482726097107,0.9142459630966187,-1.878304123878479,-0.6895073652267456,2.219330310821533,1.33036208152771,0.5106208324432373,-0.3639182150363922,0.15122678875923157,0.0007077887592315812,0.09278741380920028
1789260274.9573147,-1.4382349252700806,0.6945687532424927,0.9140500426292419,-1.8788107633590698,-0.6891177296638489,2.2196919918060303,1.3129512071609497,0.5107221603393555,-0.3635839819908142,0.15122739970684052,0.000708399706840529,0.09278741380920028
1789260274.991042,-1.4377268552780151,0.6940822601318359,0.9138486385345459,-1.879325032234192,-0.6887183785438538,2.220052480697632,1.295145034790039,0.5108189582824707,-0.36325016617774963,0.15122652053833008,0.000707520538330092,0.09065408419654447
1789260275.024682,-1.4372038841247559,0.6935945153236389,0.9136453866958618,-1.8798218965530396,-0.6883188486099243,2.22042179107666,1.2775439023971558,0.5109254121780396,-0.3629172742366791,0.15123257040977478,0.0007135704097747941,0.09487278508118449
1789260275.058372,-1.4366881847381592,0.6930880546569824,0.9134485125541687,-1.8803300857543945,-0.6879115700721741,2.22078800201416,1.2597488164901733,0.5110291838645935,-0.36258330941200256,0.1512441784143448,0.0007251784143448015,0.09278741380920028
1789260275.0919747,-1.4361881017684937,0.6925999522209167,0.9132532477378845,-1.880813479423523,-0.6875378489494324,2.221158742904663,1.2423256635665894,0.5111324191093445,-0.3622676730155945,0.15125752985477448,0.000738529854774489,0.09065408419654447
1789260275.1254995,-1.435685396194458,0.6921029686927795,0.9130556583404541,-1.8813316822052002,-0.687144935131073,2.2215311527252197,1.2245657444000244,0.5112294554710388,-0.3619367778301239,0.1512618213891983,0.0007428213891983171,0.09065408419654447
1789260275.1591113,-1.435197353363037,0.691638708114624,0.9128621220588684,-1.8818281888961792,-0.6867229342460632,2.221879243850708,1.2075004577636719,0.511321485042572,-0.36161068081855774,0.15125881135463715,0.0007398113546371599,0.09065408419654447
1789260275.1926887,-1.4346911907196045,0.6911370158195496,0.9126540422439575,-1.8823586702346802,-0.6863199472427368,2.222248077392578,1.189422607421875,0.5114120841026306,-0.3612770140171051,0.15125736594200134,0.0007383659420013566,0.09278741380920028
1789260275.2263808,-1.4341838359832764,0.6906458735466003,0.9124561548233032,-1.8828927278518677,-0.6859129667282104,2.2226176261901855,1.1717841625213623,0.5115059614181519,-0.36093488335609436,0.1512531191110611,0.00073411911106111,0.09278741380920028
1789260275.2599714,-1.433700442314148,0.6901765465736389,0.9122658967971802,-1.8834068775177002,-0.6855303049087524,2.222961902618408,1.1546859741210938,0.5115917921066284,-0.36060795187950134,0.151246577501297,0.0007275775012970109,0.09487278508118449
1789260275.2935429,-1.4331777095794678,0.6896889805793762,0.9120652079582214,-1.8839298486709595,-0.6851314306259155,2.2233269214630127,1.1369355916976929,0.5116905570030212,-0.3602639436721802,0.15124347805976868,0.0007244780597686906,0.09487278508118449
1789260275.3271246,-1.4326797723770142,0.6891814470291138,0.9118744730949402,-1.8844480514526367,-0.6847377419471741,2.2236874103546143,1.119539499282837,0.5117844939231873,-0.35993456840515137,0.1512530893087387,0.0007340893087387224,0.09691329395132914
1789260275.3607442,-1.4321790933609009,0.6886595487594604,0.9116839170455933,-1.8849592208862305,-0.6843401193618774,2.2240617275238037,1.1017389297485352,0.5118839144706726,-0.3596094250679016,0.15127252042293549,0.0007535204229354997,0.09278741380920028
1789260275.3944707,-1.4316949844360352,0.6881447434425354,0.9114817380905151,-1.8854585886001587,-0.68393874168396,2.2244367599487305,1.0842100381851196,0.5119749903678894,-0.3593008518218994,0.15128976106643677,0.0007707610664367814,0.08846932694105811
1789260275.4281104,-1.4312025308609009,0.6876427531242371,0.9112733006477356,-1.885981798171997,-0.6835353970527649,2.2247986793518066,1.066580057144165,0.5120584964752197,-0.3589777648448944,0.15129011869430542,0.0007711186943054338,0.09278741380920028
1789260275.461711,-1.4307063817977905,0.6871587634086609,0.9110739827156067,-1.8865066766738892,-0.6831466555595398,2.2251648902893066,1.0489331483840942,0.5121463537216187,-0.3586469888687134,0.15128517150878906,0.0007661715087890764,0.09065408419654447
1789260275.4953847,-1.4302294254302979,0.6866721510887146,0.9108883142471313,-1.8870209455490112,-0.682765007019043,2.2255144119262695,1.0318549871444702,0.5122309923171997,-0.3583255708217621,0.15128760039806366,0.0007686003980636735,0.09278741380920028
1789260275.5289757,-1.429734706878662,0.6861580014228821,0.9106888175010681,-1.8875435590744019,-0.6823627352714539,2.2258825302124023,1.0141208171844482,0.5123196244239807,-0.3580007255077362,0.15129637718200684,0.0007773771820068498,0.09278741380920028
1789260275.5625284,-1.429213285446167,0.6856345534324646,0.9104810357093811,-1.8880751132965088,-0.681958019733429,2.226250648498535,0.9960553646087646,0.5124127268791199,-0.35766348242759705,0.15130360424518585,0.0007846042451858659,0.08846932694105811
1789260275.5961409,-1.4287136793136597,0.6851637959480286,0.910277783870697,-1.8885754346847534,-0.6815637946128845,2.2265989780426025,0.978954017162323,0.5125002861022949,-0.35733935236930847,0.15129892528057098,0.0007799252805709977,0.09278741380920028
1789260275.6296809,-1.4282039403915405,0.6846663355827332,0.9100815653800964,-1.8890690803527832,-0.6811841726303101,2.226970911026001,0.9613847732543945,0.5126006007194519,-0.3570173978805542,0.15131203830242157,0.0007930383024215837,0.08622923312351063
1789260275.6632755,-1.4277024269104004,0.6841725707054138,0.9098928570747375,-1.8895660638809204,-0.6807926893234253,2.2273495197296143,0.9437491297721863,0.5127013325691223,-0.3566935062408447,0.15132519602775574,0.0008061960277557512,0.09065408419654447
1789260275.696856,-1.4271987676620483,0.6836884021759033,0.9096923470497131,-1.8900806903839111,-0.6804021596908569,2.2277212142944336,0.9262006878852844,0.512792706489563,-0.35636433959007263,0.15132392942905426,0.0008049294290542741,0.09065408419654447
1789260275.7305179,-1.4267019033432007,0.6832137703895569,0.9094712734222412,-1.8905880451202393,-0.6799818873405457,2.228085517883301,0.9083204865455627,0.5128737092018127,-0.3560449481010437,0.1513146162033081,0.0007956162033081193,0.09278741380920028
1789260275.7640822,-1.4262235164642334,0.6827501654624939,0.9092690944671631,-1.891077995300293,-0.679606020450592,2.2284443378448486,0.891312837600708,0.512956440448761,-0.35573717951774597,0.1513116955757141,0.0007926955757141252,0.09065408419654447
1789260275.7976635,-1.4257169961929321,0.6822442412376404,0.9090620875358582,-1.8916082382202148,-0.6792090535163879,2.228817939758301,0.8731607794761658,0.513043224811554,-0.35540637373924255,0.15131241083145142,0.0007934108314514299,0.09278741380920028
1789260275.8311977,-1.425230860710144,0.6817752122879028,0.9088679552078247,-1.892099380493164,-0.678819477558136,2.229180097579956,0.8561055064201355,0.5131322741508484,-0.35509058833122253,0.15131396055221558,0.00079496055221559,0.09278741380920028
1789260275.8647854,-1.4247243404388428,0.6812986731529236,0.9086675643920898,-1.8925975561141968,-0.6784244775772095,2.229546546936035,0.8385269045829773,0.5132255554199219,-0.3547650873661041,0.15131475031375885,0.000795750313758864,0.08846932694105811
1789260275.8984447,-1.4242113828659058,0.6808164119720459,0.9084619283676147,-1.8931143283843994,-0.6780322194099426,2.2299177646636963,0.820740282535553,0.5133158564567566,-0.3544324040412903,0.15131030976772308,0.0007913097677230974,0.09278741380920028
1789260275.9320056,-1.4237102270126343,0.6803216338157654,0.9082691669464111,-1.8936115503311157,-0.6776494979858398,2.230287551879883,0.8033115863800049,0.513410747051239,-0.35411182045936584,0.1513216644525528,0.0008026644525528093,0.08622923312351063
1789260275.9656239,-1.423215389251709,0.6798192858695984,0.9080668687820435,-1.8941205739974976,-0.6772468090057373,2.230666399002075,0.7855661511421204,0.5134994387626648,-0.3537931740283966,0.1513300985097885,0.000811098509788527,0.08622923312351063
1789260275.999167,-1.4227337837219238,0.6793426871299744,0.9078781604766846,-1.8946099281311035,-0.6768696308135986,2.231043815612793,0.7685254216194153,0.5135910511016846,-0.3534819483757019,0.15133829414844513,0.0008192941484451433,0.08622923312351063
1789260276.032775,-1.4222356081008911,0.6788567304611206,0.9076681733131409,-1.895133137702942,-0.6764810085296631,2.231419801712036,0.7503421902656555,0.513672947883606,-0.3531576991081238,0.15133222937583923,0.0008132293758392473,0.08846932694105811
1789260276.0663824,-1.4217720031738281,0.6783825159072876,0.9074702858924866,-1.8956537246704102,-0.6760804057121277,2.231783151626587,0.7332970499992371,0.5137449502944946,-0.35284343361854553,0.15132440626621246,0.0008054062662124772,0.08846932694105811
1789260276.1000125,-1.4212756156921387,0.6778922080993652,0.9072787761688232,-1.8961856365203857,-0.6757081151008606,2.232147693634033,0.715542733669281,0.5138283967971802,-0.35251107811927795,0.15132129192352295,0.0008022919235229631,0.08622923312351063
1789260276.133611,-1.420758843421936,0.6774014234542847,0.9070834517478943,-1.896719217300415,-0.675291895866394,2.2325243949890137,0.6978882551193237,0.5139203667640686,-0.3521650731563568,0.1513177901506424,0.0007987901506424089,0.08846932694105811
1789260276.1672366,-1.4202548265457153,0.676928699016571,0.906872570514679,-1.8972309827804565,-0.6748960018157959,2.2328836917877197,0.6804409027099609,0.5140016674995422,-0.35183948278427124,0.1513083279132843,0.0007893279132843156,0.09065408419654447
1789260276.2008922,-1.4197478294372559,0.6764310598373413,0.9066710472106934,-1.8977420330047607,-0.6744992733001709,2.2332570552825928,0.6627224087715149,0.5140910744667053,-0.35151368379592896,0.1513136476278305,0.0007946476278305192,0.09065408419654447
1789260276.2345035,-1.4192429780960083,0.6759315729141235,0.9064816236495972,-1.8982492685317993,-0.674103856086731,2.233635663986206,0.6451477408409119,0.5141860246658325,-0.3511863052845001,0.15132498741149902,0.0008059874114990373,0.08846932694105811
1789260276.2681792,-1.4187477827072144,0.6754209399223328,0.9062883853912354,-1.8987590074539185,-0.6737058162689209,2.234011650085449,0.6275869607925415,0.5142751336097717,-0.3508662283420563,0.15133877098560333,0.0008197709856033464,0.08622923312351063
1789260276.3017845,-1.4182618856430054,0.6749417185783386,0.9060894846916199,-1.8992820978164673,-0.6733048558235168,2.2343809604644775,0.6099432110786438,0.5143534541130066,-0.3505416512489319,0.151332288980484,0.0008132889804840226,0.08846932694105811
1789260276.335479,-1.417786955833435,0.6744641661643982,0.9058896899223328,-1.8997955322265625,-0.6729165315628052,2.234734296798706,0.59283846616745,0.5144257545471191,-0.3502276837825775,0.15132685005664825,0.0008078500566482683,0.08846932694105811
1789260276.3690832,-1.4172896146774292,0.673969566822052,0.9056837558746338,-1.900344967842102,-0.6725164651870728,2.2350950241088867,0.5750955939292908,0.514497697353363,-0.34989213943481445,0.15131473541259766,0.0007957354125976701,0.09278741380920028
1789260276.4026966,-1.4167804718017578,0.6734490990638733,0.9054846167564392,-1.9008920192718506,-0.6721109747886658,2.2354722023010254,0.5569196939468384,0.5145808458328247,-0.34955355525016785,0.1513177901506424,0.0007987901506424089,0.09065408419654447
1789260276.436329,-1.4162988662719727,0.6729764342308044,0.9052903056144714,-1.9013819694519043,-0.6717285513877869,2.235837697982788,0.5399844646453857,0.5146641731262207,-0.3492438793182373,0.1513211578130722,0.0008021578130722185,0.08846932694105811
1789260276.4699676,-1.4157922267913818,0.672484278678894,0.9050828218460083,-1.901888132095337,-0.6713321805000305,2.2362091541290283,0.5222420692443848,0.5147494077682495,-0.3489226698875427,0.1513238549232483,0.0008048549232483049,0.08846932694105811
1789260276.5036037,-1.4152783155441284,0.671994149684906,0.904874861240387,-1.9024038314819336,-0.6709469556808472,2.2365787029266357,0.5045480132102966,0.514833927154541,-0.3485947847366333,0.15132196247577667,0.0008029624757766862,0.09278741380920028
1789260276.537235,-1.414781093597412,0.6715083718299866,0.9046858549118042,-1.902923822402954,-0.6705489158630371,2.236967086791992,0.48705655336380005,0.5149227976799011,-0.3482644855976105,0.15132364630699158,0.000804646306991591,0.08622923312351063
1789260276.570806,-1.414258599281311,0.6710236072540283,0.9044899344444275,-1.903436541557312,-0.670153021812439,2.2373428344726562,0.46935009956359863,0.5150163173675537,-0.34792664647102356,0.15132446587085724,0.0008054658708572526,0.09065408419654447
1789260276.6043844,-1.4137707948684692,0.6705490350723267,0.9042825102806091,-1.9039522409439087,-0.6697600483894348,2.237718343734741,0.4517499506473541,0.5150920152664185,-0.34760892391204834,0.1513165980577469,0.0007975980577469011,0.09278741380920028
1789260276.6380332,-1.413275957107544,0.6700744032859802,0.904078483581543,-1.90446937084198,-0.6693727374076843,2.2380874156951904,0.4341459274291992,0.5151695013046265,-0.34728607535362244,0.1513085961341858,0.0007895961341858049,0.09065408419654447
1789260276.6716256,-1.4127715826034546,0.6695935130119324,0.9038837552070618,-1.9049804210662842,-0.668994128704071,2.238450765609741,0.41650983691215515,0.5152537226676941,-0.34695884585380554,0.15130750834941864,0.000788508349418654,0.09065408419654447
1789260276.7051942,-1.4122859239578247,0.6691133975982666,0.903685450553894,-1.9054720401763916,-0.6686183214187622,2.238809823989868,0.39933308959007263,0.5153331160545349,-0.34665071964263916,0.15131160616874695,0.0007926061687469621,0.08846932694105811
1789260276.7389073,-1.4117776155471802,0.6686335802078247,0.9034785032272339,-1.905971646308899,-0.6682131886482239,2.2391881942749023,0.38170865178108215,0.5154194831848145,-0.34632888436317444,0.15131205320358276,0.0007930532035827775,0.08846932694105811
1789260276.7725177,-1.411240577697754,0.6681235432624817,0.9032758474349976,-1.9064788818359375,-0.6677977442741394,2.239567995071411,0.36356332898139954,0.515516996383667,-0.345991849899292,0.15132379531860352,0.0008047953186035295,0.08622923312351063
1789260276.8061547,-1.4107412099838257,0.6676508188247681,0.9030959010124207,-1.9069584608078003,-0.6674085259437561,2.2399351596832275,0.34653639793395996,0.5156117677688599,-0.34567156434059143,0.15133492648601532,0.0008159264860153337,0.08392937202498843
1789260276.839964,-1.4102305173873901,0.6671698689460754,0.902899444103241,-1.9074729681015015,-0.6669980883598328,2.2403059005737305,0.32880547642707825,0.5156973600387573,-0.3453376889228821,0.15133275091648102,0.0008137509164810319,0.09065408419654447
1789260276.8735979,-1.4097336530685425,0.6666856408119202,0.9027003645896912,-1.9079889059066772,-0.6665840148925781,2.240687131881714,0.3111659288406372,0.5157791376113892,-0.3450121283531189,0.1513315886259079,0.0008125886259079118,0.09065408419654447
1789260276.9072118,-1.4092458486557007,0.6661966443061829,0.9024884700775146,-1.9084945917129517,-0.6661739349365234,2.24105167388916,0.2936914563179016,0.5158513188362122,-0.3447016477584839,0.15133103728294373,0.0008120372829437394,0.08846932694105811
1789260276.9408176,-1.4087485074996948,0.665696918964386,0.9022780656814575,-1.9090380668640137,-0.6657695770263672,2.2414166927337646,0.27595067024230957,0.5159189701080322,-0.3443729877471924,0.15132196247577667,0.0008029624757766862,0.08846932694105811
1789260276.9745,-1.4082603454589844,0.6652112603187561,0.9020876288414001,-1.9095529317855835,-0.6653756499290466,2.2417705059051514,0.2588947117328644,0.5159943699836731,-0.34405046701431274,0.15132176876068115,0.0008027687606811662,0.09065408419654447
1789260277.0081482,-1.407745361328125,0.6647015810012817,0.901885449886322,-1.9100868701934814,-0.6649608612060547,2.2421464920043945,0.24072760343551636,0.5160755515098572,-0.3437143564224243,0.15132351219654083,0.0008045121965408464,0.08846932694105811
1789260277.0418198,-1.4072366952896118,0.6641995310783386,0.9016757607460022,-1.9105957746505737,-0.6645727753639221,2.2425172328948975,0.22312642633914948,0.5161552429199219,-0.34339621663093567,0.151328444480896,0.00080944448089601,0.08846932694105811
1789260277.0755036,-1.4067258834838867,0.6637094616889954,0.9014708995819092,-1.9111164808273315,-0.6641936302185059,2.242893695831299,0.20541399717330933,0.5162352323532104,-0.3430693447589874,0.15132588148117065,0.0008068814811706682,0.08846932694105811
1789260277.109158,-1.4062432050704956,0.6632373929023743,0.9012914896011353,-1.9116225242614746,-0.663802444934845,2.243243455886841,0.1883416771888733,0.5163124799728394,-0.34274667501449585,0.15132571756839752,0.0008067175683975358,0.09065408419654447
1789260277.1426911,-1.4057255983352661,0.6627160906791687,0.901075005531311,-1.9121607542037964,-0.663385808467865,2.243607759475708,0.17016072571277618,0.5163848996162415,-0.3424154818058014,0.1513257622718811,0.0008067622718811174,0.08846932694105811
1789260277.176258,-1.405243158340454,0.6622251868247986,0.9008725881576538,-1.912651777267456,-0.6630155444145203,2.2439677715301514,0.153145432472229,0.5164584517478943,-0.34211495518684387,0.15133337676525116,0.0008143767652511735,0.09065408419654447
1789260277.2099893,-1.404754400253296,0.6617087125778198,0.9006803631782532,-1.9131656885147095,-0.662620484828949,2.2443368434906006,0.13545337319374084,0.5165356993675232,-0.3418000042438507,0.15134717524051666,0.0008281752405166765,0.08622923312351063
1789260277.2435808,-1.404249668121338,0.6612032651901245,0.900483250617981,-1.9136934280395508,-0.6622227430343628,2.2447011470794678,0.1177680492401123,0.5166118144989014,-0.3414709270000458,0.15134966373443604,0.000830663734436049,0.08846932694105811
1789260277.2772157,-1.4037628173828125,0.660707950592041,0.900275468826294,-1.9142155647277832,-0.6618452072143555,2.24505615234375,0.100324347615242,0.5166761875152588,-0.34115809202194214,0.15134599804878235,0.0008269980487823625,0.08622923312351063
1789260277.3108413,-1.4032566547393799,0.6601961851119995,0.9000757336616516,-1.9147191047668457,-0.6614560484886169,2.2454283237457275,0.08252114802598953,0.5167584419250488,-0.340841680765152,0.1513596773147583,0.0008406773147583146,0.08622923312351063
1789260277.344449,-1.4027591943740845,0.659687876701355,0.8998821377754211,-1.9152216911315918,-0.661065936088562,2.245795488357544,0.06489799916744232,0.516838788986206,-0.3405267894268036,0.15137344598770142,0.0008544459877014299,0.08392937202498843
1789260277.3780403,-1.402246117591858,0.6592013835906982,0.8996840119361877,-1.9157235622406006,-0.6606624126434326,2.2461600303649902,0.04736975207924843,0.5169218182563782,-0.3402006924152374,0.15137679874897003,0.0008577987489700456,0.08622923312351063
1789260277.4116728,-1.4017452001571655,0.6587130427360535,0.8994833827018738,-1.9162423610687256,-0.6602671146392822,2.2465286254882812,0.029700469225645065,0.5169962048530579,-0.33987656235694885,0.1513744741678238,0.0008554741678238054,0.08392937202498843
1789260277.4453638,-1.4012575149536133,0.6582292914390564,0.8992931246757507,-1.916727900505066,-0.6598785519599915,2.246891975402832,0.012675565667450428,0.5170761942863464,-0.3395681083202362,0.15138456225395203,0.0008655622539520402,0.08392937202498843
1789260277.4790232,-1.4007641077041626,0.6577414274215698,0.8990944623947144,-1.9172440767288208,-0.659481406211853,2.247260570526123,-0.005018219351768494,0.5171489119529724,-0.33924803137779236,0.15138350427150726,0.000864504271507277,0.08392937202498843
1789260277.5126538,-1.400265097618103,0.6572489738464355,0.8988878726959229,-1.9177666902542114,-0.6590824723243713,2.247631788253784,-0.02314518392086029,0.5172194838523865,-0.3389267027378082,0.15138010680675507,0.0008611068067550798,0.08392937202498843
1789260277.5462737,-1.3997787237167358,0.6567794680595398,0.8986947536468506,-1.9182565212249756,-0.6587015390396118,2.2479848861694336,-0.0401451475918293,0.5172933340072632,-0.33861660957336426,0.15138086676597595,0.000861866765975966,0.08156468806857739
1789260277.5799077,-1.3992745876312256,0.6562878489494324,0.898497998714447,-1.9187607765197754,-0.6582998633384705,2.248359441757202,-0.05794960632920265,0.5173738598823547,-0.33829566836357117,0.15138666331768036,0.0008676633176803727,0.08156468806857739
1789260277.6134777,-1.3987655639648438,0.6557886004447937,0.8982983231544495,-1.919263482093811,-0.6579205989837646,2.248727560043335,-0.07565247267484665,0.5174533724784851,-0.33797773718833923,0.15139484405517578,0.0008758440551757951,0.07661668268387072
1789260277.6470897,-1.3982597589492798,0.6553072333335876,0.8981065154075623,-1.9197545051574707,-0.6575320363044739,2.249091625213623,-0.09314640611410141,0.5175360441207886,-0.33765852451324463,0.15140143036842346,0.0008824303684234758,0.07912937001338383
1789260277.6806462,-1.3977460861206055,0.6548354029655457,0.8979089260101318,-1.9202673435211182,-0.6571353673934937,2.2494611740112305,-0.11086004227399826,0.5176148414611816,-0.33732667565345764,0.15139508247375488,0.0008760824737548967,0.08156468806857739
1789260277.71424,-1.397263526916504,0.654365599155426,0.8977078795433044,-1.9207662343978882,-0.6567563414573669,2.2498297691345215,-0.12794992327690125,0.5176841616630554,-0.33701959252357483,0.151391863822937,0.0008728638229370256,0.08156468806857739
1789260277.7478437,-1.3967481851577759,0.6538522243499756,0.8975011110305786,-1.92128324508667,-0.6563532948493958,2.250203847885132,-0.14604945480823517,0.5177609324455261,-0.3366963565349579,0.1513993740081787,0.0008803740081787248,0.07912937001338383
1789260277.781395,-1.3962552547454834,0.6533569097518921,0.8973047733306885,-1.9217976331710815,-0.6559538245201111,2.250577926635742,-0.16364705562591553,0.5178338289260864,-0.3363784849643707,0.15140308439731598,0.0008840843973159929,0.07912937001338383
1789260277.8150227,-1.3957844972610474,0.6528922319412231,0.8971120715141296,-1.9223194122314453,-0.6555715799331665,2.2509238719940186,-0.1807025671005249,0.5178914070129395,-0.336063027381897,0.15138974785804749,0.0008707478580474992,0.08156468806857739
1789260277.8486626,-1.3952901363372803,0.6524093151092529,0.8969042897224426,-1.9228557348251343,-0.655177116394043,2.2512972354888916,-0.19842056930065155,0.5179541707038879,-0.3357391655445099,0.1513770967721939,0.0008580967721939226,0.08156468806857739
1789260277.8823853,-1.3947910070419312,0.6519283652305603,0.8967037796974182,-1.9233728647232056,-0.6547884345054626,2.251664161682129,-0.21593640744686127,0.5180239081382751,-0.3354174792766571,0.15137197077274323,0.000852970772743239,0.07912937001338383
1789260277.9160223,-1.3942853212356567,0.6514406800270081,0.8964989185333252,-1.9238874912261963,-0.6543985605239868,2.252037286758423,-0.23360708355903625,0.5180960297584534,-0.3350966274738312,0.15136989951133728,0.0008508995113372941,0.08156468806857739
1789260277.9496238,-1.3937880992889404,0.6509566903114319,0.8962888717651367,-1.9243983030319214,-0.6539902687072754,2.252417802810669,-0.25126761198043823,0.5181657075881958,-0.3347817361354828,0.15136684477329254,0.0008478447732925554,0.08392937202498843
1789260277.9831724,-1.3932814598083496,0.6504682898521423,0.8960937261581421,-1.9249238967895508,-0.6536005735397339,2.2527832984924316,-0.2688356339931488,0.5182372331619263,-0.33445194363594055,0.15136310458183289,0.0008441045818328996,0.08156468806857739
1789260278.0167227,-1.3927841186523438,0.6499843597412109,0.8958844542503357,-1.9254544973373413,-0.6532129645347595,2.2531397342681885,-0.2864793837070465,0.5182966589927673,-0.3341303765773773,0.1513509899377823,0.0008319899377823015,0.08156468806857739
1789260278.0503201,-1.3923101425170898,0.6494925618171692,0.8956842422485352,-1.925963044166565,-0.6528183221817017,2.2535054683685303,-0.3036520481109619,0.5183590054512024,-0.33382678031921387,0.1513534039258957,0.0008344039258957048,0.08622923312351063
1789260278.0839238,-1.391819715499878,0.648975670337677,0.8954845666885376,-1.9264986515045166,-0.6524167656898499,2.253880262374878,-0.32126879692077637,0.5184231400489807,-0.3335078954696655,0.15135754644870758,0.0008385464487075944,0.07912937001338383
1789260278.117531,-1.391303539276123,0.6484630107879639,0.8952760696411133,-1.92704439163208,-0.6520184874534607,2.254265308380127,-0.3394039571285248,0.5184918642044067,-0.3331754803657532,0.1513548046350479,0.0008358046350479265,0.08156468806857739
1789260278.1511576,-1.390830397605896,0.6479885578155518,0.8950788378715515,-1.9275401830673218,-0.65162593126297,2.254621982574463,-0.3564135432243347,0.5185547471046448,-0.3328733742237091,0.15135443210601807,0.0008354321060180803,0.07912937001338383
1789260278.1847594,-1.3903274536132812,0.6474972367286682,0.8948771953582764,-1.928056001663208,-0.6512322425842285,2.2549898624420166,-0.3740982115268707,0.5186238288879395,-0.33255308866500854,0.15135373175144196,0.0008347317514419694,0.08156468806857739
1789260278.2183158,-1.3898379802703857,0.6469968557357788,0.8946824669837952,-1.9285554885864258,-0.6508212089538574,2.2553646564483643,-0.39161720871925354,0.5186966061592102,-0.332243412733078,0.15136520564556122,0.0008462056455612321,0.08156468806857739
1789260278.2518888,-1.3893252611160278,0.6464999318122864,0.8944724798202515,-1.9290560483932495,-0.650441586971283,2.255741596221924,-0.4093281924724579,0.5187707543373108,-0.3319307863712311,0.1513707935810089,0.000851793581008925,0.07661668268387072
1789260278.285458,-1.3888180255889893,0.6460132598876953,0.8942751884460449,-1.9295713901519775,-0.6500473022460938,2.256098508834839,-0.42704513669013977,0.5188396573066711,-0.3316056430339813,0.15136852860450745,0.0008495286045074601,0.07912937001338383
1789260278.3190434,-1.3883171081542969,0.6455366611480713,0.8940812349319458,-1.9300742149353027,-0.6496814489364624,2.2564504146575928,-0.44417235255241394,0.5189087390899658,-0.33128848671913147,0.1513669490814209,0.0008479490814209123,0.07912937001338383
1789260278.3526173,-1.3878023624420166,0.6450346112251282,0.893871009349823,-1.9306029081344604,-0.6492567658424377,2.2568366527557373,-0.46225786209106445,0.5189787745475769,-0.3309604823589325,0.15136532485485077,0.0008463248548507829,0.07401874722002606
1789260278.386249,-1.3873224258422852,0.644565761089325,0.8936825394630432,-1.9310866594314575,-0.6488677263259888,2.2572011947631836,-0.47930648922920227,0.5190496444702148,-0.33065617084503174,0.15136994421482086,0.0008509442148208757,0.07912937001338383
1789260278.4198468,-1.3868175745010376,0.6440922617912292,0.8934898972511292,-1.9316028356552124,-0.6484902501106262,2.2575623989105225,-0.4969981908798218,0.5191184878349304,-0.330329954624176,0.15136337280273438,0.0008443728027343889,0.07661668268387072
1789260278.453403,-1.386317491531372,0.6436115503311157,0.8932908177375793,-1.9321284294128418,-0.6480773687362671,2.2579503059387207,-0.5145015120506287,0.5191870927810669,-0.33000385761260986,0.151357039809227,0.0008380398092270036,0.07912937001338383
1789260278.4871268,-1.3858239650726318,0.6430948376655579,0.8931149244308472,-1.9326835870742798,-0.6476811766624451,2.258321523666382,-0.5316171646118164,0.5192523002624512,-0.3296670615673065,0.15136000514030457,0.0008410051403045793,0.07661668268387072
1789260278.5206997,-1.3853167295455933,0.6425631642341614,0.8929358124732971,-1.9332412481307983,-0.6472865343093872,2.25870680809021,-0.5488849878311157,0.5193233489990234,-0.3293270468711853,0.15136873722076416,0.000849737220764174,0.08156468806857739
1789260278.554248,-1.3848539590835571,0.6420702934265137,0.8928269743919373,-1.9337458610534668,-0.6469170451164246,2.2591042518615723,-0.5624911189079285,0.5194190740585327,-0.32899656891822815,0.15140008926391602,0.0008810892639160295,0.07661668268387072
1789260278.5878558,-1.3844735622406006,0.6414446830749512,0.8929420709609985,-1.93474543094635,-0.6465294361114502,2.259767770767212,-0.5698691606521606,0.519510805606842,-0.3284462094306946,0.15139317512512207,0.0008741751251220842,0.08156468806857739
1789260278.6214507,-1.384103536605835,0.6407774090766907,0.8930704593658447,-1.9357367753982544,-0.6461247801780701,2.260406970977783,-0.5770059823989868,0.5196019411087036,-0.3279036283493042,0.151407852768898,0.0008888527688980241,0.08622923312351063
1789260278.6550744,-1.3835101127624512,0.6379424333572388,0.8939751386642456,-1.9401875734329224,-0.6451174020767212,2.2625505924224854,-0.5815176367759705,0.5196053385734558,-0.3259134292602539,0.15142722427845,0.0009082242784500261,0.08392937202498843
1789260278.6886938,-1.3819162845611572,0.6322932243347168,0.8964009881019592,-1.9492573738098145,-0.6431899666786194,2.2665462493896484,-0.586310625076294,0.5198296308517456,-0.3213878273963928,0.1515190750360489,0.001000075036048903,0.09065408419654447
1789260278.7223878,-1.3800573348999023,0.626610279083252,0.899286150932312,-1.9580060243606567,-0.6412196755409241,2.2710113525390625,-0.5911676287651062,0.5204304456710815,-0.31667014956474304,0.15187862515449524,0.0013596251544952531,0.10467832346762979
1789260278.7561004,-1.3784466981887817,0.6190702319145203,0.9021194577217102,-1.9698145389556885,-0.6387194991111755,2.276453971862793,-0.5980079770088196,0.5203657150268555,-0.31122612953186035,0.15194058418273926,0.0014215841827392717,0.09891171693842998
1789260278.789762,-1.376121163368225,0.6101877689361572,0.9058601260185242,-1.984527349472046,-0.635591447353363,2.283210277557373,-0.606633722782135,0.5203169584274292,-0.3041151463985443,0.1518087089061737,0.00128970890617372,0.1083523598284494
1789260278.8234112,-1.3734424114227295,0.6007089018821716,0.9101465344429016,-1.9992907047271729,-0.6324055790901184,2.290018081665039,-0.6153621673583984,0.520444929599762,-0.2966867983341217,0.15197885036468506,0.0014598503646850725,0.10279207254188717
1789260278.8570917,-1.3709765672683716,0.5918910503387451,0.913993775844574,-2.0131349563598633,-0.6293651461601257,2.2967476844787598,-0.6236947178840637,0.5204299092292786,-0.28983941674232483,0.1520354002714157,0.0015164002714157243,0.10467832346762979
1789260278.8907948,-1.36886727809906,0.5831362009048462,0.9175889492034912,-2.0275509357452393,-0.6263033151626587,2.3030097484588623,-0.6320266127586365,0.5198407769203186,-0.2830851972103119,0.15170104801654816,0.0011820480165481706,0.09487278508118449
1789260278.924349,-1.3666118383407593,0.5743021368980408,0.9213569760322571,-2.041086435317993,-0.6232912540435791,2.309682846069336,-0.6402681469917297,0.519568145275116,-0.27656593918800354,0.1517341285943985,0.0012151285943985124,0.07912937001338383
1789260278.9579313,-1.3646838665008545,0.567734956741333,0.924689531326294,-2.0519440174102783,-0.6213268041610718,2.314375162124634,-0.6461721062660217,0.519236147403717,-0.27109676599502563,0.15154314041137695,0.001024140411376967,0.07401874722002606
1789260278.9915404,-1.3633750677108765,0.5634176731109619,0.9273572564125061,-2.059241771697998,-0.6199321746826172,2.3180956840515137,-0.6501045823097229,0.5192249417304993,-0.2672140300273895,0.15151338279247284,0.0009943827924728532,0.07912937001338383
1789260279.025156,-1.3625463247299194,0.5590226054191589,0.9296790361404419,-2.066594362258911,-0.6187001466751099,2.3213300704956055,-0.6539902687072754,0.5188219547271729,-0.2637508809566498,0.15135042369365692,0.0008314236936569352,0.07661668268387072
1789260279.0588593,-1.3611927032470703,0.554701566696167,0.9351814389228821,-2.0750675201416016,-0.618195652961731,2.324993371963501,-0.6560246348381042,0.5192605257034302,-0.25821512937545776,0.15154410898685455,0.001025108986854567,0.09278741380920028
1789260279.0924118,-1.3588786125183105,0.5488999485969543,0.9436826705932617,-2.0869579315185547,-0.6182449460029602,2.3293604850769043,-0.6578574776649475,0.5199247598648071,-0.2498985379934311,0.1518011838197708,0.0012821838197708268,0.11364091540157657
1789260279.1260498,-1.3567171096801758,0.5435038805007935,0.9516815543174744,-2.098104953765869,-0.6182761788368225,2.3335049152374268,-0.6595486402511597,0.520423412322998,-0.24209831655025482,0.15199768543243408,0.001478685432434096,0.1341703946898555
1789260279.1595826,-1.3546682596206665,0.5366907715797424,0.9611999988555908,-2.1122987270355225,-0.6182949542999268,2.3385581970214844,-0.6617366075515747,0.5204556584358215,-0.2328556925058365,0.15199458599090576,0.0014755859909057756,0.1370561110185936
1789260279.1932127,-1.3525351285934448,0.5295467972755432,0.9711033701896667,-2.126770257949829,-0.6182911396026611,2.3440585136413574,-0.6641432046890259,0.5204346776008606,-0.2233860343694687,0.15206997096538544,0.0015509709653854509,0.1370561110185936
1789260279.2268152,-1.350073218345642,0.522284209728241,0.9814143180847168,-2.1415741443634033,-0.6182839870452881,2.3496742248535156,-0.6665934920310974,0.5203043222427368,-0.21350215375423431,0.1521013081073761,0.0015823081073761125,0.1370561110185936
1789260279.260406,-1.3478108644485474,0.515825092792511,0.9908512830734253,-2.1552648544311523,-0.6183006167411804,2.354562520980835,-0.6687440872192383,0.5198807120323181,-0.20441724359989166,0.1519346833229065,0.001415683322906508,0.12972151222939818
1789260279.2940755,-1.346164584159851,0.5105524659156799,0.998445451259613,-2.1664187908172607,-0.618291974067688,2.3587944507598877,-0.6706092357635498,0.5193849802017212,-0.19719476997852325,0.15175938606262207,0.0012403860626220842,0.1282042487280194
1789260279.327734,-1.344369888305664,0.5046762228012085,1.0067243576049805,-2.178205966949463,-0.6183212995529175,2.363250970840454,-0.6726468205451965,0.5188125371932983,-0.18950675427913666,0.15167851746082306,0.001159517460823073,0.10653118153060223
1789260279.361378,-1.342673420906067,0.500919759273529,1.0117594003677368,-2.1855976581573486,-0.618395984172821,2.365851640701294,-0.6739920973777771,0.5184118151664734,-0.1845044642686844,0.1515721082687378,0.0010531082687378068,0.08846932694105811
1789260279.3950088,-1.3420512676239014,0.4987226724624634,1.015345811843872,-2.190155506134033,-0.6186137199401855,2.367610454559326,-0.6750802993774414,0.518204927444458,-0.18141022324562073,0.1515820175409317,0.0010630175409317155,0.07661668268387072
1789260279.4286187,-1.341400146484375,0.49669909477233887,1.018845796585083,-2.194981575012207,-0.6188595294952393,2.3693313598632812,-0.676214337348938,0.5178464651107788,-0.17823603749275208,0.15141785144805908,0.0008988514480590959,0.07912937001338383
1789260279.46222,-1.3396910429000854,0.49706825613975525,1.0247478485107422,-2.1996166706085205,-0.6221198439598083,2.3697824478149414,-0.6797180771827698,0.517949640750885,-0.17329291999340057,0.15104353427886963,0.0005245342788696428,0.11534989781745353
1789260279.4959266,-1.3364208936691284,0.49793824553489685,1.0338822603225708,-2.2045509815216064,-0.6268267035484314,2.369790554046631,-0.6845079064369202,0.5188056826591492,-0.16596060991287231,0.1511126458644867,0.0005936458644867082,0.11703392759136522
1789260279.5295074,-1.3336108922958374,0.498769611120224,1.0429410934448242,-2.2095677852630615,-0.6316372752189636,2.369603157043457,-0.6892601847648621,0.5194056034088135,-0.15890732407569885,0.15114933252334595,0.0006303325233459611,0.12033130429241841
1789260279.5631678,-1.3304126262664795,0.5000998973846436,1.0552029609680176,-2.216663360595703,-0.6383730173110962,2.3695032596588135,-0.6962268352508545,0.5198942422866821,-0.14958027005195618,0.15108221769332886,0.0005632176933288713,0.1341703946898555
1789260279.5968525,-1.32598876953125,0.5014804005622864,1.0695197582244873,-2.225238084793091,-0.645980954170227,2.3694512844085693,-0.7039538621902466,0.5202696323394775,-0.13828769326210022,0.15100252628326416,0.000483526283264174,0.1506578634376723
1789260279.6304493,-1.3217792510986328,0.5028766989707947,1.0833637714385986,-2.2338390350341797,-0.6534204483032227,2.369281768798828,-0.7115246653556824,0.5202586054801941,-0.1273578405380249,0.15083956718444824,0.00032056718444825605,0.17582936122100767
1789260279.6641066,-1.3173820972442627,0.5043033361434937,1.098000168800354,-2.2420172691345215,-0.6609449982643127,2.369281768798828,-0.7193087339401245,0.5204091668128967,-0.11611554771661758,0.15105433762073517,0.0005353376207351823,0.16432452156180907
1789260279.6977236,-1.3134825229644775,0.505633533000946,1.1121960878372192,-2.2505733966827393,-0.6687297821044922,2.369213581085205,-0.7271413207054138,0.5200451612472534,-0.10532907396554947,0.1511020064353943,0.000583006435394301,0.1480375253231069
1789260279.7313917,-1.3093912601470947,0.5069822072982788,1.1257288455963135,-2.258713483810425,-0.6759585738182068,2.3691141605377197,-0.7346200346946716,0.5195314288139343,-0.09488340467214584,0.1511712521314621,0.000652252131462111,0.13988230894202303
1789260279.7650397,-1.3061732053756714,0.508059024810791,1.1361678838729858,-2.2649621963500977,-0.6812037825584412,2.368999481201172,-0.7397655844688416,0.5190017223358154,-0.0868103951215744,0.1512499451637268,0.0007309451637268205,0.13847642022149
1789260279.7986457,-1.3045514822006226,0.5086988210678101,1.1442794799804688,-2.2695956230163574,-0.6856874227523804,2.368988275527954,-0.7440938949584961,0.5185670852661133,-0.08113793283700943,0.15145014226436615,0.0009311422643661638,0.10653118153060223
1789260279.8323147,-1.3025448322296143,0.509680449962616,1.151863932609558,-2.2742366790771484,-0.6900932788848877,2.369001865386963,-0.7483404278755188,0.5180070400238037,-0.07546672970056534,0.15146613121032715,0.0009471312103271623,0.09065408419654447
1789260279.865916,-1.299811601638794,0.5101175904273987,1.1558657884597778,-2.2768518924713135,-0.6920914649963379,2.3687615394592285,-0.7517697215080261,0.5176841020584106,-0.07157894968986511,0.15141984820365906,0.0009008482036590715,0.10279207254188717
1789260279.8994968,-1.2971338033676147,0.5103779435157776,1.158151388168335,-2.2776167392730713,-0.6932581067085266,2.3687775135040283,-0.7552768588066101,0.5179054141044617,-0.06895724684000015,0.15164844691753387,0.0011294469175338884,0.08846932694105811
1789260279.933075,-1.2941923141479492,0.5108520984649658,1.1595014333724976,-2.2785074710845947,-0.6944244503974915,2.3686647415161133,-0.7587949633598328,0.517907440662384,-0.06658482551574707,0.15156137943267822,0.0010423794326782365,0.08846932694105811
1789260279.966652,-1.2856428623199463,0.5114626288414001,1.1587790250778198,-2.2776312828063965,-0.694782555103302,2.368089199066162,-0.7684114575386047,0.5185989737510681,-0.06268008053302765,0.1515064686536789,0.000987468653678908,0.08622923312351063
1789260280.0002806,-1.2741788625717163,0.5123383402824402,1.1586166620254517,-2.2765870094299316,-0.695061445236206,2.3676323890686035,-0.7798911929130554,0.5195847749710083,-0.056966476142406464,0.1515943855047226,0.001075385504722609,0.09891171693842998
1789260280.0338926,-1.262596607208252,0.5129702091217041,1.1580166816711426,-2.2758405208587646,-0.6954200863838196,2.366954803466797,-0.7920899391174316,0.5203002691268921,-0.05138233304023743,0.1515108346939087,0.0009918346939087053,0.10279207254188717
1789260280.0674973,-1.247633695602417,0.5140902996063232,1.1575655937194824,-2.2741076946258545,-0.6959450840950012,2.366259813308716,-0.8080897927284241,0.5215307474136353,-0.04411569982767105,0.1516866683959961,0.0011676683959961076,0.10653118153060223
1789260280.1010997,-1.2335878610610962,0.5152459144592285,1.1568199396133423,-2.2729368209838867,-0.6965351104736328,2.365363597869873,-0.8232828378677368,0.5223047137260437,-0.03733528032898903,0.15158013999462128,0.0010611399946212907,0.11534989781745353
1789260280.1347125,-1.2188231945037842,0.5162200331687927,1.1564558744430542,-2.2718610763549805,-0.697147786617279,2.364555835723877,-0.8390730023384094,0.5230408310890198,-0.02998514473438263,0.151576966047287,0.0010579660472870012,0.11703392759136522
1789260280.168303,-1.2042227983474731,0.5174218416213989,1.1559194326400757,-2.270353317260742,-0.6977211833000183,2.3638172149658203,-0.8546971082687378,0.523841142654419,-0.022837216034531593,0.15163403749465942,0.0011150374946594377,0.12511453444308365
1789260280.201908,-1.1897014379501343,0.5184800028800964,1.1552186012268066,-2.2691810131073,-0.6983592510223389,2.362905979156494,-0.8704438209533691,0.5243549942970276,-0.015769943594932556,0.1515544354915619,0.0010354354915619035,0.1282042487280194
1789260280.2355182,-1.1746760606765747,0.519600510597229,1.1549501419067383,-2.267822265625,-0.6989802718162537,2.362197160720825,-0.8862234354019165,0.5249336361885071,-0.008223856799304485,0.15164360404014587,0.0011246040401458879,0.13562092827251515
1789260280.2691157,-1.160612940788269,0.5206530690193176,1.154259443283081,-2.2665624618530273,-0.6995686292648315,2.361342430114746,-0.901390552520752,0.5252984166145325,-0.001381439040414989,0.15159961581230164,0.0010806158123016496,0.13562092827251515
1789260280.3027544,-1.1452651023864746,0.5217215418815613,1.153995156288147,-2.2652387619018555,-0.7002020478248596,2.360568046569824,-0.9175965785980225,0.5256436467170715,0.006349207367748022,0.1516818106174469,0.0011628106174469133,0.1412742076966625
1789260280.3363853,-1.1308369636535645,0.5228513479232788,1.153266429901123,-2.2638392448425293,-0.7007888555526733,2.35972261428833,-0.9332966804504395,0.5258697867393494,0.013368326239287853,0.15165752172470093,0.0011385217247009416,0.14670980696444608
1789260280.37,-1.1189944744110107,0.5235521793365479,1.153347373008728,-2.2631571292877197,-0.7013513445854187,2.359184741973877,-0.9453439116477966,0.5258640646934509,0.01952832192182541,0.15170729160308838,0.0011882916030883928,0.14670980696444608
1789260280.4036222,-1.1097179651260376,0.5244275331497192,1.1529806852340698,-2.2623822689056396,-0.701935887336731,2.358560562133789,-0.956360936164856,0.5258374214172363,0.024119943380355835,0.1516350656747818,0.0011160656747818132,0.1506578634376723
1789260280.4372673,-1.100840449333191,0.5252251029014587,1.1529273986816406,-2.2612717151641846,-0.7024312615394592,2.358027219772339,-0.9664363861083984,0.525973916053772,0.028603851795196533,0.15177391469478607,0.0012549146947860856,0.15195108845669586
1789260280.470859,-1.0957040786743164,0.5251190066337585,1.1513782739639282,-2.260369062423706,-0.7018362283706665,2.357800006866455,-0.968936026096344,0.5260963439941406,0.030383732169866562,0.1517019420862198,0.0011829420862198015,0.14670980696444608
1789260280.5044432,-1.0918903350830078,0.5248714089393616,1.1479970216751099,-2.258090019226074,-0.7001837491989136,2.3578224182128906,-0.9693741798400879,0.5268047451972961,0.030405020341277122,0.1516977995634079,0.0011787995634079118,0.145369962588823
1789260280.5380275,-1.0877528190612793,0.5248139500617981,1.1436338424682617,-2.2562551498413086,-0.6982622742652893,2.3578245639801025,-0.9696580171585083,0.5272130370140076,0.03023182973265648,0.15126827359199524,0.0007492735919952531,0.17693870661400976
1789260280.5716367,-1.0792608261108398,0.5234211683273315,1.135720133781433,-2.251817226409912,-0.6933870315551758,2.3579211235046387,-0.9679299592971802,0.5285065174102783,0.03015328198671341,0.15115812420845032,0.0006391242084503312,0.19683190382077603
1789260280.6051776,-1.0699095726013184,0.5223113894462585,1.1272249221801758,-2.246796131134033,-0.6882436871528625,2.358307361602783,-0.9661026000976562,0.5300359129905701,0.030235186219215393,0.15108290314674377,0.0005639031467437883,0.21850322975887923
1789260280.6388664,-1.0602619647979736,0.5208843946456909,1.1167933940887451,-2.2419028282165527,-0.6826433539390564,2.358501434326172,-0.9641300439834595,0.5313742160797119,0.02948184870183468,0.1505790650844574,6.006508445741132e-05,0.26687861114866307
1789260280.6724923,-1.045799732208252,0.5190157294273376,1.1023423671722412,-2.233560800552368,-0.6741865873336792,2.358985662460327,-0.9611457586288452,0.5339338779449463,0.028842991217970848,0.1504419595003128,-7.704049968718096e-05,0.29275223011984547
1789260280.7061079,-1.0320955514907837,0.5172035694122314,1.088140606880188,-2.226520538330078,-0.6661476492881775,2.3592469692230225,-0.9583351016044617,0.535916268825531,0.0280920322984457,0.14994288980960846,-0.0005761101903915267,0.3609944436303353
1789260280.7396672,-1.0173709392547607,0.5152048468589783,1.0739823579788208,-2.21875,-0.6578043699264526,2.359755754470825,-0.9554089307785034,0.5382779836654663,0.027803074568510056,0.14982019364833832,-0.0006988063516616683,0.3789758241505559
1789260280.7732403,-1.0030139684677124,0.5131435394287109,1.0592248439788818,-2.2106990814208984,-0.6492990255355835,2.3601958751678467,-0.9523769021034241,0.5407535433769226,0.026953404769301414,0.14972041547298431,-0.0007985845270156722,0.3891652016442876
1789260280.80687,-0.9881256818771362,0.5111271739006042,1.0446802377700806,-2.202836036682129,-0.6407394409179688,2.3606748580932617,-0.9493873119354248,0.5431598424911499,0.02654431201517582,0.14965654909610748,-0.0008624509038925032,0.3976209296106134
1789260280.8404667,-0.9736053943634033,0.5093114376068115,1.0296931266784668,-2.1950621604919434,-0.6322365403175354,2.3610219955444336,-0.946313202381134,0.5454890131950378,0.025728994980454445,0.14945223927497864,-0.0010667607250213484,0.4201137792168822
1789260280.8740783,-0.9592415690422058,0.5073366165161133,1.0155274868011475,-2.187420606613159,-0.623903214931488,2.3615121841430664,-0.9433861970901489,0.54787278175354,0.025256484746932983,0.14950498938560486,-0.0010140106143951277,0.4087827311198492
1789260280.90766,-0.944472074508667,0.5051167607307434,1.0004096031188965,-2.1790497303009033,-0.61534184217453,2.362006425857544,-0.9402809739112854,0.5505695343017578,0.02436612918972969,0.1497327834367752,-0.0007862165632247786,0.3631561135403902
1789260280.9412472,-0.9301838874816895,0.503252387046814,0.9861743450164795,-2.171658515930176,-0.6070438027381897,2.3623292446136475,-0.9373946189880371,0.5528340935707092,0.02385346218943596,0.14975818991661072,-0.0007608100833892684,0.3582740158310247
1789260280.9748359,-0.9154991507530212,0.50130695104599,0.9714999794960022,-2.1637699604034424,-0.5985838174819946,2.3628008365631104,-0.9344093203544617,0.5553443431854248,0.023261843249201775,0.14996026456356049,-0.0005587354364395003,0.32020557802010025
1789260281.0084784,-0.9008620381355286,0.49913832545280457,0.9566574096679688,-2.1555840969085693,-0.5900312066078186,2.3632924556732178,-0.9313534498214722,0.5580278038978577,0.022485999390482903,0.15037141740322113,-0.00014758259677885577,0.2510099675688194
1789260281.0421162,-0.8861955404281616,0.4972460865974426,0.9422464370727539,-2.147951126098633,-0.5816099643707275,2.363697052001953,-0.9283815622329712,0.5604570508003235,0.02207198739051819,0.1506495624780655,0.00013056247806550458,0.20935673428581142
1789260281.0757706,-0.8723459839820862,0.49576911330223083,0.9277864694595337,-2.14096999168396,-0.573240339756012,2.3639976978302,-0.9254602789878845,0.5625590085983276,0.02131933718919754,0.1505959928035736,7.699280357362226e-05,0.21397885808123562
1789260281.1093228,-0.8586549162864685,0.4943309724330902,0.913999617099762,-2.1342215538024902,-0.5650291442871094,2.364327907562256,-0.9226791858673096,0.5646151304244995,0.020879045128822327,0.1506449282169342,0.00012592821693421796,0.20463023449693923
1789260281.1429248,-0.8446723222732544,0.4927353262901306,0.8990360498428345,-2.1270997524261475,-0.5564219951629639,2.364647388458252,-0.9196841716766357,0.5667990446090698,0.01990443281829357,0.15069396793842316,0.0001749679384231706,0.1958352792096712
1789260281.176508,-0.8305104374885559,0.4915532171726227,0.8846089243888855,-2.121023178100586,-0.5476297736167908,2.3647871017456055,-0.9167765974998474,0.5684607625007629,0.019538475200533867,0.15036889910697937,-0.00015010089302061602,0.24944602483378192
1789260281.2100928,-0.817314863204956,0.4907264709472656,0.8701512813568115,-2.1149778366088867,-0.5391889810562134,2.364882707595825,-0.9139547348022461,0.5701019763946533,0.018624620512127876,0.14994053542613983,-0.0005784645738601546,0.3083765484786035
1789260281.243687,-0.8031506538391113,0.48953017592430115,0.8554959893226624,-2.108792543411255,-0.5303378105163574,2.365064859390259,-0.9110261797904968,0.571845531463623,0.01811879873275757,0.1497206687927246,-0.0007983312072753768,0.34264070643037603
1789260281.2773538,-0.7896851897239685,0.488368958234787,0.8408081531524658,-2.102325677871704,-0.5215840935707092,2.365260601043701,-0.908104419708252,0.5737463235855103,0.017151735723018646,0.14963993430137634,-0.0008790656986236434,0.3538778350848651
1789260281.310989,-0.7755832076072693,0.4873671531677246,0.8262068629264832,-2.096400260925293,-0.5128095746040344,2.365360736846924,-0.9051466584205627,0.5753750205039978,0.016689246520400047,0.14936187863349915,-0.0011571213665008406,0.3966354943421774
1789260281.3446274,-0.7617394924163818,0.4864374101161957,0.8114554286003113,-2.0900774002075195,-0.5039917230606079,2.3655192852020264,-0.9022539258003235,0.5771978497505188,0.015953922644257545,0.14923012256622314,-0.0012888774337768416,0.41259432397074103
1789260281.3782938,-0.7479519844055176,0.48530566692352295,0.7968297004699707,-2.083951711654663,-0.4953082203865051,2.365685224533081,-0.8993214964866638,0.5789893269538879,0.015249758958816528,0.14918817579746246,-0.0013308242025375228,0.41730986150760563
1789260281.4118705,-0.7340863347053528,0.4841388165950775,0.7821280360221863,-2.077461004257202,-0.48643285036087036,2.3659090995788574,-0.8964090943336487,0.5809682011604309,0.014514113776385784,0.14934460818767548,-0.00117439181232451,0.3936643883838593
1789260281.4455032,-0.7202701568603516,0.4831368923187256,0.7672669291496277,-2.0714330673217773,-0.4776948094367981,2.3659861087799072,-0.8934684991836548,0.5827049016952515,0.013720454648137093,0.14927588403224945,-0.0012431159677505355,0.4005626901348312
1789260281.4790971,-0.7066311240196228,0.48219016194343567,0.7530873417854309,-2.0654122829437256,-0.46913108229637146,2.3661510944366455,-0.8906558156013489,0.5845034718513489,0.013220981694757938,0.1493690460920334,-0.0011499539079666,0.38613662113324465
1789260281.5127099,-0.692579984664917,0.48105186223983765,0.7379047870635986,-2.0590786933898926,-0.4601787328720093,2.3662850856781006,-0.8876580595970154,0.586419939994812,0.012346268631517887,0.1495378017425537,-0.0009811982574462752,0.3593646581973214
1789260281.5464363,-0.6785619854927063,0.4798792898654938,0.7233588695526123,-2.0526282787323,-0.45132356882095337,2.3665106296539307,-0.8847187757492065,0.5884607434272766,0.011809045448899269,0.14994965493679047,-0.0005693450632095198,0.3006658966128945
1789260281.5800455,-0.6653968095779419,0.47883203625679016,0.709023118019104,-2.046745777130127,-0.44284191727638245,2.3666036128997803,-0.8819184303283691,0.5902521014213562,0.010946866124868393,0.15017564594745636,-0.0003433540525436263,0.26906917401866154
1789260281.6136498,-0.6511836051940918,0.47787514328956604,0.6943572759628296,-2.040601968765259,-0.4340440630912781,2.3667373657226562,-0.8789902329444885,0.5921381711959839,0.010518995113670826,0.1504649966955185,-5.400330448149249e-05,0.22555353545062423
1789260281.6472569,-0.6379274129867554,0.4768085479736328,0.6799947023391724,-2.0346202850341797,-0.4254245162010193,2.36689829826355,-0.8761472105979919,0.5940189361572266,0.009705696254968643,0.1508570909500122,0.0003380909500122209,0.16902045629320203
1789260281.6808615,-0.6252244710922241,0.4763619005680084,0.6664206385612488,-2.0293784141540527,-0.4172280728816986,2.3669190406799316,-0.8734200596809387,0.5955190658569336,0.009151584468781948,0.15084540843963623,0.00032640843963624433,0.16785878907325083
1789260281.7145193,-0.6128087639808655,0.47625407576560974,0.6525479555130005,-2.024167537689209,-0.4088991582393646,2.366806983947754,-0.8707295656204224,0.5969300270080566,0.00829217117279768,0.15064451098442078,0.00012551098442079023,0.18871159039859822
1789260281.7481153,-0.6000269651412964,0.47613275051116943,0.6385265588760376,-2.019333600997925,-0.40055206418037415,2.366501569747925,-0.8679459095001221,0.5981428623199463,0.007596086710691452,0.1503087282180786,-0.00021027178192137286,0.23738826096775903
1789260281.7816794,-0.586762011051178,0.4760952293872833,0.6237438321113586,-2.0140225887298584,-0.39164185523986816,2.3662309646606445,-0.8650416135787964,0.59952712059021,0.006733032409101725,0.15004628896713257,-0.0004727110328674178,0.2726810091663889
1789260281.8152761,-0.5739601850509644,0.4760975241661072,0.6095954775810242,-2.009002208709717,-0.38309627771377563,2.3658993244171143,-0.86223965883255,0.6008175611495972,0.005980446003377438,0.14979234337806702,-0.0007266566219329695,0.30901041820232844
1789260281.8489268,-0.5606692433357239,0.476001113653183,0.5947093367576599,-2.0037178993225098,-0.37417182326316833,2.365556001663208,-0.8593456745147705,0.6022108197212219,0.005068180616945028,0.14962638914585114,-0.0008926108541488509,0.3322024604772824
1789260281.8824825,-0.547024130821228,0.47601956129074097,0.57969731092453,-1.9983186721801758,-0.3650461435317993,2.365213394165039,-0.8564081788063049,0.6036422252655029,0.004310596734285355,0.14948102831840515,-0.0010379716815948348,0.3538778350848651
1789260281.9160845,-0.534271240234375,0.47602054476737976,0.565400242805481,-1.9934579133987427,-0.35652679204940796,2.36483097076416,-0.8536003828048706,0.604893684387207,0.003457864513620734,0.1492859274148941,-0.0012330725851058821,0.37949179063681887
1789260281.949677,-0.5208929181098938,0.47612622380256653,0.5508595705032349,-1.9883201122283936,-0.3475886285305023,2.3644988536834717,-0.8507146239280701,0.6062553524971008,0.0028549833223223686,0.14916369318962097,-0.0013553068103790145,0.39712851762917784
1789260281.9832387,-0.5078568458557129,0.47605398297309875,0.5361112356185913,-1.9830310344696045,-0.3389219343662262,2.3641676902770996,-0.847836971282959,0.6077257990837097,0.0018670967547222972,0.14921709895133972,-0.0013019010486602645,0.38512180183095585
1789260282.0168552,-0.49444741010665894,0.47605961561203003,0.521545946598053,-1.9777905941009521,-0.32997655868530273,2.3638579845428467,-0.8449450135231018,0.6091845631599426,0.0012599339243024588,0.1492905616760254,-0.0012284383239745955,0.37482252414888007
1789260282.0504546,-0.48135894536972046,0.47605615854263306,0.5065761208534241,-1.9725611209869385,-0.3211264908313751,2.363466262817383,-0.8420493006706238,0.6106259822845459,0.00020244524057488889,0.14935804903507233,-0.0011609509649276595,0.3631561135403902
1789260282.0841203,-0.46831125020980835,0.4760875701904297,0.49249711632728577,-1.967628002166748,-0.3125554919242859,2.363144636154175,-0.8392738103866577,0.6120032072067261,-0.00031168622081167996,0.14946416020393372,-0.0010548397960662703,0.3471792054751945
1789260282.117811,-0.4549447298049927,0.47612622380256653,0.4772293269634247,-1.9623852968215942,-0.3034519851207733,2.3627371788024902,-0.8363158106803894,0.6134577989578247,-0.0013492768630385399,0.14958585798740387,-0.0009331420125961165,0.32924422366624956
1789260282.151409,-0.4419190585613251,0.47611203789711,0.46317726373672485,-1.957229733467102,-0.29487094283103943,2.362471342086792,-0.8335193395614624,0.6149837374687195,-0.0018675616011023521,0.149919331073761,-0.0005996689262389998,0.28046336769824726
1789260282.185018,-0.42888832092285156,0.4761159420013428,0.4483374357223511,-1.9520667791366577,-0.2860131859779358,2.3620846271514893,-0.8306015133857727,0.6164670586585999,-0.002845637733116746,0.15019574761390686,-0.0003232523860931258,0.24228338651132322
1789260282.218636,-0.4153694808483124,0.476127952337265,0.43369150161743164,-1.94675874710083,-0.2770927846431732,2.3617539405822754,-0.8276832103729248,0.6180475950241089,-0.0033980098087340593,0.1506105363368988,9.153633689881757e-05,0.1834539611091176
1789260282.252263,-0.4028297960758209,0.47624316811561584,0.41939762234687805,-1.9419622421264648,-0.2684679329395294,2.361238956451416,-0.8249216675758362,0.6193826794624329,-0.004304229747503996,0.15084019303321838,0.00032119303321839765,0.15576635622796445
1789260282.285818,-0.39097341895103455,0.47676998376846313,0.4062749743461609,-1.9376813173294067,-0.2604164779186249,2.360623598098755,-0.8223217129707336,0.6204689741134644,-0.004869547672569752,0.15079373121261597,0.00027473121261598066,0.16432452156180907
1789260282.3194926,-0.3793675899505615,0.4773862063884735,0.3930262327194214,-1.9332802295684814,-0.2521299123764038,2.3599801063537598,-0.819759726524353,0.6215899586677551,-0.005648949183523655,0.1507703959941864,0.00025139599418641523,0.17017419378319848
1789260282.3530967,-0.36710214614868164,0.4781031310558319,0.37915483117103577,-1.9288777112960815,-0.24342933297157288,2.359248161315918,-0.8170797824859619,0.6226657629013062,-0.006365682929754257,0.15066133439540863,0.00014233439540864423,0.18974563519333634
1789260282.3866875,-0.3542216718196869,0.47927576303482056,0.3643750846385956,-1.924108862876892,-0.23419559001922607,2.358335494995117,-0.8142305016517639,0.6237630844116211,-0.007227006368339062,0.15037605166435242,-0.00014294833564756915,0.228141235772435
1789260282.420342,-0.34185078740119934,0.48041728138923645,0.3501225709915161,-1.9197512865066528,-0.22533905506134033,2.357344150543213,-0.811513364315033,0.6247080564498901,-0.00807065237313509,0.1500343382358551,-0.0004846617641448836,0.2769530426626223
1789260282.4539669,-0.3288057744503021,0.48164939880371094,0.3353285491466522,-1.9152785539627075,-0.2160005122423172,2.3563807010650635,-0.8086398839950562,0.6256888508796692,-0.008791797794401646,0.14968650043010712,-0.0008324995698928694,0.3250574669850846
1789260282.4875674,-0.31570371985435486,0.4829334020614624,0.32020238041877747,-1.9106285572052002,-0.2065216302871704,2.3553926944732666,-0.8057146072387695,0.6267353296279907,-0.009680367074906826,0.14940007030963898,-0.001118929690361009,0.3626169041463061
1789260282.5212152,-0.30316463112831116,0.4839675724506378,0.3060498535633087,-1.9061031341552734,-0.19762955605983734,2.3544843196868896,-0.8029757142066956,0.627839982509613,-0.010348370298743248,0.149354487657547,-0.001164512342452989,0.37009435376366145
1789260282.55485,-0.29046890139579773,0.4850497245788574,0.29129090905189514,-1.9015380144119263,-0.18841031193733215,2.353537082672119,-0.8001707792282104,0.6289387941360474,-0.01126872655004263,0.14929427206516266,-0.0012247279348373274,0.37949179063681887
1789260282.588473,-0.2774154543876648,0.48619574308395386,0.2765698730945587,-1.8968414068222046,-0.17913824319839478,2.3526182174682617,-0.7973206639289856,0.6301103234291077,-0.011931011453270912,0.14930854737758636,-0.0012104526224136214,0.37690489501698216
1789260282.6221597,-0.2647396922111511,0.4873540699481964,0.26197561621665955,-1.892331600189209,-0.16989949345588684,2.3516461849212646,-0.7944905161857605,0.6312063336372375,-0.012731196358799934,0.14929746091365814,-0.001221539086341844,0.38000705656429684
1789260282.6559079,-0.2517370283603668,0.48859286308288574,0.24731706082820892,-1.8879010677337646,-0.16068094968795776,2.3506457805633545,-0.7916234135627747,0.632267951965332,-0.013349741697311401,0.14925114810466766,-0.0012678518953323226,0.38512180183095585
1789260282.6897414,-0.23896272480487823,0.4898085296154022,0.23255403339862823,-1.8833047151565552,-0.1514490842819214,2.349733352661133,-0.7887652516365051,0.6334336400032043,-0.014177796430885792,0.1493428647518158,-0.0011761352481841902,0.3685048161428836
1789260282.7234492,-0.22613956034183502,0.4909028112888336,0.2179572433233261,-1.8786869049072266,-0.1423707753419876,2.3487930297851562,-0.7859576344490051,0.6346489191055298,-0.01487676054239273,0.1495828479528427,-0.0009361520471572737,0.33513458620547243
1789260282.757041,-0.2133253961801529,0.49199625849723816,0.20315861701965332,-1.8740967512130737,-0.1329728662967682,2.3478341102600098,-0.7830971479415894,0.6358579993247986,-0.01566920056939125,0.14985544979572296,-0.0006635502042770247,0.3013159872936269
1789260282.7906282,-0.20036731660366058,0.49316683411598206,0.18845777213573456,-1.869422435760498,-0.12382559478282928,2.346891164779663,-0.7802800536155701,0.6371170282363892,-0.01631690002977848,0.15017974376678467,-0.00033925623321531817,0.25564439666474065
1789260282.8243203,-0.18796545267105103,0.4943099319934845,0.17410890758037567,-1.865014672279358,-0.11478962004184723,2.345957040786743,-0.7775558233261108,0.638290524482727,-0.017074987292289734,0.15048669278621674,-3.23072137832503e-05,0.21489135308816265
1789260282.8579493,-0.17521628737449646,0.4956798553466797,0.15971653163433075,-1.8607243299484253,-0.1057630181312561,2.344913959503174,-0.7747859358787537,0.6393731236457825,-0.017614955082535744,0.1506456434726715,0.00012664347267152265,0.19179700087998583
1789260282.8915868,-0.16362468898296356,0.497148722410202,0.14611078798770905,-1.8566324710845947,-0.09697601944208145,2.343848943710327,-0.772228479385376,0.6403710842132568,-0.018382515758275986,0.15074478089809418,0.0002257808980941911,0.17804114001225932
1789260282.9252713,-0.1522679626941681,0.4984809458255768,0.13323402404785156,-1.852736473083496,-0.08856017887592316,2.3428523540496826,-0.7697867751121521,0.641359806060791,-0.01884436421096325,0.15093186497688293,0.00041286497688294843,0.15450506866003139
1789260282.9588656,-0.14025671780109406,0.500321626663208,0.11902826279401779,-1.8487951755523682,-0.07903356105089188,2.3414509296417236,-0.7671711444854736,0.642177164554596,-0.01962888054549694,0.15077778697013855,0.00025878697013856367,0.17913678902801208
1789260282.9924798,-0.1272890269756317,0.5028215050697327,0.10411710292100906,-1.8444348573684692,-0.06883475929498672,2.3398876190185547,-0.7645159363746643,0.6430328488349915,-0.020185552537441254,0.15039581060409546,-0.00012318939590452715,0.22641938826360836
1789260283.0260816,-0.11537129431962967,0.5051037073135376,0.08976205438375473,-1.8407586812973022,-0.059182289987802505,2.3382139205932617,-0.7619737386703491,0.6436324715614319,-0.02107383869588375,0.14992976188659668,-0.0005892381134033065,0.2947505664483941
1789260283.059676,-0.10275546461343765,0.5075307488441467,0.075227290391922,-1.8367427587509155,-0.04919851943850517,2.3366873264312744,-0.7593677043914795,0.6444074511528015,-0.0215969979763031,0.14957675337791443,-0.0009422466220855574,0.3374619443881515
1789260283.0933044,-0.09043055027723312,0.5099295973777771,0.06043773144483566,-1.8328211307525635,-0.03923854976892471,2.3350353240966797,-0.7567370533943176,0.6451281905174255,-0.02246106043457985,0.1492440402507782,-0.001274959749221788,0.3810354981072366
1789260283.1268916,-0.07778686285018921,0.5122917890548706,0.0458047017455101,-1.8286659717559814,-0.02924221381545067,2.3334598541259766,-0.7541126012802124,0.6460015773773193,-0.023007743060588837,0.1491016298532486,-0.00141737014675139,0.3986039287160313
1789260283.1605012,-0.06533793359994888,0.514607310295105,0.030931085348129272,-1.824719786643982,-0.01912335306406021,2.3318264484405518,-0.7514495849609375,0.6467939615249634,-0.023806555196642876,0.14895422756671906,-0.001564772433280931,0.4201137792168822
1789260283.1940963,-0.053106192499399185,0.5169385671615601,0.016771607100963593,-1.820827603340149,-0.009422862902283669,2.3302855491638184,-0.748870849609375,0.6476140022277832,-0.0243020411580801,0.14884792268276215,-0.0016710773172378401,0.43250652289371755
1789260283.2276752,-0.04031236097216606,0.5193773508071899,0.0016967093106359243,-1.8166582584381104,0.000823050329927355,2.3286612033843994,-0.7462155222892761,0.6485254168510437,-0.024969756603240967,0.14883776009082794,-0.0016812399091720442,0.4297834618847051
1789260283.261202,-0.028191763907670975,0.5216861367225647,-0.012534418143332005,-1.8127893209457397,0.010503267869353294,2.3271093368530273,-0.7436439394950867,0.6493746042251587,-0.02555408701300621,0.1488545835018158,-0.0016644164981841902,0.42566620993499665
1789260283.294859,-0.018446901813149452,0.523580014705658,-0.023776091635227203,-1.8097500801086426,0.018457535654306412,2.3258445262908936,-0.7415620684623718,0.6500378847122192,-0.0258640069514513,0.14885371923446655,-0.0016652807655334334,0.42566620993499665
1789260283.328456,-0.01589415967464447,0.5241271257400513,-0.026951830834150314,-1.8089696168899536,0.021088045090436935,2.325371742248535,-0.7408788800239563,0.6501652598381042,-0.026041973382234573,0.1488095372915268,-0.0017094627084731917,0.44057473683036125
1789260286.4523401,-0.015769684687256813,0.5241351127624512,-0.027225596830248833,-1.8089102506637573,0.02119409665465355,2.325350522994995,-0.7408459186553955,0.6501811742782593,-0.026130888611078262,0.14882974326610565,-0.0016892567338943343,0.4383484623948224
1789260286.4863474,-0.015767628327012062,0.5241406559944153,-0.02722586877644062,-1.8089091777801514,0.02119479887187481,2.325350761413574,-0.7408515214920044,0.6501806974411011,-0.02612966299057007,0.14882656931877136,-0.0016924306812286238,0.4374547803357945
1789260286.5202606,-0.01576891914010048,0.5241400003433228,-0.027223557233810425,-1.8089063167572021,0.02119436115026474,2.3253514766693115,-0.7408491373062134,0.6501821279525757,-0.026129066944122314,0.14882825314998627,-0.001690746850013719,0.4374547803357945
1789260286.5542946,-0.015765920281410217,0.5241386294364929,-0.027223551645874977,-1.8089056015014648,0.021193692460656166,2.3253514766693115,-0.7408506274223328,0.650182843208313,-0.02612718939781189,0.14882943034172058,-0.001689569658279405,0.4374547803357945
1789260286.5883434,-0.015765348449349403,0.5241417288780212,-0.027223341166973114,-1.8089063167572021,0.021190904080867767,2.325350522994995,-0.7408484220504761,0.650181770324707,-0.026126910001039505,0.14882701635360718,-0.0016919836463928084,0.4383484623948224
1789260286.6223266,-0.015765920281410217,0.5241413712501526,-0.027227411046624184,-1.8089113235473633,0.021191252395510674,2.3253543376922607,-0.7408554553985596,0.650180459022522,-0.026129908859729767,0.1488255262374878,-0.0016934737625121932,0.43790184934227433
1789260286.656308,-0.015765922144055367,0.5241387486457825,-0.027221759781241417,-1.8089081048965454,0.021191835403442383,2.325352430343628,-0.7408488988876343,0.6501820087432861,-0.02612617239356041,0.1488284170627594,-0.0016905829372405867,0.43790184934227433
1789260286.6902795,-0.015765920281410217,0.5241426825523376,-0.02722284197807312,-1.8089109659194946,0.02119116485118866,2.3253540992736816,-0.7408521175384521,0.6501803994178772,-0.02612691931426525,0.1488247811794281,-0.0016942188205718856,0.43790184934227433
1789260286.7243257,-0.015764206647872925,0.5241378545761108,-0.027223551645874977,-1.8089091777801514,0.021193843334913254,2.3253536224365234,-0.7408484220504761,0.6501818895339966,-0.02612604759633541,0.1488286256790161,-0.0016903743209838729,0.4374547803357945
1789260286.7582295,-0.01576249487698078,0.5241387486457825,-0.027227336540818214,-1.8089091777801514,0.021191660314798355,2.325357437133789,-0.7408574223518372,0.6501826047897339,-0.026127658784389496,0.1488284170627594,-0.0016905829372405867,0.4374547803357945
1789260286.792268,-0.01576763205230236,0.5241389274597168,-0.02722776308655739,-1.8089091777801514,0.021192431449890137,2.3253531455993652,-0.7408487796783447,0.6501814723014832,-0.02613115683197975,0.14882789552211761,-0.0016911044778823714,0.4374547803357945
1789260286.8263772,-0.015767868608236313,0.524138867855072,-0.027225632220506668,-1.808904767036438,0.021194957196712494,2.3253533840179443,-0.740851104259491,0.650183379650116,-0.02612973004579544,0.1488298624753952,-0.0016891375246047835,0.43790184934227433
1789260286.86035,-0.015767201781272888,0.5241409540176392,-0.027221454307436943,-1.8089115619659424,0.02119101770222187,2.325350761413574,-0.7408547401428223,0.6501797437667847,-0.026126816868782043,0.14882534742355347,-0.0016936525764465193,0.43790184934227433
1789260286.8943014,-0.015764202922582626,0.5241379737854004,-0.027229197323322296,-1.8089052438735962,0.02119666524231434,2.3253519535064697,-0.7408484220504761,0.6501830816268921,-0.026129504665732384,0.1488300859928131,-0.0016889140071868758,0.43790184934227433
1789260286.9283066,-0.01576763205230236,0.5241386294364929,-0.027225621044635773,-1.8089120388031006,0.021191002801060677,2.325349807739258,-0.7408508062362671,0.6501796245574951,-0.026129817590117455,0.14882656931877136,-0.0016924306812286238,0.43790184934227433
1789260287.0363045,-0.015766628086566925,0.5241391658782959,-0.027221664786338806,-1.8089077472686768,0.021192844957113266,2.3253536224365234,-0.740850031375885,0.65018230676651,-0.02612648904323578,0.14882835745811462,-0.0016906425418853621,0.4374547803357945
1789260287.0772228,-0.015762493014335632,0.5241409540176392,-0.027223551645874977,-1.8089097738265991,0.021192418411374092,2.3253514766693115,-0.7408508062362671,0.6501807570457458,-0.026125028729438782,0.14882616698741913,-0.0016928330125808577,0.43790184934227433
1789260287.1222494,-0.01576763391494751,0.5241370797157288,-0.027221769094467163,-1.808907389640808,0.021195732057094574,2.325352191925049,-0.7408456802368164,0.6501824855804443,-0.026126936078071594,0.14882972836494446,-0.0016892716350555281,0.4374547803357945
1789260287.160237,-0.015765920281410217,0.5241369605064392,-0.027223551645874977,-1.8089113235473633,0.02119210734963417,2.325350522994995,-0.7408513426780701,0.6501805782318115,-0.026127267628908157,0.14882805943489075,-0.001690940565109239,0.43790184934227433
1789260287.1993077,-0.015765920281410217,0.5241377949714661,-0.027222614735364914,-1.8089083433151245,0.021192824468016624,2.325352191925049,-0.7408477663993835,0.6501820087432861,-0.026126638054847717,0.1488289088010788,-0.0016900911989211898,0.43790184934227433
1789260287.2443318,-0.01576763205230236,0.5241330862045288,-0.027227414771914482,-1.808907389640808,0.021192843094468117,2.325355291366577,-0.7408515214920044,0.6501837372779846,-0.026130950078368187,0.14883264899253845,-0.001686351007461534,0.4374547803357945
1789260287.2779653,-0.015763549134135246,0.5241393446922302,-0.027223551645874977,-1.8089079856872559,0.02119225263595581,2.3253517150878906,-0.7408491373062134,0.6501818895339966,-0.02612575702369213,0.1488279551267624,-0.001691044873237596,0.4374547803357945
1789260287.3115928,-0.015763724222779274,0.5241712927818298,-0.027219882234930992,-1.8089345693588257,0.02119351550936699,2.3253514766693115,-0.7408624887466431,0.6501649022102356,-0.02612297050654888,0.1487959921360016,-0.0017230078639983992,0.44146210311561845
1789260287.3452706,-0.015763239935040474,0.5242364406585693,-0.027221804484725,-1.8089555501937866,0.02119036205112934,2.3253538608551025,-0.7408628463745117,0.6501445770263672,-0.02612382173538208,0.14874495565891266,-0.0017740443410873274,0.44543337634903557
1789260287.3788817,-0.01576116308569908,0.5242822170257568,-0.027223816141486168,-1.8089882135391235,0.021190322935581207,2.3253560066223145,-0.7408660650253296,0.6501230001449585,-0.02612333744764328,0.14870165288448334,-0.0018173471155166487,0.44980478288100817
1789260287.412483,-0.015764715149998665,0.5242877006530762,-0.02722882479429245,-1.8089876174926758,0.021190589293837547,2.325352191925049,-0.7408685684204102,0.6501212120056152,-0.026128847151994705,0.14869801700115204,-0.0018209829988479476,0.4502395892623046
1789260287.446127,-0.01576523296535015,0.524284303188324,-0.02721998654305935,-1.8089895248413086,0.021184703335165977,2.325352668762207,-0.7408685088157654,0.6501213312149048,-0.026123937219381332,0.14869941771030426,-0.0018195822896957259,0.4502395892623046
1789260287.4797444,-0.01576324738562107,0.5242881774902344,-0.027225641533732414,-1.8089890480041504,0.021187083795666695,2.32535457611084,-0.7408654689788818,0.6501212120056152,-0.02612614631652832,0.14869731664657593,-0.0018216833534240584,0.44980478288100817
1789260287.513408,-0.01576121523976326,0.5242902636528015,-0.02722356468439102,-1.8089886903762817,0.021185530349612236,2.3253538608551025,-0.7408716082572937,0.6501208543777466,-0.02612360194325447,0.14869600534439087,-0.001822994655609117,0.45067397615496063
1789260287.5470557,-0.01576039008796215,0.5242913365364075,-0.02722342498600483,-1.808985710144043,0.021187439560890198,2.3253531455993652,-0.7408707141876221,0.650121808052063,-0.026122814044356346,0.14869649708271027,-0.00182250291728972,0.4502395892623046
1789260287.5806544,-0.01573728211224079,0.5242996215820312,-0.027256038039922714,-1.8089662790298462,0.02116268128156662,2.3253519535064697,-0.7408713102340698,0.6501278281211853,-0.02613162249326706,0.14869941771030426,-0.0018195822896957259,0.4489339067758656
1789260287.6143403,-0.014687729999423027,0.5248812437057495,-0.028111746534705162,-1.807814359664917,0.020613214001059532,2.3278920650482178,-0.7369565963745117,0.6510394215583801,-0.026099853217601776,0.14903345704078674,-0.001485542959213243,0.2639295804557845
1789260287.6479816,-0.013233338482677937,0.5253807306289673,-0.028864659368991852,-1.8065690994262695,0.020108994096517563,2.329896926879883,-0.7307130694389343,0.6519045233726501,-0.025726109743118286,0.1494150459766388,-0.0011039540233611922,0.10087055545943382
1789260287.6815004,-0.009866665117442608,0.52589350938797,-0.029941117390990257,-1.805454969406128,0.020319974049925804,2.3295395374298096,-0.7171903252601624,0.6522588133811951,-0.02422291971743107,0.1495295614004135,-0.000989438599586473,0.09065408419654447
1789260287.7150629,-0.006194904446601868,0.5264761447906494,-0.030539648607373238,-1.8042840957641602,0.02081875503063202,2.3289616107940674,-0.7026126384735107,0.6525916457176208,-0.022176627069711685,0.14959904551506042,-0.0009199544849395613,0.08622923312351063
1789260287.7486787,-0.0017374984454363585,0.5271304249763489,-0.0316416434943676,-1.802780270576477,0.021465107798576355,2.3282275199890137,-0.6848084330558777,0.653017520904541,-0.019932452589273453,0.14975376427173615,-0.0007652357282638411,0.07912937001338383
1789260287.782274,0.0027295437175780535,0.5278103947639465,-0.03285359591245651,-1.8013126850128174,0.022162623703479767,2.3274683952331543,-0.6665933132171631,0.6534092426300049,-0.017745770514011383,0.1498756855726242,-0.0006433144273757796,0.07912937001338383
1789260287.81586,0.006939879152923822,0.5284340381622314,-0.0339958518743515,-1.7999495267868042,0.022870585322380066,2.3267452716827393,-0.649539053440094,0.6537650227546692,-0.015677057206630707,0.14999312162399292,-0.0005258783760070662,0.08156468806857739
1789260287.8495197,0.011107876896858215,0.5291540622711182,-0.035299111157655716,-1.7984881401062012,0.02358691580593586,2.326014518737793,-0.6318438649177551,0.6541333198547363,-0.013738508336246014,0.15009060502052307,-0.00042839497947691485,0.08156468806857739
1789260287.883081,0.015489917248487473,0.5298460721969604,-0.036456502974033356,-1.797070860862732,0.024281853809952736,2.325260877609253,-0.6142534017562866,0.6544814109802246,-0.011563031934201717,0.15018466114997864,-0.00033433885002134844,0.08392937202498843
1789260287.9167473,0.020062211900949478,0.5305302143096924,-0.03742260858416557,-1.795589566230774,0.025006579235196114,2.324518918991089,-0.596523642539978,0.6548556685447693,-0.009131507016718388,0.1503102332353592,-0.00020876676464079424,0.07132624918176021
1789260287.9503815,0.024547943845391273,0.5312097072601318,-0.03847706317901611,-1.7940528392791748,0.025698836892843246,2.323784828186035,-0.5787368416786194,0.6552450060844421,-0.006814335938543081,0.1504645198583603,-5.448014163969561e-05,0.07132624918176021
1789260287.9839747,0.028830507770180702,0.5318728089332581,-0.03957681730389595,-1.7926263809204102,0.026396410539746284,2.323061943054199,-0.5615856647491455,0.6555847525596619,-0.004656996577978134,0.15058459341526031,6.55934152603288e-05,0.07132624918176021
1789260288.0175583,0.0332469716668129,0.5326292514801025,-0.04086410626769066,-1.7911491394042969,0.027137788012623787,2.3222711086273193,-0.5433712601661682,0.6559075117111206,-0.002528109587728977,0.15066182613372803,0.0001428261337280412,0.07661668268387072
1789260288.0511465,0.03731000795960426,0.5333261489868164,-0.04213947057723999,-1.789719820022583,0.02783041074872017,2.321550130844116,-0.5262881517410278,0.6562286615371704,-0.0006254056934267282,0.15076419711112976,0.0002451971111297746,0.08156468806857739
1789260288.0848072,0.04169604927301407,0.5340341925621033,-0.0432579331099987,-1.7882702350616455,0.028538182377815247,2.3207998275756836,-0.5085647702217102,0.6565430760383606,0.0015967799117788672,0.15086381137371063,0.0003448113737106462,0.08156468806857739
1789260288.1183984,0.046285971999168396,0.534736156463623,-0.04423554986715317,-1.7868177890777588,0.02924918755888939,2.320037364959717,-0.4908110797405243,0.6568476557731628,0.004048745613545179,0.1509660929441452,0.0004470929441452165,0.08392937202498843
1789260288.1520486,0.05071385204792023,0.5354055762290955,-0.04524457827210426,-1.7853672504425049,0.029937423765659332,2.319304943084717,-0.47322773933410645,0.6571556925773621,0.006374527234584093,0.15109224617481232,0.0005732461748123308,0.07912937001338383
1789260288.1856139,0.055077727884054184,0.5360912680625916,-0.04643445461988449,-1.783915400505066,0.03063237853348255,2.3185248374938965,-0.4555620849132538,0.6574456691741943,0.008542641997337341,0.1512070596218109,0.000688059621810927,0.08392937202498843
1789260288.2192597,0.05861964076757431,0.5366359353065491,-0.04731690511107445,-1.7827410697937012,0.031164171174168587,2.3179421424865723,-0.4406937062740326,0.6576855182647705,0.010356133803725243,0.15130987763404846,0.0007908776340484758,0.08392937202498843
1789260288.2528505,0.06194128096103668,0.5372120141983032,-0.0484391488134861,-1.781529188156128,0.03172600641846657,2.3173136711120605,-0.426239937543869,0.6579268574714661,0.011871940456330776,0.151407852768898,0.0008888527688980241,0.09891171693842998
1789260288.2863953,0.06354177743196487,0.5374680161476135,-0.048730023205280304,-1.7809480428695679,0.03198910877108574,2.3170220851898193,-0.41890594363212585,0.6580427885055542,0.012766812928020954,0.15146540105342865,0.0009464010534286638,0.08846932694105811
1789260288.320001,0.06506003439426422,0.5376980900764465,-0.04920103773474693,-1.7804373502731323,0.03227083012461662,2.3167617321014404,-0.41338619589805603,0.6581440567970276,0.013490102253854275,0.15151557326316833,0.0009965732631683488,0.09487278508118449
1789260288.3535964,0.06903496384620667,0.5381612181663513,-0.051637474447488785,-1.7799549102783203,0.03407811000943184,2.316455125808716,-0.41433393955230713,0.6581821441650391,0.014678696170449257,0.15142659842967987,0.0009075984296798845,0.09278741380920028
1789260288.3872156,0.07399717718362808,0.5387120842933655,-0.05426058545708656,-1.7794289588928223,0.03617154061794281,2.316148042678833,-0.41764938831329346,0.6582083702087402,0.016421901062130928,0.15130332112312317,0.0007843211231231828,0.09278741380920028
1789260288.4208488,0.08347136527299881,0.5397591590881348,-0.06030615419149399,-1.7784570455551147,0.04073053225874901,2.3154983520507812,-0.42485934495925903,0.6582472324371338,0.01912226341664791,0.15107639133930206,0.0005573913393020768,0.10653118153060223
1789260288.4544694,0.09449873119592667,0.5410324335098267,-0.06692232191562653,-1.777228593826294,0.04550568759441376,2.314850330352783,-0.4322521984577179,0.6583248972892761,0.02249685488641262,0.15083293616771698,0.00031393616771699384,0.12354070345060089
1789260288.4880996,0.1091649979352951,0.542535126209259,-0.07566463947296143,-1.7758384943008423,0.051872000098228455,2.3139312267303467,-0.4421718418598175,0.6583296060562134,0.027025537565350533,0.15054553747177124,2.6537471771254095e-05,0.1506578634376723
1789260288.521775,0.12396170198917389,0.5442348718643188,-0.08455699682235718,-1.7742877006530762,0.05855690315365791,2.3130342960357666,-0.45221102237701416,0.6583477854728699,0.03157981112599373,0.1502266377210617,-0.0002923622789382796,0.17804114001225932
1789260288.5553706,0.13890260457992554,0.5458660125732422,-0.09339012950658798,-1.7728196382522583,0.0652688518166542,2.3120615482330322,-0.4622829258441925,0.6582980155944824,0.03627508506178856,0.14993421733379364,-0.000584782666206346,0.20842000938287997
1789260288.5889637,0.15289659798145294,0.5475059747695923,-0.10232805460691452,-1.7713067531585693,0.07162047177553177,2.3111791610717773,-0.4719284474849701,0.6583037376403809,0.04025234654545784,0.14969086647033691,-0.0008281335296630721,0.23154652169551507
1789260288.6225636,0.1680241823196411,0.5491788983345032,-0.11146870255470276,-1.769779920578003,0.07835644483566284,2.3102166652679443,-0.482257604598999,0.6582367420196533,0.044886257499456406,0.149457186460495,-0.001061813539504991,0.25487784375809863
1789260288.656203,0.1822441816329956,0.5507474541664124,-0.12018800526857376,-1.7682340145111084,0.08476705849170685,2.3093063831329346,-0.49195796251296997,0.6582046747207642,0.04917982220649719,0.14931565523147583,-0.001203344768524156,0.26687861114866307
1789260288.6898875,0.19696173071861267,0.5523415207862854,-0.12913422286510468,-1.7666771411895752,0.0912991464138031,2.308371067047119,-0.5019580125808716,0.6581354141235352,0.053671520203351974,0.1491934210062027,-0.0013255789937972884,0.27624562495594135
1789260288.7235115,0.21198265254497528,0.5539530515670776,-0.1379977911710739,-1.7651265859603882,0.09802163392305374,2.3074305057525635,-0.5120590925216675,0.6580134630203247,0.058442454785108566,0.14907890558242798,-0.0014400944175720076,0.28530527306726555
1789260288.7570927,0.22646085917949677,0.555574357509613,-0.14698900282382965,-1.7635681629180908,0.10462643951177597,2.3065133094787598,-0.5220218896865845,0.6579165458679199,0.06277000159025192,0.14899471402168274,-0.0015242859783172469,0.2887140663131333
1789260288.7906644,0.24143202602863312,0.5571877956390381,-0.15583062171936035,-1.7620537281036377,0.11117537319660187,2.305563449859619,-0.5321089029312134,0.6577319502830505,0.06751934438943863,0.14891336858272552,-0.0016056314172744612,0.2934198544058264
1789260288.8242795,0.25599944591522217,0.5588256120681763,-0.16488738358020782,-1.7605297565460205,0.11777631938457489,2.3046553134918213,-0.5420829057693481,0.657577395439148,0.07187598198652267,0.14886052906513214,-0.001658470934867845,0.29275223011984547
1789260288.857857,0.2707698941230774,0.5604774355888367,-0.17374910414218903,-1.7589960098266602,0.12436876446008682,2.3037285804748535,-0.5520459413528442,0.6573675274848938,0.0765010416507721,0.14881755411624908,-0.0017014458837509017,0.28939100670166956
1789260288.8914447,0.2854636311531067,0.5621519088745117,-0.18280354142189026,-1.7574959993362427,0.13089631497859955,2.302790403366089,-0.5621073246002197,0.6571390628814697,0.08094809204339981,0.1487816870212555,-0.001737312978744493,0.28735540148900524
1789260288.9250257,0.299701452255249,0.5637354850769043,-0.19136011600494385,-1.7560254335403442,0.1373608559370041,2.3018908500671387,-0.5717767477035522,0.6568906307220459,0.08542376011610031,0.1487935334444046,-0.001725466555595384,0.27836248477296915
1789260288.9586074,0.31454944610595703,0.5653867125511169,-0.20042134821414948,-1.7544703483581543,0.1441039741039276,2.30094575881958,-0.5818681120872498,0.6566296815872192,0.09001295268535614,0.1488494575023651,-0.0016695424976348738,0.2639295804557845
1789260288.9922264,0.3291527032852173,0.5669854879379272,-0.20928259193897247,-1.7529467344284058,0.15055441856384277,2.300030469894409,-0.5917971730232239,0.6563507318496704,0.0945519283413887,0.14894334971904755,-0.0015756502809524398,0.24469422950165987
1789260289.0258136,0.34403663873672485,0.5686199069023132,-0.21817947924137115,-1.751363754272461,0.15714675188064575,2.2990734577178955,-0.6019255518913269,0.6560329794883728,0.0992794930934906,0.14906460046768188,-0.0014543995323181014,0.22293580089065076
1789260289.0594919,0.3585985600948334,0.5702583193778992,-0.2272769808769226,-1.7498019933700562,0.16377340257167816,2.298170328140259,-0.6119223833084106,0.6557496786117554,0.10367771238088608,0.14922036230564117,-0.0012986376943588118,0.19483355668961086
1789260289.0930948,0.37318703532218933,0.5718331336975098,-0.23576472699642181,-1.748362421989441,0.17008166015148163,2.2972524166107178,-0.6216548681259155,0.6553268432617188,0.10845408588647842,0.14934727549552917,-0.0011717245044708113,0.17358940356200137
1789260289.1268735,0.387177973985672,0.5734226107597351,-0.2444799840450287,-1.746960163116455,0.17643573880195618,2.2963778972625732,-0.6312304139137268,0.6549662351608276,0.11270054429769516,0.14949506521224976,-0.0010239347877502303,0.145369962588823
1789260289.1604736,0.39812758564949036,0.5746563076972961,-0.2507050037384033,-1.7458370923995972,0.1811828315258026,2.295694589614868,-0.6386113166809082,0.6546027064323425,0.11639419198036194,0.1495991349220276,-0.0009198650779723982,0.12354070345060089
1789260289.194117,0.4059733748435974,0.5754969716072083,-0.2557101845741272,-1.7449381351470947,0.18464671075344086,2.2952120304107666,-0.6449209451675415,0.6544526815414429,0.118716761469841,0.1497948318719864,-0.000724168128013597,0.09691329395132914
1789260289.2277849,0.4114719331264496,0.5761366486549377,-0.2590913474559784,-1.7444344758987427,0.18727366626262665,2.294814348220825,-0.6483539938926697,0.6542549133300781,0.12042585015296936,0.14983533322811127,-0.000683666771888719,0.09065408419654447
1789260289.261373,0.41473153233528137,0.5765320658683777,-0.26197054982185364,-1.7442046403884888,0.18937094509601593,2.2945587635040283,-0.6481826901435852,0.6542230844497681,0.12092243880033493,0.14989273250102997,-0.0006262674989700179,0.08622923312351063
1789260289.295048,0.417441189289093,0.5769908428192139,-0.2654215395450592,-1.7443153858184814,0.1920669972896576,2.294182300567627,-0.6432422995567322,0.6541680097579956,0.1207004114985466,0.14980550110340118,-0.0007134988965988021,0.09487278508118449
1789260289.328607,0.42006081342697144,0.5774118304252625,-0.2701292634010315,-1.7446224689483643,0.1954362839460373,2.2938363552093506,-0.6343502998352051,0.6542355418205261,0.11965945363044739,0.1497744470834732,-0.0007445529165267806,0.1083523598284494
1789260289.3623068,0.4247230887413025,0.5779933929443359,-0.2769084572792053,-1.7451807260513306,0.20062485337257385,2.293226957321167,-0.623436450958252,0.6541630625724792,0.11876224726438522,0.14969995617866516,-0.000819043821334825,0.12666881248565126
1789260289.3958747,0.43076738715171814,0.5788959860801697,-0.2858777642250061,-1.7457478046417236,0.20698648691177368,2.29248046875,-0.609363853931427,0.6541479825973511,0.11746201664209366,0.14961744844913483,-0.0009015515508651595,0.14935344105781187
1789260289.4294806,0.4379602074623108,0.5798938274383545,-0.2961632311344147,-1.7464467287063599,0.2145368605852127,2.291661262512207,-0.5928055047988892,0.6541031002998352,0.11616884917020798,0.14956335723400116,-0.0009556427659988265,0.1666890263349369
1789260289.4631045,0.44551023840904236,0.5809618234634399,-0.30716490745544434,-1.7472041845321655,0.22269703447818756,2.290733814239502,-0.5752052664756775,0.654068112373352,0.1147042065858841,0.14953649044036865,-0.0009825095596313338,0.1834539611091176
1789260289.4967206,0.4532308578491211,0.58211350440979,-0.31820085644721985,-1.7479761838912964,0.23071402311325073,2.2898290157318115,-0.5574551820755005,0.6540160775184631,0.11331287026405334,0.14949709177017212,-0.001021908229827867,0.199791951149457
1789260289.5303435,0.46057409048080444,0.5832376480102539,-0.3295055329799652,-1.7487910985946655,0.23891063034534454,2.2889161109924316,-0.5397176742553711,0.6540412306785583,0.11152419447898865,0.14952678978443146,-0.0009922102155685286,0.20653381460469245
1789260289.56397,0.4678589403629303,0.5843164324760437,-0.3402683436870575,-1.7495273351669312,0.2467128038406372,2.287992477416992,-0.5225399732589722,0.6540453433990479,0.11002486944198608,0.14960239827632904,-0.0009166017236709456,0.2121420935987288
1789260289.5975556,0.47578561305999756,0.5854475498199463,-0.35140177607536316,-1.750276803970337,0.2550843358039856,2.2870564460754395,-0.5043545365333557,0.6540243625640869,0.10876797884702682,0.14971975982189178,-0.0007992401781082015,0.20747905542313175
1789260289.6312149,0.4829096496105194,0.5865451693534851,-0.362209677696228,-1.75105881690979,0.2629778981208801,2.2861762046813965,-0.487249493598938,0.6540629267692566,0.10715014487504959,0.14985454082489014,-0.0006644591751098494,0.2007689357290851
1789260289.6647766,0.4904802143573761,0.5876957774162292,-0.3733651638031006,-1.7518978118896484,0.2710191607475281,2.2852656841278076,-0.46953466534614563,0.6540751457214355,0.10561294108629227,0.15001145005226135,-0.0005075499477386336,0.19077407530073984
1789260289.6983547,0.498128741979599,0.588803231716156,-0.38444122672080994,-1.7526739835739136,0.27926579117774963,2.2843496799468994,-0.45176124572753906,0.6541101336479187,0.10421942919492722,0.15025438368320465,-0.00026461631679533526,0.17245851507387558
1789260289.7319627,0.5057520270347595,0.5899049043655396,-0.3952893614768982,-1.7534531354904175,0.2871413826942444,2.283442497253418,-0.4341913163661957,0.6541301012039185,0.10292433202266693,0.15051399171352386,-5.008286476121393e-06,0.1506578634376723
1789260289.7655613,0.5128710865974426,0.5910201072692871,-0.4062957167625427,-1.7542781829833984,0.2951134145259857,2.2825424671173096,-0.4170258343219757,0.6542159914970398,0.10120892524719238,0.15080797672271729,0.000288976722717299,0.12354070345060089
1789260289.7992172,0.5193675756454468,0.5919013023376465,-0.41610750555992126,-1.7550225257873535,0.3022874891757965,2.2817487716674805,-0.40142741799354553,0.6543026566505432,0.09980060905218124,0.15117217600345612,0.0006531760034561296,0.08846932694105811
1789260289.8328588,0.5260658264160156,0.5929906368255615,-0.42470231652259827,-1.7554725408554077,0.3087684214115143,2.280848503112793,-0.38653239607810974,0.654271125793457,0.09925805032253265,0.15138855576515198,0.0008695557651519914,0.07132624918176021
1789260289.8664653,0.5332373976707458,0.5947996973991394,-0.4320792555809021,-1.7553269863128662,0.3143863081932068,2.279808759689331,-0.3718719780445099,0.6541207432746887,0.09974368661642075,0.15125523507595062,0.0007362350759506364,0.08392937202498843
1789260289.900078,0.5408433079719543,0.5967509150505066,-0.4393329918384552,-1.7552498579025269,0.3201355040073395,2.278512477874756,-0.3561704754829407,0.653815507888794,0.10058686137199402,0.15098847448825836,0.0004694744882583757,0.11703392759136522
1789260289.9336138,0.5501001477241516,0.5990926623344421,-0.44714224338531494,-1.7547633647918701,0.3264729082584381,2.2770750522613525,-0.3384331166744232,0.6534937024116516,0.1022598072886467,0.15074126422405243,0.00022226422405244306,0.14670980696444608
1789260289.9672933,0.5589146018028259,0.6013652682304382,-0.4550763964653015,-1.754357933998108,0.332868754863739,2.2756097316741943,-0.32085058093070984,0.6532140374183655,0.10357096046209335,0.15054409205913544,2.5092059135450873e-05,0.17245851507387558
1789260290.0008872,0.5675268173217773,0.603614330291748,-0.46337369084358215,-1.75397527217865,0.3393539786338806,2.2741973400115967,-0.30315110087394714,0.6530200839042664,0.10453717410564423,0.1504368782043457,-8.212179565428301e-05,0.1866263135942662
1789260290.034455,0.5763514041900635,0.6058695316314697,-0.4714341461658478,-1.7535617351531982,0.3456137776374817,2.2727229595184326,-0.2854354977607727,0.6527745723724365,0.1057802215218544,0.15032550692558289,-0.0001934930744171004,0.2007689357290851
1789260290.068059,0.5852659940719604,0.6080767512321472,-0.47931262850761414,-1.7531009912490845,0.3519681394100189,2.2712996006011963,-0.2678029537200928,0.6525360345840454,0.10722609609365463,0.150265634059906,-0.0002533659400939803,0.20747905542313175
1789260290.1016335,0.5939545631408691,0.6103220582008362,-0.4875499904155731,-1.7527111768722534,0.3584001362323761,2.269841432571411,-0.2500689923763275,0.6523411870002747,0.10830100625753403,0.1502332240343094,-0.00028577596569059893,0.2121420935987288
1789260290.1352813,0.6029254198074341,0.6126019954681396,-0.49555888772010803,-1.7522149085998535,0.3646737039089203,2.2683913707733154,-0.2322576940059662,0.6521247625350952,0.10971055179834366,0.15021565556526184,-0.0003033444347381453,0.21397885808123562
1789260290.168899,0.6116694211959839,0.6148303151130676,-0.5031415224075317,-1.7517637014389038,0.37089356780052185,2.2669897079467773,-0.21518102288246155,0.6518755555152893,0.11123550683259964,0.15017209947109222,-0.000346900528907762,0.216704816531638
1789260290.202519,0.6205534934997559,0.6172573566436768,-0.5115846395492554,-1.751423716545105,0.3775118589401245,2.2655131816864014,-0.1969609260559082,0.6516627073287964,0.11232834309339523,0.15012571215629578,-0.00039328784370420977,0.22028696137813833
1789260290.2361104,0.6291103363037109,0.6194589138031006,-0.5193547010421753,-1.7510017156600952,0.3836157023906708,2.2641358375549316,-0.17993305623531342,0.651472806930542,0.11361733078956604,0.1501716673374176,-0.0003473326625823836,0.2130624551327921
1789260290.2697227,0.6380755305290222,0.6217367053031921,-0.5272464156150818,-1.7505375146865845,0.3900054693222046,2.262676239013672,-0.16220739483833313,0.651249885559082,0.11513787508010864,0.15022887289524078,-0.00029012710475920245,0.2036717727852554
1789260290.3033082,0.6467395424842834,0.6240152716636658,-0.5354188680648804,-1.7501590251922607,0.39637789130210876,2.2612476348876953,-0.14465367794036865,0.6510863900184631,0.11627986282110214,0.15032926201820374,-0.0001897379817962508,0.19179700087998583
1789260290.336881,0.6556053757667542,0.626257598400116,-0.5434625148773193,-1.7496978044509888,0.4026844799518585,2.2598063945770264,-0.12684892117977142,0.6509185433387756,0.11765659600496292,0.1504887044429779,-3.0295557022080866e-05,0.17132016174909548
1789260290.3704946,0.6646360754966736,0.628583550453186,-0.5513562560081482,-1.7492777109146118,0.40904635190963745,2.258345365524292,-0.10914873331785202,0.6506814956665039,0.11923086643218994,0.15058107674121857,6.207674121858076e-05,0.15949038294479406
1789260290.404207,0.6729815602302551,0.6307706832885742,-0.5592086315155029,-1.7489486932754517,0.41523975133895874,2.2569541931152344,-0.09209208190441132,0.6505251526832581,0.12037204205989838,0.15074315667152405,0.0002241566715240617,0.1412742076966625
1789260290.4377632,0.6815929412841797,0.632957398891449,-0.5670539140701294,-1.7485255002975464,0.4213927686214447,2.255591630935669,-0.07484308630228043,0.6503819823265076,0.12171611934900284,0.15097105503082275,0.00045205503082276777,0.11869406681127799
1789260290.471348,0.687868595123291,0.6343801617622375,-0.5721139311790466,-1.7479742765426636,0.4255259335041046,2.254542350769043,-0.0628194510936737,0.6502692699432373,0.12313687056303024,0.1512218415737152,0.0007028415737152238,0.09065408419654447
1789260290.504941,0.6933063268661499,0.6358869671821594,-0.5770126581192017,-1.7476164102554321,0.4292868375778198,2.253678560256958,-0.0518447570502758,0.6501874327659607,0.12402130663394928,0.1513424664735794,0.0008234664735794206,0.08622923312351063
1789260290.538556,0.6958195567131042,0.6364282965660095,-0.5816419124603271,-1.7487695217132568,0.4332638680934906,2.253253698348999,-0.04582277312874794,0.650102972984314,0.12296871840953827,0.1514112502336502,0.0008922502336502214,0.0625572578997782
1789260290.5721047,0.6971027851104736,0.6371129155158997,-0.5878435373306274,-1.7507312297821045,0.43765029311180115,2.2529609203338623,-0.04040341451764107,0.6501470804214478,0.12001382559537888,0.15139663219451904,0.0008776321945190568,0.07132624918176021
1789260290.6057594,0.6977635622024536,0.6374423503875732,-0.5971125364303589,-1.75490403175354,0.4446471929550171,2.252704620361328,-0.03402111679315567,0.6500263214111328,0.11463750153779984,0.15131938457489014,0.0008003845748901506,0.07661668268387072
1789260290.6394107,0.6983233690261841,0.6380738615989685,-0.6075888872146606,-1.7592706680297852,0.4522901773452759,2.252448081970215,-0.027286764234304428,0.6499664187431335,0.10846280306577682,0.15126515924930573,0.000746159249305739,0.08392937202498843
1789260290.6730964,0.6992190480232239,0.6386836171150208,-0.6196093559265137,-1.764374852180481,0.4611016511917114,2.2521321773529053,-0.019020013511180878,0.6497944593429565,0.10154969990253448,0.15127918124198914,0.0007601812419891496,0.08846932694105811
1789260290.706761,0.700332522392273,0.6393097639083862,-0.6309260725975037,-1.7690281867980957,0.4696740508079529,2.251863956451416,-0.011035805568099022,0.649616003036499,0.0952819287776947,0.15137454867362976,0.0008555486736297746,0.06852804325551864
1789260290.7403755,0.701056718826294,0.639336884021759,-0.6389015913009644,-1.7728458642959595,0.47542282938957214,2.251796007156372,-0.0059752194210886955,0.6493456363677979,0.09072896093130112,0.15149779617786407,0.0009787961778640886,0.059347025446578223
1789260290.7739995,0.7018962502479553,0.6394433379173279,-0.6454980969429016,-1.7760941982269287,0.4805063307285309,2.2517545223236084,-0.0011789497220888734,0.6490453481674194,0.08712875843048096,0.15153497457504272,0.0010159745750427385,0.05233915627441309
1789260290.8075986,0.7024866342544556,0.6411646008491516,-0.6497722268104553,-1.7758899927139282,0.48422783613204956,2.2505064010620117,0.003153751837089658,0.6492329835891724,0.085214763879776,0.15145964920520782,0.0009406492052078386,0.07132624918176021
1789260290.841247,0.7030482888221741,0.6435613036155701,-0.6532233953475952,-1.774914026260376,0.4877927303314209,2.2489511966705322,0.007353160530328751,0.6494379043579102,0.08386128395795822,0.15112288296222687,0.0006038829622268815,0.10279207254188717
1789260290.8749201,0.7039697170257568,0.6479167938232422,-0.6585854887962341,-1.7715882062911987,0.4935823380947113,2.245781660079956,0.014807977713644505,0.6501932144165039,0.08216531574726105,0.150910884141922,0.00039188414192201093,0.13562092827251515
1789260290.9084933,0.7045405507087708,0.6528486609458923,-0.6647926568984985,-1.768533706665039,0.4997190535068512,2.2424232959747314,0.02280658297240734,0.6508764624595642,0.07966341078281403,0.15046125650405884,-5.774349594114825e-05,0.19179700087998583
1789260290.9421282,0.7057768702507019,0.6596333980560303,-0.673945963382721,-1.763535499572754,0.5090371966362,2.23726749420166,0.03492243215441704,0.6520655751228333,0.0764584168791771,0.15027981996536255,-0.0002391800346374373,0.2323900466696225
1789260290.9757488,0.7071091532707214,0.6673597693443298,-0.6838241815567017,-1.7584365606307983,0.5190880298614502,2.2318758964538574,0.04778981953859329,0.6532144546508789,0.07291584461927414,0.14981499314308167,-0.0007040068569183211,0.28939100670166956
1789260291.0093482,0.7089975476264954,0.6769780516624451,-0.6963227391242981,-1.751716136932373,0.5320597290992737,2.2248167991638184,0.06453245133161545,0.6547307968139648,0.06873828172683716,0.14947395026683807,-0.0010450497331619124,0.34149665741854734
1789260291.042949,0.7108759880065918,0.6877007484436035,-0.7097463607788086,-1.744857907295227,0.5457869172096252,2.2172510623931885,0.0823523998260498,0.6561774015426636,0.06407653540372849,0.14885447919368744,-0.0016645208063125472,0.42057928148111495
1789260291.0765254,0.7127871513366699,0.69777512550354,-0.7232699394226074,-1.737606406211853,0.5595631003379822,2.2098500728607178,0.1000315323472023,0.6579068303108215,0.05961712449789047,0.1488739252090454,-0.001645074790954576,0.42428491427026155
1789260291.1101446,0.7147060036659241,0.7077746987342834,-0.7361308932304382,-1.730792760848999,0.5729112029075623,2.202688694000244,0.11713960766792297,0.6594393253326416,0.05548283830285072,0.14871712028980255,-0.0018018797101974349,0.44190511806946686
1789260291.1437657,0.716572642326355,0.7183331251144409,-0.7495158910751343,-1.7237712144851685,0.5866287350654602,2.195087432861328,0.13492706418037415,0.6609621047973633,0.051127899438142776,0.14852984249591827,-0.001989157504081712,0.4652018582439699
1789260291.1773975,0.7185487747192383,0.7288520932197571,-0.7633747458457947,-1.7165645360946655,0.6006462574005127,2.187500476837158,0.15311038494110107,0.662625789642334,0.04673290625214577,0.14865854382514954,-0.00186045617485045,0.44762441581863394
1789260291.2109847,0.7204723954200745,0.7388520836830139,-0.7762069702148438,-1.7095153331756592,0.6140821576118469,2.1803505420684814,0.17014601826667786,0.664260983467102,0.04292401671409607,0.1488616019487381,-0.001657398051261888,0.41354173305531616
1789260291.2446072,0.7224279046058655,0.7491623163223267,-0.7896737456321716,-1.7026422023773193,0.6276800036430359,2.1728107929229736,0.18791890144348145,0.6657923460006714,0.03881452605128288,0.1490665227174759,-0.001452477282524095,0.3896676766123833
1789260291.2781851,0.7242720127105713,0.7595247626304626,-0.8028813004493713,-1.6955405473709106,0.6412336826324463,2.165565013885498,0.20536787807941437,0.6674410700798035,0.034894317388534546,0.149375781416893,-0.0011432185831069808,0.33513458620547243
1789260291.3118575,0.7261818051338196,0.7698289752006531,-0.8160462379455566,-1.688682198524475,0.6550275683403015,2.1580967903137207,0.22303691506385803,0.6689746975898743,0.031124204397201538,0.1496850550174713,-0.0008339449825286727,0.28803553499889245
1789260291.345468,0.7276012301445007,0.7780119180679321,-0.8271245360374451,-1.6828806400299072,0.6659351587295532,2.152331590652466,0.2372186928987503,0.670430064201355,0.027843190357089043,0.15032504498958588,-0.00019395501041410967,0.201741189079591
1789260291.3791115,0.7290751338005066,0.7854671478271484,-0.8365796804428101,-1.6778677701950073,0.675822913646698,2.1468417644500732,0.2499561607837677,0.6715394258499146,0.02533782459795475,0.15064837038516998,0.00012937038516999677,0.15701751249847418
1789260291.412821,0.7298881411552429,0.7907729744911194,-0.8431456685066223,-1.6744801998138428,0.6825077533721924,2.1432015895843506,0.25894805788993835,0.6722928881645203,0.02341226302087307,0.15081442892551422,0.00029542892551423505,0.13270400689029618
1789260291.446539,0.7308734059333801,0.7950405478477478,-0.8487952351570129,-1.6711492538452148,0.6884575486183167,2.139960765838623,0.26699110865592957,0.6731167435646057,0.022139335051178932,0.15126961469650269,0.0007506146965026994,0.07661668268387072
1789260291.4801555,0.732918918132782,0.7995331883430481,-0.85524582862854,-1.6695544719696045,0.6951561570167542,2.1362452507019043,0.26951053738594055,0.6732807755470276,0.020806657150387764,0.15120622515678406,0.0006872251567840715,0.09065408419654447
1789260291.5137026,0.735333263874054,0.8053182363510132,-0.862533688545227,-1.6682988405227661,0.7028616666793823,2.13189959526062,0.2712761163711548,0.6731565594673157,0.01919635757803917,0.1505916714668274,7.267146682740644e-05,0.17132016174909548
1789260291.547332,0.7390053272247314,0.8137451410293579,-0.8729068636894226,-1.6667671203613281,0.714023232460022,2.1255717277526855,0.2741229236125946,0.6728574633598328,0.017047712579369545,0.14957736432552338,-0.0009416356744766097,0.3051874526224817
1789260291.580993,0.7425975203514099,0.8228068351745605,-0.8848655223846436,-1.6648262739181519,0.7264460921287537,2.1187689304351807,0.27719420194625854,0.6727790236473083,0.01422922033816576,0.1489349603652954,-0.001584039634704576,0.3931670212438742
1789260291.6145968,0.7474229335784912,0.8336366415023804,-0.8995174765586853,-1.662327527999878,0.7413855791091919,2.1105117797851562,0.28082913160324097,0.6727990508079529,0.011171182617545128,0.14845892786979675,-0.002060072130203233,0.46897214953654137
1789260291.6481843,0.7523489594459534,0.8449124097824097,-0.9140108227729797,-1.659722089767456,0.7567892670631409,2.1019701957702637,0.2845670282840729,0.6727973222732544,0.00841840822249651,0.14785301685333252,-0.0026659831466674666,0.5489397824833897
1789260291.6817741,0.7575355172157288,0.856150209903717,-0.9286308288574219,-1.6572133302688599,0.7724425196647644,2.0932681560516357,0.2883509695529938,0.672810435295105,0.005895175039768219,0.1473957896232605,-0.003123210376739488,0.6119778670027596
1789260291.7153428,0.7623050212860107,0.8671385645866394,-0.9428790807723999,-1.6547627449035645,0.7872864603996277,2.085028886795044,0.29205045104026794,0.6728957891464233,0.0032664770260453224,0.1470838338136673,-0.0034351661863326888,0.6540186322474775
1789260291.7489398,0.7673062086105347,0.8785454034805298,-0.9576638340950012,-1.6523802280426025,0.8029122948646545,2.0762388706207275,0.29587996006011963,0.6729450225830078,0.0006825641030445695,0.14681680500507355,-0.0037021949949264388,0.6929511351090664
1789260291.7824907,0.772104024887085,0.8900983333587646,-0.9730156660079956,-1.6498428583145142,0.8188297152519226,2.0674633979797363,0.2997727394104004,0.6731633543968201,-0.002168218605220318,0.14687339961528778,-0.0036456003847122054,0.6884182360982519
1789260291.8160596,0.7769300937652588,0.9010142087936401,-0.9872904419898987,-1.6474343538284302,0.8338621854782104,2.0590882301330566,0.30346688628196716,0.673387348651886,-0.004425886552780867,0.14696645736694336,-0.0035525426330566268,0.6766641018605309
1789260291.8496518,0.7820959091186523,0.9122039079666138,-1.0019463300704956,-1.644715428352356,0.8493919372558594,2.0505735874176025,0.30721867084503174,0.6737856268882751,-0.006413777358829975,0.14728102087974548,-0.0032379791202545027,0.6293179533596759
1789260291.8832953,0.7870852947235107,0.9235765933990479,-1.0164984464645386,-1.6423479318618774,0.8646960258483887,2.041980028152466,0.3110152781009674,0.6740484237670898,-0.00850109476596117,0.14747615158557892,-0.0030428484144210677,0.599704655702171
1789260291.9168844,0.7921445965766907,0.9349042177200317,-1.0312554836273193,-1.6398547887802124,0.8802000880241394,2.0333104133605957,0.3147859573364258,0.6744387149810791,-0.01045376155525446,0.14792899787425995,-0.0025900021257400374,0.5385033194598222
1789260291.9504771,0.7966307401657104,0.9460083842277527,-1.0458945035934448,-1.637499451637268,0.8954715728759766,2.024914264678955,0.31846582889556885,0.6748808026313782,-0.012684660032391548,0.14854353666305542,-0.0019754633369445662,0.45240735298844287
1789260291.9841275,0.8012529611587524,0.9565281867980957,-1.0596956014633179,-1.635257363319397,0.9099746942520142,2.0168304443359375,0.3219568133354187,0.675329864025116,-0.014382957480847836,0.14920087158679962,-0.0013181284132003646,0.3631561135403902
1789260292.0177274,0.805307924747467,0.9654784202575684,-1.0715845823287964,-1.6330218315124512,0.9224110245704651,2.0099904537200928,0.3250238001346588,0.6758965849876404,-0.015621507540345192,0.15000341832637787,-0.0005155816736221175,0.25410897847036323
1789260292.0513177,0.8087647557258606,0.9731736779212952,-1.081034779548645,-1.6314481496810913,0.932563841342926,2.004363536834717,0.32759520411491394,0.6762174963951111,-0.016472863033413887,0.15035344660282135,-0.00016555339717863604,0.19683190382077603
1789260292.084915,0.8113802075386047,0.9790175557136536,-1.088632583618164,-1.629981517791748,0.9405312538146973,1.999716877937317,0.32995423674583435,0.6765664219856262,-0.01713433302938938,0.15087434649467468,0.0003553464946746965,0.1341703946898555
1789260292.1184955,0.8138195276260376,0.9837678074836731,-1.0948995351791382,-1.6287178993225098,0.9471160769462585,1.9958668947219849,0.3325502574443817,0.6768954396247864,-0.01743258349597454,0.1513720154762268,0.0008530154762268205,0.07912937001338383
1789260292.1521165,0.8169080018997192,0.9895449280738831,-1.1006783246994019,-1.6270391941070557,0.9539103507995605,1.990997552871704,0.3392985761165619,0.6770439743995667,-0.016901349648833275,0.15124952793121338,0.0007305279312133928,0.09487278508118449
1789260292.18579,0.8209549784660339,0.9967212677001953,-1.1071958541870117,-1.6248053312301636,0.9617466926574707,1.985443353652954,0.3478024899959564,0.6772700548171997,-0.01583932898938656,0.15092602372169495,0.00040702372169496015,0.12354070345060089
1789260292.2193363,0.8259362578392029,1.0056482553482056,-1.1156755685806274,-1.6220184564590454,0.9717445969581604,1.9781532287597656,0.35851243138313293,0.6775586009025574,-0.014603952877223492,0.15068182349205017,0.00016282349205018476,0.15701751249847418
1789260292.252954,0.8320819139480591,1.0158344507217407,-1.1257145404815674,-1.6183106899261475,0.9833545088768005,1.9700344800949097,0.37089136242866516,0.6781867146492004,-0.012799850665032864,0.15076613426208496,0.0002471342620849748,0.14401765375946743
1789260292.2865775,0.8391836881637573,1.0283129215240479,-1.1372268199920654,-1.6145100593566895,0.9971165060997009,1.9600391387939453,0.38564470410346985,0.6785966753959656,-0.010714087635278702,0.15037772059440613,-0.0001412794055938582,0.1866263135942662
1789260292.3202562,0.846807062625885,1.0416958332061768,-1.1502459049224854,-1.6101078987121582,1.0122431516647339,1.9494916200637817,0.4014568030834198,0.6793160438537598,-0.008509953506290913,0.15042895078659058,-9.004921340940997e-05,0.17132016174909548
1789260292.3538108,0.8546770215034485,1.0563246011734009,-1.163940191268921,-1.6058132648468018,1.0282347202301025,1.9379923343658447,0.41861048340797424,0.6798662543296814,-0.006278112530708313,0.1501929759979248,-0.00032602400207518145,0.19179700087998583
1789260292.387402,0.8631054162979126,1.0709600448608398,-1.1781558990478516,-1.60094153881073,1.0448158979415894,1.9264246225357056,0.43604594469070435,0.6807439923286438,-0.003443729132413864,0.15041185915470123,-0.00010714084529875323,0.14670980696444608
1789260292.4210975,0.8703136444091797,1.0835752487182617,-1.18962562084198,-1.596875548362732,1.0586082935333252,1.9164632558822632,0.45077794790267944,0.6813464164733887,-0.0006886358605697751,0.15026786923408508,-0.00025113076591490313,0.1480375253231069
1789260292.454673,0.8765163421630859,1.0945793390274048,-1.2007395029067993,-1.5932683944702148,1.0711311101913452,1.9076167345046997,0.46413394808769226,0.6820587515830994,0.0014004525728523731,0.15069694817066193,0.00017794817066194013,0.09278741380920028
1789260292.488318,0.8819940090179443,1.1041630506515503,-1.209671139717102,-1.590262532234192,1.0818395614624023,1.8999462127685547,0.4753197729587555,0.6825445890426636,0.003582631703466177,0.1507256180047989,0.00020661800479890302,0.07132624918176021
1789260292.5219023,0.886526882648468,1.111875057220459,-1.2170530557632446,-1.587821364402771,1.0905334949493408,1.89369535446167,0.4844602346420288,0.6829662322998047,0.005424602422863245,0.15085820853710175,0.00033920853710175947,0.05233915627441309
1789260292.5554996,0.890068531036377,1.1179933547973633,-1.223144769668579,-1.5856618881225586,1.0974915027618408,1.8888996839523315,0.4920162856578827,0.6834385395050049,0.006862662732601166,0.15115350484848022,0.0006345048484802385,0.0
1789260292.5891144,0.8919903635978699,1.1222556829452515,-1.227054476737976,-1.584268569946289,1.1022353172302246,1.8853988647460938,0.4979405105113983,0.6836578845977783,0.007605354767292738,0.15116703510284424,0.0006480351028442521,0.0
1789260292.6227908,0.8947120308876038,1.125496745109558,-1.2302143573760986,-1.583169937133789,1.1059402227401733,1.8826409578323364,0.5008895993232727,0.6838430762290955,0.009006447158753872,0.1512698531150818,0.000750853115081801,0.0
1789260292.6563604,0.8996475338935852,1.1278750896453857,-1.2325319051742554,-1.5833102464675903,1.108321189880371,1.880884051322937,0.49866074323654175,0.6836801171302795,0.011616049334406853,0.15115457773208618,0.0006355777320861955,0.0
1789260292.6899915,0.9071157574653625,1.1300182342529297,-1.234972596168518,-1.5825674533843994,1.1112102270126343,1.8786425590515137,0.4940987825393677,0.6837326288223267,0.01640588603913784,0.15136119723320007,0.0008421972332000871,0.027976455118293345
1789260292.7236023,0.9187939167022705,1.134087085723877,-1.2385627031326294,-1.5819772481918335,1.1155058145523071,1.875420331954956,0.487643301486969,0.6835041046142578,0.023611491546034813,0.1511644572019577,0.0006454572019577165,0.019782341029446364
1789260292.7572017,0.9316078424453735,1.1385066509246826,-1.242782473564148,-1.5809611082077026,1.12040376663208,1.8718290328979492,0.4802438020706177,0.6833264231681824,0.031601060181856155,0.15118716657161713,0.0006681665716171403,0.027976455118293345
1789260292.7915158,0.9472643136978149,1.1439963579177856,-1.2477225065231323,-1.5803228616714478,1.1263033151626587,1.8673038482666016,0.4714735150337219,0.6827433109283447,0.04121394827961922,0.15093600749969482,0.0004170074996948381,0.03956468264845247
1789260292.8255332,0.9617423415184021,1.1494057178497314,-1.2526746988296509,-1.5796290636062622,1.1318843364715576,1.8630810976028442,0.46290916204452515,0.682145893573761,0.04998220503330231,0.15077614784240723,0.0002571478424072404,0.05595291190411357
1789260292.8591366,0.9762223958969116,1.1544063091278076,-1.2573233842849731,-1.578911542892456,1.137367606163025,1.8588244915008545,0.45469528436660767,0.681425154209137,0.05893342196941376,0.15065830945968628,0.00013930945968629316,0.07912937001338383
1789260292.8928006,0.9908478856086731,1.1596711874008179,-1.262593388557434,-1.5783501863479614,1.1432244777679443,1.8545202016830444,0.445909708738327,0.6806381940841675,0.06772474944591522,0.1507020890712738,0.00018308907127381757,0.07132624918176021
1789260292.9264054,1.005758285522461,1.1647155284881592,-1.2677298784255981,-1.5773228406906128,1.148876667022705,1.8503496646881104,0.4374062120914459,0.6798473596572876,0.07694892585277557,0.15089718997478485,0.00037818997478486494,0.048456642643301504
1789260292.9600694,1.0199692249298096,1.1697431802749634,-1.2725272178649902,-1.5766277313232422,1.1543294191360474,1.8461945056915283,0.4292256534099579,0.6788418292999268,0.0856611579656601,0.15087465941905975,0.0003556594190597673,0.0625572578997782
1789260292.9937418,1.0348215103149414,1.175095558166504,-1.2773040533065796,-1.575799822807312,1.1601353883743286,1.8418413400650024,0.4206407070159912,0.6776531934738159,0.09490031749010086,0.15072250366210938,0.00020350366210938886,0.07401874722002606
1789260293.0273123,1.0501576662063599,1.180590033531189,-1.2821085453033447,-1.575123906135559,1.1658920049667358,1.8373620510101318,0.41190385818481445,0.6762202978134155,0.10437539219856262,0.1504906713962555,-2.8328603744492975e-05,0.09487278508118449
1789260293.0609627,1.0641825199127197,1.1855422258377075,-1.2869857549667358,-1.5743669271469116,1.1713465452194214,1.8332878351211548,0.4036140441894531,0.6749441027641296,0.11297662556171417,0.15058787167072296,6.887167072297529e-05,0.08846932694105811
1789260293.0945356,1.07915198802948,1.1905566453933716,-1.2921167612075806,-1.5734987258911133,1.1770070791244507,1.8290143013000488,0.3952084481716156,0.6734888553619385,0.12222260981798172,0.15079818665981293,0.0002791866598129411,0.06852804325551864
1789260293.1281347,1.0935724973678589,1.1957118511199951,-1.2971786260604858,-1.5727076530456543,1.1827119588851929,1.824825406074524,0.3866868317127228,0.6719580292701721,0.13106964528560638,0.15091560781002045,0.00039660781002046064,0.05595291190411357
1789260293.16179,1.1085643768310547,1.2009878158569336,-1.3019007444381714,-1.5719021558761597,1.1883682012557983,1.8203730583190918,0.3782060146331787,0.670101523399353,0.1404077708721161,0.15080039203166962,0.00028139203166963056,0.06852804325551864
1789260293.1953769,1.1232446432113647,1.2064341306686401,-1.3066860437393188,-1.5712904930114746,1.1940252780914307,1.8160908222198486,0.3696309030056,0.6681581139564514,0.14938455820083618,0.15063102543354034,0.0001120254335403581,0.08392937202498843
1789260293.228993,1.1375757455825806,1.211365818977356,-1.3114138841629028,-1.570411205291748,1.199634075164795,1.8119994401931763,0.3613739013671875,0.666263997554779,0.1583215594291687,0.15072640776634216,0.00020740776634217695,0.06561060592844098
1789260293.262619,1.1527329683303833,1.2165695428848267,-1.3167119026184082,-1.5696429014205933,1.2053807973861694,1.807660698890686,0.3526557683944702,0.6641526818275452,0.16757692396640778,0.15095970034599304,0.00044070034599305585,0.03956468264845247
1789260293.2962189,1.166872501373291,1.221518874168396,-1.3216428756713867,-1.568755865097046,1.2108601331710815,1.8035715818405151,0.3444247841835022,0.6620856523513794,0.1762944757938385,0.1511671096086502,0.0006481096086502214,0.0
1789260293.3298051,1.1768778562545776,1.2250040769577026,-1.3245269060134888,-1.5682977437973022,1.21484375,1.8004658222198486,0.3384782075881958,0.6603561043739319,0.1825932115316391,0.15096889436244965,0.00044989436244965986,0.05233915627441309
1789260293.3634136,1.180298924446106,1.2261980772018433,-1.325618028640747,-1.5673483610153198,1.2163947820663452,1.7993777990341187,0.3360973298549652,0.6599115133285522,0.1851106882095337,0.15109403431415558,0.0005750343141555925,0.05595291190411357
1789260293.405268,1.1806321144104004,1.2264074087142944,-1.3256950378417969,-1.5674189329147339,1.216437578201294,1.7992841005325317,0.33599692583084106,0.6598240733146667,0.18525439500808716,0.15102387964725494,0.0005048796472549577,0.05233915627441309
1789260293.4451911,1.1802072525024414,1.2263563871383667,-1.3257991075515747,-1.5675889253616333,1.2164115905761719,1.7992959022521973,0.33600929379463196,0.6599018573760986,0.18486979603767395,0.15106886625289917,0.0005498662528991838,0.05233915627441309
1789260293.4903948,1.1801482439041138,1.2263803482055664,-1.3257461786270142,-1.5675748586654663,1.2164101600646973,1.799301028251648,0.3360240161418915,0.6599026918411255,0.1848479062318802,0.15103484690189362,0.0005158469018936296,0.05595291190411357
1789260293.5303118,1.1802717447280884,1.2263702154159546,-1.3257296085357666,-1.567493200302124,1.2164112329483032,1.7992987632751465,0.3360264003276825,0.6598901748657227,0.18497344851493835,0.15104511380195618,0.0005261138019561906,0.048456642643301504
1789260293.5752983,1.1801639795303345,1.226336121559143,-1.3257735967636108,-1.5675235986709595,1.2164080142974854,1.7993054389953613,0.3360235393047333,0.6599182486534119,0.1848805695772171,0.15107698738574982,0.0005579873857498308,0.044234660174789026
1789260293.6202512,1.1801753044128418,1.2263922691345215,-1.3257204294204712,-1.5675549507141113,1.2164119482040405,1.7993006706237793,0.3360208570957184,0.659894585609436,0.18488062918186188,0.15102022886276245,0.000501228862762465,0.048456642643301504
1789260293.6652172,1.1801838874816895,1.22633957862854,-1.3257834911346436,-1.5675435066223145,1.2164102792739868,1.7993013858795166,0.33601969480514526,0.6599124670028687,0.18488185107707977,0.15107667446136475,0.00055767446136476,0.05595291190411357
1789260293.7092752,1.1802383661270142,1.2263609170913696,-1.3257251977920532,-1.5675288438796997,1.2164100408554077,1.7993006706237793,0.33602556586265564,0.659890353679657,0.18493770062923431,0.15104058384895325,0.0005215838489532609,0.05233915627441309
1789260293.7428813,1.1801691055297852,1.2263771295547485,-1.3257391452789307,-1.5675585269927979,1.2164100408554077,1.7992990016937256,0.33602795004844666,0.659899890422821,0.18487180769443512,0.1510353535413742,0.0005163535413742204,0.048456642643301504
1789260293.7764826,1.1801725625991821,1.2263658046722412,-1.32574462890625,-1.5675671100616455,1.2163888216018677,1.7992990016937256,0.3360307812690735,0.659898579120636,0.1848667562007904,0.15104138851165771,0.0005223885116577287,0.05233915627441309
1789260293.8102,1.1801676750183105,1.226408839225769,-1.325708270072937,-1.567594051361084,1.216378927230835,1.7993015050888062,0.3360409438610077,0.659883975982666,0.18485258519649506,0.15100014209747314,0.0004811420974731584,0.05595291190411357
1789260293.8438232,1.1801785230636597,1.2264463901519775,-1.32566499710083,-1.5676133632659912,1.2163783311843872,1.7993050813674927,0.33604803681373596,0.6598672270774841,0.18485674262046814,0.15095914900302887,0.0004401490030288835,0.05233915627441309
1789260293.8774817,1.1801913976669312,1.2264537811279297,-1.325653076171875,-1.5675995349884033,1.2163728475570679,1.7992994785308838,0.33604609966278076,0.6598626375198364,0.18487311899662018,0.15095195174217224,0.00043295174217225507,0.05595291190411357
1789260293.9110856,1.1801639795303345,1.2264578342437744,-1.3256587982177734,-1.5676090717315674,1.216374397277832,1.799299955368042,0.33604729175567627,0.6598672866821289,0.18484854698181152,0.15095148980617523,0.0004324898061752458,0.05595291190411357
1789260293.9446704,1.1801694631576538,1.226461410522461,-1.3256499767303467,-1.5676034688949585,1.2163702249526978,1.7993000745773315,0.3360505998134613,0.6598647832870483,0.18485596776008606,0.15094652771949768,0.0004275277194976945,0.05595291190411357
1789260293.9782624,1.1801655292510986,1.226457118988037,-1.3256584405899048,-1.567623257637024,1.216374397277832,1.7993054389953613,0.33604946732521057,0.65986567735672,0.18484297394752502,0.15094953775405884,0.00043053775405885175,0.05233915627441309
1789260294.0118473,1.1801905632019043,1.2264608144760132,-1.3256489038467407,-1.5676051378250122,1.2163714170455933,1.7993007898330688,0.33604153990745544,0.6598605513572693,0.184869647026062,0.1509459912776947,0.000426991277694716,0.05595291190411357
1789260294.0454447,1.1801694631576538,1.2264635562896729,-1.3256489038467407,-1.5676084756851196,1.2163738012313843,1.7993042469024658,0.3360497057437897,0.6598645448684692,0.18485398590564728,0.1509445607662201,0.00042556076622010663,0.059347025446578223
1789260294.0790515,1.1798590421676636,1.225152611732483,-1.3239467144012451,-1.5674406290054321,1.2142993211746216,1.8006789684295654,0.3349110186100006,0.6598265171051025,0.1849849820137024,0.15078450739383698,0.00026550739383698896,0.05595291190411357
1789260294.1126173,1.1795626878738403,1.2228518724441528,-1.3209329843521118,-1.5672428607940674,1.2110875844955444,1.8026760816574097,0.33306020498275757,0.6596320271492004,0.1854492425918579,0.15043967962265015,-7.932037734983965e-05,0.09278741380920028
1789260294.146279,1.1791541576385498,1.2198224067687988,-1.31735360622406,-1.5668768882751465,1.207527756690979,1.80476975440979,0.33121880888938904,0.6594122052192688,0.18614359200000763,0.15016087889671326,-0.0003581211032867293,0.1412742076966625
1789260294.179849,1.1776304244995117,1.2130428552627563,-1.3093820810317993,-1.5662508010864258,1.1988486051559448,1.8105190992355347,0.3260767161846161,0.6591871976852417,0.18703819811344147,0.14963802695274353,-0.0008809730472564559,0.2027087792782551
1789260294.2134173,1.176034688949585,1.205434799194336,-1.300735354423523,-1.565582513809204,1.1892039775848389,1.8165245056152344,0.3207661509513855,0.6588940024375916,0.18811054527759552,0.14919410645961761,-0.0013248935403823714,0.27624562495594135
1789260294.247043,1.1743685007095337,1.197288990020752,-1.2910420894622803,-1.5648599863052368,1.178981900215149,1.8227765560150146,0.31534910202026367,0.6584490537643433,0.1895121932029724,0.14853224158287048,-0.0019867584171295027,0.37482252414888007
1789260294.280635,1.1717203855514526,1.1856502294540405,-1.2772542238235474,-1.5639402866363525,1.1640105247497559,1.8321471214294434,0.30690836906433105,0.6579365730285645,0.19129374623298645,0.14771834015846252,-0.0028006598415374617,0.491384660766797
1789260294.314294,1.1693146228790283,1.174065113067627,-1.2637416124343872,-1.5628666877746582,1.1492445468902588,1.8415087461471558,0.29880762100219727,0.6574840545654297,0.19337627291679382,0.1471475213766098,-0.003371478623390184,0.5750529815975465
1789260294.3478835,1.1666374206542969,1.1616826057434082,-1.2491445541381836,-1.5617434978485107,1.1335070133209229,1.8512794971466064,0.2901124358177185,0.6569480895996094,0.19573362171649933,0.14655090868473053,-0.003968091315269456,0.6655847114983521
1789260294.3815107,1.163995385169983,1.1491007804870605,-1.2345247268676758,-1.5605688095092773,1.1177886724472046,1.8612585067749023,0.2812911570072174,0.6564810872077942,0.198316290974617,0.14618228375911713,-0.00433671624088286,0.7206360869745878
1789260294.4151223,1.161372184753418,1.1371382474899292,-1.220264196395874,-1.559504508972168,1.1025124788284302,1.8707988262176514,0.2728162407875061,0.6559734344482422,0.20087362825870514,0.14577196538448334,-0.004747034615516649,0.7790887388655421
1789260294.4487288,1.1585897207260132,1.124402403831482,-1.2057133913040161,-1.5583953857421875,1.086534023284912,1.8809138536453247,0.2639404833316803,0.6555973291397095,0.20356863737106323,0.1457536369562149,-0.004765363043785081,0.7920414340890132
1789260294.4823124,1.1557252407073975,1.1117545366287231,-1.190693736076355,-1.5572770833969116,1.070329189300537,1.891113519668579,0.25490137934684753,0.6551443338394165,0.20646452903747559,0.14562079310417175,-0.004898206895828233,0.80939221010201
1789260294.5159006,1.1531295776367188,1.0994893312454224,-1.1765350103378296,-1.5561354160308838,1.0549571514129639,1.9007234573364258,0.24632751941680908,0.654748260974884,0.209477037191391,0.14580151438713074,-0.004717485612869249,0.7952466467522775
1789260294.5494585,1.150550127029419,1.0872021913528442,-1.1618719100952148,-1.554890513420105,1.0392683744430542,1.9106602668762207,0.23764292895793915,0.6543154716491699,0.21279634535312653,0.14594969153404236,-0.004569308465957628,0.7694854461804291
1789260294.5830488,1.1478731632232666,1.0746023654937744,-1.1473064422607422,-1.5537681579589844,1.0234572887420654,1.9205965995788574,0.22882391512393951,0.6539387702941895,0.21612757444381714,0.14639633893966675,-0.004122661060333238,0.7157318262836734
1789260294.6168385,1.1451762914657593,1.0622789859771729,-1.1326740980148315,-1.5525734424591064,1.007530689239502,1.9307000637054443,0.2200239598751068,0.6535879373550415,0.21956011652946472,0.14686109125614166,-0.0036579087438583235,0.6474030305461268
1789260294.6504078,1.1424353122711182,1.0497548580169678,-1.1182069778442383,-1.5516384840011597,0.9918355345726013,1.940305471420288,0.21136118471622467,0.653172492980957,0.22300592064857483,0.14752544462680817,-0.0029935553731918196,0.5743720366573491
1789260294.684034,1.1402543783187866,1.0392283201217651,-1.1059105396270752,-1.550539255142212,0.978460431098938,1.9487674236297607,0.20403246581554413,0.652907133102417,0.22622236609458923,0.14825737476348877,-0.0022616252365112166,0.474365226033695
1789260294.7176096,1.1378123760223389,1.028098464012146,-1.0927817821502686,-1.5496615171432495,0.9645057916641235,1.957472324371338,0.19627021253108978,0.6525329947471619,0.2295972853899002,0.1489945352077484,-0.001524464792251573,0.38052162477887846
1789260294.7512224,1.1360723972320557,1.019335389137268,-1.0825148820877075,-1.5486589670181274,0.9531345963478088,1.9646470546722412,0.19003087282180786,0.6523391008377075,0.2324742078781128,0.14980734884738922,-0.000711651152610765,0.26979540926805484
1789260294.7849512,1.1357656717300415,1.0155810117721558,-1.078520655632019,-1.5483243465423584,0.9497382640838623,1.9647529125213623,0.1899845451116562,0.6516566276550293,0.23412644863128662,0.15006335079669952,-0.0004556492033004622,0.3636945235202828
1789260294.9062047,1.1356914043426514,1.0150812864303589,-1.078094720840454,-1.548234224319458,0.949662983417511,1.9636636972427368,0.1909092217683792,0.6513881683349609,0.2343931645154953,0.15006040036678314,-0.00045859963321684405,0.43611082356329306
1789260294.94848,1.135633945465088,1.0151755809783936,-1.078034520149231,-1.5482892990112305,0.9496645927429199,1.9636569023132324,0.19090163707733154,0.6513663530349731,0.23434200882911682,0.1499727964401245,-0.0005462035598754744,0.44190511806946686
1789260294.9994724,1.135619878768921,1.015103816986084,-1.0780824422836304,-1.548278570175171,0.9496631026268005,1.963659405708313,0.19090306758880615,0.6513904333114624,0.23432934284210205,0.15003110468387604,-0.00048789531612394854,0.4383484623948224
1789260295.0393517,1.1356760263442993,1.0151174068450928,-1.0780659914016724,-1.5482438802719116,0.9496614933013916,1.9636626243591309,0.1909017115831375,0.6513792276382446,0.23438464105129242,0.15002790093421936,-0.0004910990657806258,0.43790184934227433
1789260295.0809245,1.1356055736541748,1.0152095556259155,-1.0780665874481201,-1.5483139753341675,0.9496616125106812,1.9636619091033936,0.19090330600738525,0.6513750553131104,0.23429375886917114,0.14996300637722015,-0.0005559936227798323,0.44190511806946686
1789260295.114537,1.1356120109558105,1.0152586698532104,-1.0780729055404663,-1.548398733139038,0.9496718645095825,1.9636597633361816,0.1909009963274002,0.6513547301292419,0.23425324261188507,0.14991706609725952,-0.0006019339027404647,0.4441135642335683
1789260295.1482377,1.1356710195541382,1.0153247117996216,-1.0780260562896729,-1.5483893156051636,0.949673593044281,1.9636595249176025,0.19090206921100616,0.6513252258300781,0.23430410027503967,0.14986802637577057,-0.0006509736242294173,0.44718706672618347
1789260295.1818388,1.1356667280197144,1.0153552293777466,-1.0780266523361206,-1.5483834743499756,0.9496757388114929,1.9636588096618652,0.19090327620506287,0.651324987411499,0.23429882526397705,0.14985506236553192,-0.0006639376344680648,0.4484978345989087
1789260295.2154164,1.135648488998413,1.0153520107269287,-1.0780432224273682,-1.5483882427215576,0.9496760368347168,1.9636605978012085,0.1909031867980957,0.6513333916664124,0.23427867889404297,0.14986231923103333,-0.0006566807689666609,0.44718706672618347
1789260295.249052,1.1356452703475952,1.0153554677963257,-1.0780434608459473,-1.5483940839767456,0.9496803283691406,1.9636588096618652,0.19090521335601807,0.6513325572013855,0.23427417874336243,0.14985892176628113,-0.0006600782337188582,0.4480613380270093
1789260295.2826216,1.1356655359268188,1.0153671503067017,-1.0780352354049683,-1.5483875274658203,0.9496768116950989,1.9636586904525757,0.19090352952480316,0.6513258814811707,0.23429101705551147,0.14985160529613495,-0.0006673947038650374,0.44718706672618347
1789260295.316318,1.1356635093688965,1.015362024307251,-1.0780330896377563,-1.54838228225708,0.9496777057647705,1.9636577367782593,0.19090040028095245,0.6513270139694214,0.23429378867149353,0.14985467493534088,-0.0006643250646591048,0.44762441581863394
1789260295.349984,1.1356446743011475,1.0153658390045166,-1.0780410766601562,-1.548386573791504,0.9496760368347168,1.9636564254760742,0.19090957939624786,0.6513320803642273,0.23427562415599823,0.14985482394695282,-0.0006641760530471663,0.4480613380270093
1789260295.3835957,1.1353942155838013,1.0151549577713013,-1.0785002708435059,-1.5483568906784058,0.9497349858283997,1.9643216133117676,0.19116616249084473,0.6516745090484619,0.233961820602417,0.15021555125713348,-0.00030344874286650225,0.3841043013843332
1789260295.417203,1.1330997943878174,1.0149012804031372,-1.080579161643982,-1.5483500957489014,0.9496535658836365,1.9670884609222412,0.1925196349620819,0.6533518433570862,0.23156234622001648,0.15145237743854523,0.0009333774385452409,0.12194656246489412
1789260295.4508586,1.1275664567947388,1.013069748878479,-1.0817986726760864,-1.551283597946167,0.949674665927887,1.9684516191482544,0.1968350112438202,0.6547840237617493,0.22647123038768768,0.15212512016296387,0.001606120162963881,0.06852804325551864
1789260295.4844682,1.118205189704895,1.012151837348938,-1.0830143690109253,-1.5570765733718872,0.9500473141670227,1.9704114198684692,0.20335400104522705,0.6564916372299194,0.21755293011665344,0.151576966047287,0.0010579660472870012,0.06852804325551864
1789260295.5181332,1.1057851314544678,1.0102789402008057,-1.0846797227859497,-1.5650677680969238,0.9507477879524231,1.9729297161102295,0.21188423037528992,0.6585531234741211,0.20569759607315063,0.151092529296875,0.0005735292968750139,0.08622923312351063
1789260295.551731,1.0906882286071777,1.007817268371582,-1.0867732763290405,-1.5739929676055908,0.9516356587409973,1.9758214950561523,0.22209219634532928,0.6609336733818054,0.19160474836826324,0.15083028376102448,0.00031128376102448896,0.08622923312351063
1789260295.5853732,1.0765639543533325,1.005445122718811,-1.0888655185699463,-1.582553505897522,0.952434778213501,1.9785841703414917,0.2319631278514862,0.6628755927085876,0.17826323211193085,0.15061375498771667,9.475498771668867e-05,0.08622923312351063
1789260295.6190414,1.067994475364685,1.0042222738265991,-1.0904629230499268,-1.5882450342178345,0.9529387950897217,1.9806894063949585,0.2384108453989029,0.6639416217803955,0.16976837813854218,0.1504117101430893,-0.0001072898569106917,0.09891171693842998
1789260295.6526845,1.0644954442977905,1.003232479095459,-1.0905039310455322,-1.5908623933792114,0.9533560872077942,1.9816590547561646,0.2421206533908844,0.6642104387283325,0.1665501445531845,0.15022613108158112,-0.0002928689184188704,0.08392937202498843
1789260295.767328,1.0635344982147217,1.003032922744751,-1.090547800064087,-1.5915331840515137,0.9533964991569519,1.981898307800293,0.24278876185417175,0.6642853617668152,0.16565008461475372,0.1501663774251938,-0.0003526225748061995,0.09065408419654447
1789260295.8072526,1.063717246055603,1.0030168294906616,-1.0905600786209106,-1.591409683227539,0.9534012675285339,1.9818999767303467,0.24277707934379578,0.6642897725105286,0.16581881046295166,0.15021465718746185,-0.0003043428125381331,0.07912937001338383
1789260295.8462465,1.063414454460144,1.0030258893966675,-1.0906434059143066,-1.5914669036865234,0.9533970355987549,1.9818981885910034,0.2427794337272644,0.6643433570861816,0.16555674374103546,0.15022897720336914,-0.0002900227966308455,0.07912937001338383
1789260295.885203,1.0635353326797485,1.0030100345611572,-1.0905799865722656,-1.591404676437378,0.9533977508544922,1.9818981885910034,0.24277356266975403,0.6643257141113281,0.16569198668003082,0.15022751688957214,-0.0002914831104278426,0.07912937001338383
1789260295.9303148,1.0635348558425903,1.003012776374817,-1.090576410293579,-1.5914137363433838,0.953400194644928,1.9819002151489258,0.24277354776859283,0.6643229722976685,0.1656893938779831,0.15022233128547668,-0.00029666871452330157,0.08392937202498843
1789260295.9643724,1.0634783506393433,1.0031096935272217,-1.0905914306640625,-1.5914579629898071,0.9533967971801758,1.9818929433822632,0.2427407056093216,0.664314866065979,0.16561207175254822,0.1501699686050415,-0.00034903139495848223,0.08622923312351063
1789260295.9979966,1.0634253025054932,1.0031851530075073,-1.0905934572219849,-1.591482400894165,0.9533917307853699,1.98188316822052,0.24273265898227692,0.6643092036247253,0.16555385291576385,0.15012767910957336,-0.0003913208904266219,0.09065408419654447
1789260296.0315557,1.0635401010513306,1.0032026767730713,-1.0905331373214722,-1.5914227962493896,0.9533926248550415,1.981876254081726,0.24272681772708893,0.6642882823944092,0.1656777262687683,0.15011054277420044,-0.0004084572257995467,0.09065408419654447
1789260296.0650804,1.0635653734207153,1.003199577331543,-1.0905245542526245,-1.591417670249939,0.9533928632736206,1.9818692207336426,0.24272319674491882,0.6642822027206421,0.16570119559764862,0.15010923147201538,-0.0004097685279846053,0.09065408419654447
1789260296.098833,1.0635437965393066,1.0032193660736084,-1.090525507926941,-1.5914348363876343,0.9533920884132385,1.9818737506866455,0.24272161722183228,0.6642810106277466,0.1656760424375534,0.1500958800315857,-0.0004231199684142928,0.09487278508118449
1789260296.1324348,1.0635148286819458,1.0032209157943726,-1.0905346870422363,-1.5914584398269653,0.9533913135528564,1.981871485710144,0.2427213042974472,0.66428142786026,0.1656431406736374,0.15009205043315887,-0.00042694956684111163,0.09487278508118449
1789260296.1660306,1.0635123252868652,1.0032141208648682,-1.0905399322509766,-1.5914428234100342,0.9533920884132385,1.9818737506866455,0.24272559583187103,0.6642879247665405,0.16564655303955078,0.15010210871696472,-0.00041689128303526446,0.09278741380920028
1789260296.1997,1.0635586977005005,1.0032120943069458,-1.0905197858810425,-1.5914239883422852,0.9533921480178833,1.9818707704544067,0.24271774291992188,0.6642799377441406,0.16569411754608154,0.1500997096300125,-0.00041929036998747393,0.09278741380920028
1789260296.2332757,1.063528299331665,1.0032256841659546,-1.090523362159729,-1.5914424657821655,0.953391969203949,1.9818675518035889,0.24271506071090698,0.6642793416976929,0.16566291451454163,0.150089293718338,-0.00042970628166197344,0.09487278508118449
1789260296.2668808,1.0629481077194214,1.0029946565628052,-1.089857578277588,-1.5910608768463135,0.9528319239616394,1.9818692207336426,0.24109183251857758,0.6643179655075073,0.16566912829875946,0.15002641081809998,-0.0004925891819000106,0.10467832346762979
1789260296.3004549,1.061505913734436,1.002272367477417,-1.0873748064041138,-1.5895403623580933,0.9506960511207581,1.9823909997940063,0.23495060205459595,0.6644572615623474,0.16615477204322815,0.14980269968509674,-0.0007163003149032454,0.1341703946898555
1789260296.334097,1.0595709085464478,1.001017451286316,-1.083161473274231,-1.5867146253585815,0.947015643119812,1.9834142923355103,0.22480744123458862,0.6646979451179504,0.16740994155406952,0.14952875673770905,-0.0009902432622909407,0.16432452156180907
1789260296.3676977,1.0566482543945312,0.9987587928771973,-1.0768338441848755,-1.582101821899414,0.9412698745727539,1.985095739364624,0.20935848355293274,0.6652087569236755,0.16945837438106537,0.14943745732307434,-0.0010815426769256453,0.17804114001225932
1789260296.401294,1.0531206130981445,0.9962875247001648,-1.0695276260375977,-1.576988697052002,0.9347257018089294,1.986859917640686,0.19167755544185638,0.6657319664955139,0.1716495156288147,0.1492273062467575,-0.0012916937532424788,0.20463023449693923
1789260296.4349794,1.0496488809585571,0.9940539598464966,-1.0623310804367065,-1.5723004341125488,0.9284199476242065,1.9885432720184326,0.17453144490718842,0.6661431193351746,0.17367523908615112,0.14885491132736206,-0.0016640886726379256,0.2486603648760226
1789260296.4685109,1.0470188856124878,0.9922196269035339,-1.0568082332611084,-1.5683561563491821,0.9233028888702393,1.9900010824203491,0.1606360822916031,0.6665742993354797,0.17536740005016327,0.14876894652843475,-0.0017500534715652327,0.26019629427255464
1789260296.5693052,1.0464195013046265,0.9917240142822266,-1.0552902221679688,-1.567145824432373,0.9216656684875488,1.9904568195343018,0.15634140372276306,0.666704535484314,0.17592701315879822,0.14878755807876587,-0.001731441921234117,0.26466991865372924
1789260296.6102092,1.0464857816696167,0.9916857481002808,-1.0552631616592407,-1.5671523809432983,0.9216738939285278,1.990455985069275,0.1563541740179062,0.6666886806488037,0.17598800361156464,0.1487930566072464,-0.0017259433927535872,0.26318715972998474
1789260296.6501887,1.0465095043182373,0.9916677474975586,-1.0552761554718018,-1.5670984983444214,0.9216744303703308,1.9904510974884033,0.15635985136032104,0.666701078414917,0.17602255940437317,0.14882270991802216,-0.0016962900819778304,0.2609472243862704
1789260296.6952202,1.0464403629302979,0.9917302131652832,-1.055279016494751,-1.5671348571777344,0.9216736555099487,1.99044930934906,0.15636272728443146,0.6666990518569946,0.1759507954120636,0.14878255128860474,-0.0017364487113952498,0.26466991865372924
1789260296.7293007,1.0464683771133423,0.9917140007019043,-1.0552958250045776,-1.5671361684799194,0.9216799139976501,1.9904474020004272,0.15637728571891785,0.6666989922523499,0.17596518993377686,0.14879675209522247,-0.001722247904777513,0.26318715972998474
1789260296.7628777,1.04654061794281,0.9917834401130676,-1.0552563667297363,-1.5671453475952148,0.9216940999031067,1.990432620048523,0.15638461709022522,0.6666660904884338,0.17601889371871948,0.14874282479286194,-0.0017761752071380477,0.2676107911134112
1789260296.7964425,1.0464779138565063,0.991925060749054,-1.0552582740783691,-1.5671963691711426,0.9216909408569336,1.9904228448867798,0.15638545155525208,0.666650116443634,0.1759333610534668,0.14865876734256744,-0.0018602326574325423,0.2776586580329258
1789260296.8300314,1.0464569330215454,0.9919706583023071,-1.0552653074264526,-1.5672647953033447,0.9216970801353455,1.9904218912124634,0.15639251470565796,0.6666348576545715,0.17588287591934204,0.14861908555030823,-0.0018999144496917586,0.2811601735667408
1789260296.8636253,1.0464740991592407,0.9919527769088745,-1.055271029472351,-1.567248821258545,0.9216967821121216,1.9904178380966187,0.1563960164785385,0.6666377782821655,0.1759011298418045,0.14863450825214386,-0.0018844917478561263,0.28046336769824726
1789260296.8972378,1.046509861946106,0.9919471740722656,-1.0552605390548706,-1.5672184228897095,0.9216923117637634,1.9904181957244873,0.1563960611820221,0.6666367650032043,0.17594179511070251,0.14864195883274078,-0.0018770411672592024,0.27976482632557653
1789260296.9308116,1.0464863777160645,0.9919638633728027,-1.0552630424499512,-1.567233681678772,0.9216952323913574,1.9904171228408813,0.15638701617717743,0.6666362285614014,0.17591682076454163,0.1486302763223648,-0.001888723677635179,0.2811601735667408
1789260296.9643776,1.046448826789856,0.9919647574424744,-1.0552822351455688,-1.567255973815918,0.9216960072517395,1.9904162883758545,0.15639330446720123,0.6666416525840759,0.17587444186210632,0.1486310213804245,-0.0018879786195754866,0.2818552568026587
1789260296.9979887,1.0464808940887451,0.9919629096984863,-1.0552722215652466,-1.5672369003295898,0.9216969013214111,1.9904170036315918,0.1563880443572998,0.6666386127471924,0.17590825259685516,0.14863353967666626,-0.0018854603233337264,0.2811601735667408
1789260297.0315704,1.0465481281280518,0.9918901324272156,-1.0552209615707397,-1.5668598413467407,0.9218958020210266,1.9905834197998047,0.15613391995429993,0.6667529344558716,0.17615965008735657,0.14877429604530334,-0.0017447039546966414,0.24944602483378192
1789260297.0652006,1.0463364124298096,0.991773247718811,-1.054665207862854,-1.565574049949646,0.9225910305976868,1.9923808574676514,0.1527416855096817,0.667373538017273,0.17681729793548584,0.1491430103778839,-0.001375989622116075,0.11014342980975618
1789260297.0987751,1.0463180541992188,0.991612434387207,-1.0535365343093872,-1.5636498928070068,0.9220303297042847,1.9924287796020508,0.1444220393896103,0.6675808429718018,0.17800642549991608,0.14933697879314423,-0.00118202120685576,0.07132624918176021
1789260297.1323915,1.0460214614868164,0.9917467832565308,-1.0513156652450562,-1.5608012676239014,0.9204950332641602,1.9924179315567017,0.13103227317333221,0.6677308082580566,0.17966791987419128,0.1492127627134323,-0.0013062372865676741,0.07661668268387072
1789260297.166075,1.0458312034606934,0.9917401671409607,-1.0488320589065552,-1.557428002357483,0.9185602068901062,1.9923675060272217,0.11524155735969543,0.6679120063781738,0.1816893368959427,0.14920705556869507,-0.0013119444313049178,0.07661668268387072
1789260297.1996377,1.0456111431121826,0.9917721152305603,-1.046087384223938,-1.553343653678894,0.9164336919784546,1.992295742034912,0.09781793504953384,0.668184220790863,0.18405590951442719,0.14929185807704926,-0.0012271419229507308,0.0625572578997782
1789260297.2331693,1.0453238487243652,0.9917894601821899,-1.043328046798706,-1.5495222806930542,0.9143254160881042,1.9921517372131348,0.0804443210363388,0.6683834791183472,0.18628862500190735,0.14929813146591187,-0.001220868534088121,0.0625572578997782
1789260297.2667778,1.0448944568634033,0.9919361472129822,-1.0405645370483398,-1.545810580253601,0.9121710062026978,1.9919795989990234,0.0629732757806778,0.6685572862625122,0.18835890293121338,0.14920808374881744,-0.0013109162511825423,0.07912937001338383
1789260297.3003721,1.0445231199264526,0.992050051689148,-1.0378062725067139,-1.541979432106018,0.9100013971328735,1.9918301105499268,0.04538748785853386,0.6687501072883606,0.19051602482795715,0.14917926490306854,-0.0013397350969314437,0.07912937001338383
1789260297.3340003,1.0442242622375488,0.9920704364776611,-1.0351643562316895,-1.5382174253463745,0.9079430103302002,1.991692304611206,0.028474701568484306,0.6689485907554626,0.19267460703849792,0.14922943711280823,-0.0012895628871917586,0.07661668268387072
1789260297.3675504,1.043897032737732,0.992075502872467,-1.0323550701141357,-1.5342686176300049,0.9057353138923645,1.9915366172790527,0.010543173179030418,0.669141948223114,0.19494397938251495,0.1492803543806076,-0.0012386456193923812,0.07401874722002606
1789260297.401097,1.0436079502105713,0.9921239614486694,-1.0296753644943237,-1.5305036306381226,0.9035939574241638,1.9913870096206665,-0.006264213472604752,0.6693097352981567,0.19711178541183472,0.1493115872144699,-0.0012074127855300765,0.07132624918176021
1789260297.4346929,1.0433183908462524,0.9922372102737427,-1.0268436670303345,-1.5266716480255127,0.9014246463775635,1.9912196397781372,-0.023721611127257347,0.6694389581680298,0.19936014711856842,0.14927303791046143,-0.0012459620895385604,0.07661668268387072
1789260297.468326,1.0429819822311401,0.9923847317695618,-1.0240451097488403,-1.5228863954544067,0.899268627166748,1.9910329580307007,-0.04129766672849655,0.669561505317688,0.20154157280921936,0.14921942353248596,-0.0012995764675140242,0.08156468806857739
1789260297.5019202,1.042605996131897,0.9925124049186707,-1.021316647529602,-1.5191457271575928,0.8971129655838013,1.9908785820007324,-0.05860498175024986,0.6697013974189758,0.20365017652511597,0.14919812977313995,-0.0013208702268600325,0.08622923312351063
1789260297.5355294,1.0423040390014648,0.9925458431243896,-1.018557071685791,-1.5152032375335693,0.8949918746948242,1.9907370805740356,-0.07613328844308853,0.6698688864707947,0.20592333376407623,0.1492810994386673,-0.0012379005613326888,0.07132624918176021
1789260297.5691013,1.0420312881469727,0.9925638437271118,-1.0159116983413696,-1.5114344358444214,0.8929298520088196,1.990597128868103,-0.09307929128408432,0.6700167059898376,0.2081078588962555,0.1493697166442871,-0.0011492833557128768,0.059347025446578223
1789260297.6026638,1.0417338609695435,0.9926402568817139,-1.0130542516708374,-1.5075368881225586,0.8907598257064819,1.9904191493988037,-0.11098344624042511,0.6701226234436035,0.21039721369743347,0.14938588440418243,-0.001133115595817552,0.0625572578997782
1789260297.6363258,1.041447639465332,0.9927372336387634,-1.0103607177734375,-1.5037841796875,0.888725221157074,1.9902652502059937,-0.1278771460056305,0.6702350378036499,0.21258068084716797,0.1494189351797104,-0.001100064820289598,0.05595291190411357
1789260297.6699777,1.0411030054092407,0.9928170442581177,-1.0076121091842651,-1.4999440908432007,0.886570394039154,1.9901031255722046,-0.14533130824565887,0.6703555583953857,0.21476908028125763,0.14947080612182617,-0.0010481938781738143,0.048456642643301504
1789260297.703552,1.0407181978225708,0.9929645657539368,-1.004817008972168,-1.496178150177002,0.8843250274658203,1.989890694618225,-0.1628309190273285,0.6704323291778564,0.2168983370065689,0.14944680035114288,-0.0010721996488571028,0.05595291190411357
1789260297.7371953,1.040366530418396,0.9931864142417908,-1.0022042989730835,-1.4927773475646973,0.8822572827339172,1.9896900653839111,-0.1792321354150772,0.670464277267456,0.21883775293827057,0.14934730529785156,-0.0011716947021484236,0.0625572578997782
1789260297.7707708,1.0403660535812378,0.993222713470459,-1.000961422920227,-1.4911751747131348,0.8812879920005798,1.9895848035812378,-0.18678030371665955,0.6704423427581787,0.2198793739080429,0.14933229982852936,-0.0011867001714706282,0.06852804325551864
1789260297.8322487,1.0402864217758179,0.9932448863983154,-1.000820279121399,-1.490984559059143,0.8811711668968201,1.9895652532577515,-0.18747363984584808,0.6704556941986084,0.2199440896511078,0.14932316541671753,-0.0011958345832824568,0.06852804325551864
1789260297.8722522,1.0402467250823975,0.9932413101196289,-1.0008350610733032,-1.4910308122634888,0.8811696767807007,1.9895685911178589,-0.18745796382427216,0.6704594492912292,0.21989256143569946,0.1493167132139206,-0.0012022867860793929,0.07132624918176021
1789260297.9112391,1.0403095483779907,0.9932222962379456,-1.0008189678192139,-1.4910095930099487,0.8811737298965454,1.989565372467041,-0.1874484270811081,0.6704471707344055,0.21995410323143005,0.14932677149772644,-0.0011922285022735457,0.06561060592844098
1789260297.9482977,1.0403109788894653,0.9932410717010498,-1.0008171796798706,-1.4910279512405396,0.881171703338623,1.9895670413970947,-0.18744176626205444,0.6704410910606384,0.21994511783123016,0.14931057393550873,-0.0012084260644912581,0.07401874722002606
1789260297.981875,1.0402660369873047,0.9932432770729065,-1.00083589553833,-1.4910318851470947,0.8811779618263245,1.9895657300949097,-0.18744046986103058,0.6704546213150024,0.2199057638645172,0.14931535720825195,-0.001203642791748033,0.06852804325551864
1789260298.0155184,1.0402995347976685,0.9932876229286194,-1.0008238554000854,-1.4910898208618164,0.8811864852905273,1.989566445350647,-0.18743084371089935,0.6704282164573669,0.2199046015739441,0.14926917850971222,-0.001249821490287767,0.07132624918176021
1789260298.0491793,1.0403152704238892,0.9933487176895142,-1.0008059740066528,-1.4911035299301147,0.8811960220336914,1.9895689487457275,-0.18743328750133514,0.6704124212265015,0.21990928053855896,0.14922583103179932,-0.0012931689682006697,0.07912937001338383
1789260298.0828238,1.0402812957763672,0.9933687448501587,-1.0008230209350586,-1.4911251068115234,0.8811957240104675,1.989569067955017,-0.18742923438549042,0.6704177856445312,0.2198670506477356,0.1492151916027069,-0.001303808397293077,0.08392937202498843
1789260298.1164062,1.0402954816818237,0.9933623671531677,-1.0008172988891602,-1.491113543510437,0.8811950087547302,1.9895668029785156,-0.18743324279785156,0.6704157590866089,0.2198847085237503,0.14921973645687103,-0.0012992635431289534,0.08156468806857739
1789260298.1501157,1.0403075218200684,0.9933615922927856,-1.0008150339126587,-1.491113543510437,0.8811957836151123,1.9895646572113037,-0.18743161857128143,0.6704121828079224,0.21989406645298004,0.14921905100345612,-0.0012999489965438704,0.07912937001338383
1789260298.183776,1.0403105020523071,0.9933739900588989,-1.0008132457733154,-1.49111807346344,0.8811950087547302,1.9895650148391724,-0.18742568790912628,0.670409083366394,0.2198929637670517,0.14921045303344727,-0.0013085469665527205,0.08156468806857739
1789260298.2173507,1.0402861833572388,0.9933744668960571,-1.000818133354187,-1.4911245107650757,0.8811941146850586,1.989569902420044,-0.18742598593235016,0.6704152822494507,0.21987153589725494,0.14921051263809204,-0.0013084873619079451,0.07912937001338383
1789260298.250969,1.0402905941009521,0.9933707118034363,-1.0008234977722168,-1.49112069606781,0.8811957240104675,1.9895648956298828,-0.18742582201957703,0.6704157590866089,0.21987465023994446,0.14921531081199646,-0.0013036891880035262,0.07912937001338383
1789260298.284583,1.0399295091629028,0.9932228326797485,-1.0006712675094604,-1.4914087057113647,0.8812115788459778,1.9896507263183594,-0.18762898445129395,0.6704282164573669,0.2196081131696701,0.14915163815021515,-0.0013673618497848372,0.08622923312351063
1789260298.3181703,1.0376533269882202,0.9921391010284424,-0.9995236992835999,-1.49227774143219,0.8801705241203308,1.9904481172561646,-0.18987110257148743,0.670701265335083,0.21823249757289886,0.14907482266426086,-0.0014441773357391219,0.08156468806857739
1789260298.3518224,1.0320014953613281,0.9889386892318726,-0.9967172145843506,-1.4945900440216064,0.8769177794456482,1.992627739906311,-0.19512596726417542,0.6714192628860474,0.21471171081066132,0.14914043247699738,-0.0013785675230026107,0.08156468806857739
1789260298.38537,1.0224177837371826,0.9840573668479919,-0.992707371711731,-1.4986851215362549,0.8718661069869995,1.9963557720184326,-0.2035166174173355,0.6726996898651123,0.20833256840705872,0.14920347929000854,-0.0013155207099914412,0.08622923312351063
1789260298.4190269,1.010103702545166,0.9778646230697632,-0.9876576662063599,-1.5041189193725586,0.8652012944221497,2.0012454986572266,-0.21428470313549042,0.6742412447929382,0.19999846816062927,0.14923545718193054,-0.0012835428180694441,0.10279207254188717
1789260298.452619,0.9953323602676392,0.969870388507843,-0.9815959930419922,-1.5102849006652832,0.8574026226997375,2.007110595703125,-0.22723901271820068,0.6760834455490112,0.19028639793395996,0.1496809422969818,-0.0008380577030181746,0.07661668268387072
1789260298.4862516,0.9811049103736877,0.9622153043746948,-0.9755247235298157,-1.5166422128677368,0.8498450517654419,2.012477397918701,-0.23974189162254333,0.6774945855140686,0.18090693652629852,0.14983803033828735,-0.0006809696617126326,0.08156468806857739
1789260298.519908,0.9664932489395142,0.9547567367553711,-0.9690191745758057,-1.5230813026428223,0.8419804573059082,2.0182063579559326,-0.25275808572769165,0.67875736951828,0.17139267921447754,0.1497330665588379,-0.0007859334411620955,0.10467832346762979
1789260298.5535095,0.9521562457084656,0.9470049142837524,-0.9622441530227661,-1.5295324325561523,0.8340581655502319,2.0238418579101562,-0.26590242981910706,0.6797786355018616,0.16227611899375916,0.1496725082397461,-0.0008464917602538924,0.12972151222939818
1789260298.5871165,0.9377335906028748,0.9393051266670227,-0.9560233950614929,-1.5356394052505493,0.8263001441955566,2.0296478271484375,-0.27872008085250854,0.6809209585189819,0.1530154049396515,0.1499224603176117,-0.0005965396823882918,0.11014342980975618
1789260298.6207407,0.9232802391052246,0.9313320517539978,-0.9495100378990173,-1.54198157787323,0.8183063864707947,2.0353333950042725,-0.2918025851249695,0.6818069219589233,0.14384768903255463,0.1501242071390152,-0.0003947928609847884,0.11534989781745353
1789260298.6543841,0.9088314771652222,0.9238952994346619,-0.94353848695755,-1.5483111143112183,0.8107501864433289,2.0410163402557373,-0.30447402596473694,0.6826237440109253,0.13445180654525757,0.15024980902671814,-0.0002691909732818465,0.1083523598284494
1789260298.688045,0.8937774896621704,0.9158663153648376,-0.937029242515564,-1.5548439025878906,0.8026880621910095,2.0469138622283936,-0.31773048639297485,0.6833121180534363,0.12489274144172668,0.15044604241847992,-7.29575815200667e-05,0.10653118153060223
1789260298.7216396,0.8791342973709106,0.9082952737808228,-0.9305914044380188,-1.5613985061645508,0.7947923541069031,2.0526113510131836,-0.33079633116722107,0.6837301254272461,0.11559466272592545,0.1504078358411789,-0.0001111641588210921,0.12666881248565126
1789260298.7552564,0.864575982093811,0.9004536271095276,-0.9240999817848206,-1.5677038431167603,0.7868891954421997,2.058366537094116,-0.34388548135757446,0.684114396572113,0.1065562516450882,0.1505882292985916,6.922929859162763e-05,0.12033130429241841
1789260298.7888336,0.8507606983184814,0.8928629755973816,-0.9182141423225403,-1.5736857652664185,0.7793806791305542,2.0638039112091064,-0.35613006353378296,0.6844230890274048,0.09790850430727005,0.15093952417373657,0.0004205241737365861,0.10087055545943382
1789260298.8224454,0.8378013968467712,0.88614821434021,-0.9128850698471069,-1.579202651977539,0.7727282047271729,2.0686652660369873,-0.36732620000839233,0.6845881342887878,0.0897822454571724,0.15113963186740875,0.0006206318674087663,0.09278741380920028
1789260298.8561058,0.8286350965499878,0.8814191818237305,-0.9086484909057617,-1.583462119102478,0.7678067684173584,2.0722103118896484,-0.3759436309337616,0.6844685077667236,0.08415718376636505,0.15099813044071198,0.00047913044071198896,0.11703392759136522
1789260298.8897083,0.8216019868850708,0.877741277217865,-0.9050824642181396,-1.5862852334976196,0.763684093952179,2.0752859115600586,-0.38141393661499023,0.6845008134841919,0.08010347187519073,0.15099459886550903,0.00047559886550904706,0.1083523598284494
1789260298.9233057,0.8170390129089355,0.8752713203430176,-0.9031941294670105,-1.5881924629211426,0.7611792683601379,2.0770578384399414,-0.38484489917755127,0.6845216751098633,0.07727878540754318,0.15113839507102966,0.000619395071029677,0.09487278508118449
1789260298.9569104,0.8155379295349121,0.8742965459823608,-0.9028409123420715,-1.5893833637237549,0.7604397535324097,2.0777766704559326,-0.38852959871292114,0.6844363212585449,0.07605898380279541,0.15117929875850677,0.0006602987585067888,0.09487278508118449
1789260298.9904993,0.8174417018890381,0.874428391456604,-0.9035248756408691,-1.5900226831436157,0.760805070400238,2.0778064727783203,-0.3936724066734314,0.6841933727264404,0.07682988047599792,0.1511254459619522,0.0006064459619522233,0.10087055545943382
1789260299.0241306,0.8220412731170654,0.8754297494888306,-0.9055598974227905,-1.5904196500778198,0.7629318237304688,2.0769877433776855,-0.40087589621543884,0.6838165521621704,0.07897228002548218,0.1510896235704422,0.0005706235704422136,0.10467832346762979
1789260299.0577292,0.8287447094917297,0.8770212531089783,-0.9086421132087708,-1.590949296951294,0.7659891247749329,2.0758750438690186,-0.41230663657188416,0.6832893490791321,0.08201877027750015,0.15103718638420105,0.0005181863842010637,0.1083523598284494
1789260299.0913186,0.8371427655220032,0.8789704442024231,-0.9124118089675903,-1.5919396877288818,0.7697029113769531,2.074667453765869,-0.4275931417942047,0.6825332641601562,0.08575940132141113,0.15087561309337616,0.00035661309337617353,0.11703392759136522
1789260299.1249657,0.8464763164520264,0.8813103437423706,-0.91680908203125,-1.593200445175171,0.7739626169204712,2.07318115234375,-0.44461682438850403,0.6816120147705078,0.08975598216056824,0.15062227845191956,0.00010327845191956952,0.13847642022149
1789260299.1586156,0.8559449315071106,0.8836870193481445,-0.9214973449707031,-1.5945658683776855,0.7784207463264465,2.071596384048462,-0.462290495634079,0.6806589961051941,0.0936821922659874,0.1504213809967041,-9.761900329588458e-05,0.15701751249847418
1789260299.192206,0.8655012845993042,0.8859400749206543,-0.9259334206581116,-1.5957552194595337,0.782860279083252,2.070054292678833,-0.4796196222305298,0.679714560508728,0.09786496311426163,0.15027447044849396,-0.0002445295515060286,0.1666890263349369
1789260299.225836,0.8750104308128357,0.8882567286491394,-0.9305641055107117,-1.5970131158828735,0.7873501181602478,2.068481922149658,-0.4972226321697235,0.6787554025650024,0.10188847035169601,0.15015138685703278,-0.00036761314296721026,0.17582936122100767
1789260299.2594438,0.8845455050468445,0.8905280232429504,-0.9352337718009949,-1.5983648300170898,0.7917540669441223,2.066951036453247,-0.5146638751029968,0.6777635812759399,0.10586761683225632,0.1500519961118698,-0.00046700388813017413,0.1834539611091176
1789260299.2930868,0.8943161368370056,0.8928881287574768,-0.9395326375961304,-1.5994946956634521,0.796168863773346,2.065401077270508,-0.5321860313415527,0.6767145395278931,0.11025703698396683,0.1498626321554184,-0.0006563678445815901,0.19483355668961086
1789260299.326675,0.9038816094398499,0.8952451944351196,-0.9440897703170776,-1.600775957107544,0.8006684184074402,2.0638346672058105,-0.5496584177017212,0.6756677031517029,0.11433340609073639,0.14972858130931854,-0.0007904186906814437,0.201741189079591
1789260299.3603864,0.9134947061538696,0.897536039352417,-0.9486839175224304,-1.6020616292953491,0.8052257299423218,2.0622611045837402,-0.5673341751098633,0.6746096611022949,0.11843599379062653,0.1496538519859314,-0.0008651480140685897,0.201741189079591
1789260299.3939726,0.9229539036750793,0.8997807502746582,-0.9530656933784485,-1.603124976158142,0.8095887303352356,2.060779094696045,-0.5843114852905273,0.6735925078392029,0.12258956581354141,0.1496216207742691,-0.0008973792257308821,0.19483355668961086
1789260299.4275925,0.932573139667511,0.9021873474121094,-0.9578955769538879,-1.6044785976409912,0.8141140937805176,2.0591800212860107,-0.6023659110069275,0.6725006103515625,0.1265275627374649,0.1495780348777771,-0.0009409651222228865,0.19483355668961086
1789260299.4612458,0.9418932199478149,0.9044603705406189,-0.962264358997345,-1.6056591272354126,0.8183976411819458,2.0576553344726562,-0.6193257570266724,0.6714102029800415,0.13053475320339203,0.1495116651058197,-0.001007334894180284,0.19281449969864173
1789260299.4948332,0.9517436623573303,0.9068986773490906,-0.9666212201118469,-1.606801152229309,0.8228131532669067,2.056070566177368,-0.6368153691291809,0.6702126860618591,0.13491027057170868,0.14937908947467804,-0.0011399105253219466,0.19782350757194625
1789260299.5283842,0.9612074494361877,0.9092957377433777,-0.9712865948677063,-1.6082669496536255,0.827358067035675,2.054504632949829,-0.6544651389122009,0.6690287590026855,0.13877862691879272,0.14929057657718658,-0.0012284234228134017,0.2007689357290851
1789260299.5620034,0.9708208441734314,0.9115499258041382,-0.9757238626480103,-1.6094111204147339,0.8316922187805176,2.0529897212982178,-0.6717930436134338,0.66786789894104,0.1429593712091446,0.1493125557899475,-0.0012064442100524764,0.18871159039859822
1789260299.5956035,0.9804083704948425,0.9138683080673218,-0.9803286790847778,-1.6105923652648926,0.8361511826515198,2.0514583587646484,-0.6894315481185913,0.6667085289955139,0.14703306555747986,0.14936520159244537,-0.0011537984075546126,0.17245851507387558
1789260299.6293168,0.9899177551269531,0.9161654710769653,-0.9849936366081238,-1.611985206604004,0.8406344056129456,2.049893379211426,-0.7068518996238708,0.6654912233352661,0.15095436573028564,0.14939361810684204,-0.0011253818931579451,0.16071255014426922
1789260299.6629064,0.99966961145401,0.9184551239013672,-0.9893593788146973,-1.6131689548492432,0.8451013565063477,2.0483498573303223,-0.7243925333023071,0.664215087890625,0.15525220334529877,0.14939676225185394,-0.0011222377481460433,0.1480375253231069
1789260299.6964931,1.0091307163238525,0.920853316783905,-0.9939213991165161,-1.614506721496582,0.8496097922325134,2.0467841625213623,-0.7419188022613525,0.6629498600959778,0.1591920256614685,0.14938323199748993,-0.001135768002510057,0.13988230894202303
1789260299.7300427,1.0185000896453857,0.9230756759643555,-0.9983298778533936,-1.6157426834106445,0.8538388609886169,2.0452895164489746,-0.758905291557312,0.66169673204422,0.1631627082824707,0.14944988489151,-0.0010691151084899764,0.12033130429241841
1789260299.7637398,1.0276628732681274,0.9252603650093079,-1.002440333366394,-1.6167807579040527,0.8579205274581909,2.043860673904419,-0.7753717303276062,0.6604561805725098,0.16719040274620056,0.14950263500213623,-0.0010163649978637557,0.10467832346762979
1789260299.7973344,1.0347270965576172,0.9269798398017883,-1.0060421228408813,-1.6177563667297363,0.8613165020942688,2.0427093505859375,-0.7884209752082825,0.6595324277877808,0.17005591094493866,0.14964035153388977,-0.0008786484661102156,0.08156468806857739
1789260299.830939,1.039957880973816,0.9281805157661438,-1.0086190700531006,-1.6189210414886475,0.8637823462486267,2.0419089794158936,-0.7969159483909607,0.6587218046188354,0.17205435037612915,0.14961260557174683,-0.00090639442825316,0.07912937001338383
1789260299.8644729,1.0420266389846802,0.9290407299995422,-1.0092755556106567,-1.6178507804870605,0.8645768761634827,2.0411458015441895,-0.804517388343811,0.6585819721221924,0.1735263466835022,0.14972250163555145,-0.0007964983644485335,0.07401874722002606
1789260299.8980808,1.0417753458023071,0.9304080605506897,-1.0085465908050537,-1.6145009994506836,0.8644997477531433,2.0399017333984375,-0.8146843910217285,0.6589417457580566,0.17479853332042694,0.1497318297624588,-0.0007871702375411849,0.07401874722002606
1789260299.9316356,1.0415585041046143,0.9321330785751343,-1.0075054168701172,-1.609649896621704,0.8640456795692444,2.0383217334747314,-0.8290290832519531,0.6594911813735962,0.176713764667511,0.1498912274837494,-0.0006277725162505965,0.0625572578997782
1789260299.9652445,1.0419782400131226,0.9340676069259644,-1.0061836242675781,-1.6041464805603027,0.8637399077415466,2.036424160003662,-0.8454044461250305,0.6599371433258057,0.17943227291107178,0.1500164270401001,-0.0005025729598998885,0.05233915627441309
1789260299.9988384,1.0422438383102417,0.9362605810165405,-1.0046653747558594,-1.5980998277664185,0.8633369207382202,2.034386157989502,-0.8630343675613403,0.6604301333427429,0.18230149149894714,0.15009595453739166,-0.00042304546260832354,0.059347025446578223
1789260300.032411,1.042441964149475,0.9384805560112,-1.0032219886779785,-1.5921374559402466,0.8629263043403625,2.0322587490081787,-0.8810619115829468,0.6608924269676208,0.18506008386611938,0.15015214681625366,-0.00036685318374632403,0.059347025446578223
1789260300.0660186,1.0425759553909302,0.9405090808868408,-1.0019112825393677,-1.5864906311035156,0.8625335097312927,2.0303432941436768,-0.898033857345581,0.6613648533821106,0.18762071430683136,0.15026846528053284,-0.0002505347194671492,0.059347025446578223
1789260300.099631,1.0427511930465698,0.9425504803657532,-1.000565767288208,-1.5805273056030273,0.8621304631233215,2.028372287750244,-0.9156030416488647,0.6618702411651611,0.19034770131111145,0.15045708417892456,-6.191582107542559e-05,0.03956468264845247
1789260300.133252,1.0429118871688843,0.9446691870689392,-0.9991785287857056,-1.5746887922286987,0.8617082238197327,2.0262956619262695,-0.9332322478294373,0.662291407585144,0.1930275410413742,0.1505386382341385,1.963823413850263e-05,0.048456642643301504
1789260300.1668928,1.042991280555725,0.946850597858429,-0.9977904558181763,-1.5689895153045654,0.8612840175628662,2.0242652893066406,-0.9506078958511353,0.6626822352409363,0.19559025764465332,0.15054427087306976,2.5270873069777045e-05,0.059347025446578223
1789260300.200493,1.0432183742523193,0.948930025100708,-0.9963966608047485,-1.5630651712417603,0.8608700037002563,2.022245168685913,-0.9681585431098938,0.6630920767784119,0.198359876871109,0.15066760778427124,0.0001486077842712541,0.05595291190411357
1789260300.2341366,1.0434519052505493,0.9509145021438599,-0.9950919151306152,-1.5572243928909302,0.860465407371521,2.0203168392181396,-0.985157310962677,0.6635133624076843,0.20107585191726685,0.150851309299469,0.000332309299469008,0.044234660174789026
1789260300.2677205,1.043717384338379,0.953066349029541,-0.9936763048171997,-1.5511480569839478,0.8600320816040039,2.0182294845581055,-1.0031317472457886,0.6638899445533752,0.20393231511116028,0.15096502006053925,0.00044602006053925947,0.03956468264845247
1789260300.3013508,1.0437837839126587,0.9553253054618835,-0.9922577738761902,-1.5454275608062744,0.8595947027206421,2.016140937805176,-1.020645022392273,0.6641965508460999,0.20650337636470795,0.15090538561344147,0.00038638561344148115,0.059347025446578223
1789260300.3348994,1.0438945293426514,0.9574868679046631,-0.9909029006958008,-1.5398296117782593,0.8591753244400024,2.014206886291504,-1.0376205444335938,0.6645077466964722,0.20904143154621124,0.15089045464992523,0.0003714546499252458,0.07132624918176021
1789260300.3684936,1.044115662574768,0.9596089720726013,-0.9894988536834717,-1.5339351892471313,0.8587442636489868,2.012183666229248,-1.0552791357040405,0.6648199558258057,0.21179994940757751,0.15095992386341095,0.00044092386341096357,0.07661668268387072
1789260300.402073,1.0443941354751587,0.9616222381591797,-0.9881178736686707,-1.5279555320739746,0.8583387136459351,2.010230541229248,-1.0727037191390991,0.6651525497436523,0.2146400809288025,0.151124507188797,0.0006055071887970109,0.06561060592844098
1789260300.4357069,1.044602870941162,0.9637393355369568,-0.9867271184921265,-1.5221078395843506,0.8578979969024658,2.0081846714019775,-1.0902526378631592,0.6654214859008789,0.21736878156661987,0.15117782354354858,0.0006588235435485978,0.06852804325551864
1789260300.4693735,1.0446884632110596,0.9659697413444519,-0.985359787940979,-1.516353726387024,0.8574764728546143,2.00618839263916,-1.1077861785888672,0.6656866669654846,0.2199528068304062,0.15115156769752502,0.0006325676975250383,0.08156468806857739
1789260300.5030258,1.044885516166687,0.9679177403450012,-0.9840767979621887,-1.51089608669281,0.8570940494537354,2.0043296813964844,-1.1240251064300537,0.6659245491027832,0.22250358760356903,0.151219442486763,0.0007004424867630143,0.08156468806857739
1789260300.536609,1.0451633930206299,0.9694381356239319,-0.9832095503807068,-1.506614089012146,0.8568795919418335,2.0028226375579834,-1.1374152898788452,0.6661010384559631,0.224540114402771,0.1513238400220871,0.000804840022087111,0.07661668268387072
1789260300.570222,1.0452715158462524,0.9706017971038818,-0.9824140071868896,-1.5032533407211304,0.8567202091217041,2.0017008781433105,-1.1468098163604736,0.6662439107894897,0.22612230479717255,0.15138167142868042,0.0008626714286804338,0.07912937001338383
1789260300.6037762,1.0450166463851929,0.9712005853652954,-0.9797857999801636,-1.4991077184677124,0.8545764684677124,2.0010855197906494,-1.1519145965576172,0.6662816405296326,0.2283739149570465,0.15133588016033173,0.0008168801603317399,0.09065408419654447
1789260300.6374104,1.0447880029678345,0.9720027446746826,-0.974637508392334,-1.4922621250152588,0.8506036400794983,2.0002565383911133,-1.1575260162353516,0.6661217212677002,0.23254211246967316,0.15107761323451996,0.0005586132345199724,0.12666881248565126
1789260300.6709995,1.0447890758514404,0.9730836749076843,-0.9680492281913757,-1.4831771850585938,0.8457098007202148,1.9991728067398071,-1.1658368110656738,0.665870189666748,0.23821890354156494,0.15084071457386017,0.0003217145738601823,0.15825877775862904
1789260300.7046304,1.0449035167694092,0.9744460582733154,-0.9594570994377136,-1.4710246324539185,0.8392669558525085,1.9978009462356567,-1.1766825914382935,0.665518045425415,0.24581041932106018,0.15069548785686493,0.00017648785686494306,0.17693870661400976
1789260300.7382343,1.0447643995285034,0.9762638211250305,-0.9494746327400208,-1.4570016860961914,0.8317501544952393,1.9962031841278076,-1.1895281076431274,0.6650335788726807,0.25435951352119446,0.15041817724704742,-0.00010082275295256182,0.20935673428581142
1789260300.7717965,1.0446827411651611,0.9779031276702881,-0.9390407204627991,-1.4422738552093506,0.8237626552581787,1.9944391250610352,-1.202856421470642,0.6644159555435181,0.26337385177612305,0.15034852921962738,-0.00017047078037260577,0.22555353545062423
1789260300.8053954,1.0444178581237793,0.9798331260681152,-0.9285605549812317,-1.4276783466339111,0.8158476948738098,1.992700457572937,-1.2162522077560425,0.663676381111145,0.27218249440193176,0.15012076497077942,-0.0003982350292205672,0.2502292180346854
1789260300.8390749,1.0440709590911865,0.9814791083335876,-0.9186163544654846,-1.4137026071548462,0.8082961440086365,1.9909498691558838,-1.2292605638504028,0.6629196405410767,0.2805328071117401,0.15010300278663635,-0.0004159972133636336,0.25564439666474065
1789260300.8726673,1.0436471700668335,0.9833555221557617,-0.9080334305763245,-1.3986234664916992,0.8001695275306702,1.9893059730529785,-1.242897391319275,0.6620951294898987,0.28941091895103455,0.15016718208789825,-0.00035181791210173174,0.24308965745644515
1789260300.9062452,1.0435189008712769,0.9851089715957642,-0.8975597023963928,-1.3841533660888672,0.792273998260498,1.9874606132507324,-1.2562305927276611,0.6609740257263184,0.29822269082069397,0.1501874327659607,-0.0003315672340392928,0.23984831222536715
1789260300.9398057,1.0433393716812134,0.9867733716964722,-0.887515664100647,-1.3697588443756104,0.7846234440803528,1.9859256744384766,-1.2691739797592163,0.6599522829055786,0.30681005120277405,0.1504802703857422,-3.872961425779864e-05,0.19683190382077603
1789260300.9733994,1.0432113409042358,0.9885222315788269,-0.8772866725921631,-1.3557380437850952,0.7769834399223328,1.984078288078308,-1.282102346420288,0.6586278080940247,0.31532028317451477,0.15057004988193512,5.104988193513349e-05,0.18238424868700404
1789260301.006968,1.0431698560714722,0.989874005317688,-0.8691551685333252,-1.3442147970199585,0.7710707783699036,1.9828583002090454,-1.2924113273620605,0.6575967073440552,0.3222896158695221,0.15086597204208374,0.0003469720420837541,0.1341703946898555
1789260301.0405414,1.0430129766464233,0.9909003973007202,-0.862923800945282,-1.335414171218872,0.7661919593811035,1.98184335231781,-1.3004217147827148,0.6567891836166382,0.3274680972099304,0.151111900806427,0.0005929008064270158,0.10279207254188717
1789260301.0741682,1.0427840948104858,0.9916698336601257,-0.8584436774253845,-1.3292659521102905,0.762624204158783,1.981148362159729,-1.3055559396743774,0.6562052369117737,0.3310226798057556,0.15122611820697784,0.0007071182069778581,0.08846932694105811
1789260301.1078465,1.0425158739089966,0.9922938346862793,-0.8554729223251343,-1.3250830173492432,0.7603882551193237,1.9804322719573975,-1.3101651668548584,0.6557967662811279,0.33333826065063477,0.15125374495983124,0.0007347449598312517,0.08846932694105811
1789260301.1414523,1.0416374206542969,0.9929618835449219,-0.8546129465103149,-1.3224968910217285,0.7600389122962952,1.9797520637512207,-1.317007303237915,0.6559908986091614,0.3339879512786865,0.15140309929847717,0.0008840992984771867,0.07401874722002606
1789260301.1750367,1.0397593975067139,0.9941298961639404,-0.8553712964057922,-1.3209019899368286,0.7607024908065796,1.9786324501037598,-1.3280130624771118,0.6567273736000061,0.3329526484012604,0.1513945758342743,0.0008755758342743059,0.08622923312351063
1789260301.2086384,1.0369492769241333,0.9960886836051941,-0.8559723496437073,-1.3178222179412842,0.7615702748298645,1.9771393537521362,-1.3437420129776,0.6577775478363037,0.3318614363670349,0.15133123099803925,0.0008122309980392595,0.09278741380920028
1789260301.2422879,1.034085750579834,0.998286247253418,-0.8563033938407898,-1.3142153024673462,0.7625195980072021,1.975359320640564,-1.3613611459732056,0.6587479114532471,0.33102869987487793,0.151187002658844,0.000668002658844008,0.1083523598284494
1789260301.2758765,1.0313936471939087,1.0003060102462769,-0.8566620945930481,-1.3106733560562134,0.7635127902030945,1.9736790657043457,-1.3783800601959229,0.6596931219100952,0.33030641078948975,0.1511455476284027,0.0006265476284027238,0.11190583714844751
1789260301.309509,1.0285048484802246,1.0022966861724854,-0.8572007417678833,-1.3070677518844604,0.7645134329795837,1.9719274044036865,-1.3958191871643066,0.6607511639595032,0.32940372824668884,0.1511956751346588,0.0006766751346588273,0.11014342980975618
1789260301.3430877,1.0255310535430908,1.0042604207992554,-0.8578254580497742,-1.3034234046936035,0.7655126452445984,1.9702297449111938,-1.4133100509643555,0.6618779897689819,0.3284260928630829,0.15130700170993805,0.0007880017099380632,0.09891171693842998
1789260301.3767,1.0226048231124878,1.006332516670227,-0.8583180904388428,-1.299859881401062,0.7665491104125977,1.9684727191925049,-1.4308536052703857,0.6629087328910828,0.3274909257888794,0.1512705236673355,0.0007515236673355241,0.11014342980975618
1789260301.4103093,1.019661545753479,1.0084670782089233,-0.8587620854377747,-1.2962968349456787,0.7675591707229614,1.9667381048202515,-1.4484835863113403,0.663924515247345,0.326550155878067,0.15117767453193665,0.0006586745319366594,0.11703392759136522
1789260301.4439087,1.0169637203216553,1.010675311088562,-0.8592806458473206,-1.292486548423767,0.7686086893081665,1.9648761749267578,-1.4655261039733887,0.6648783683776855,0.32582852244377136,0.1511358916759491,0.0006168916759491105,0.12666881248565126
1789260301.47746,1.0144964456558228,1.0135958194732666,-0.8601629734039307,-1.2875431776046753,0.7700371146202087,1.9625364542007446,-1.4834498167037964,0.6658456921577454,0.32549113035202026,0.15111865103244781,0.0005996510324478288,0.12972151222939818
1789260301.5111125,1.012361764907837,1.0164612531661987,-0.8609123826026917,-1.2825449705123901,0.7714605927467346,1.9602006673812866,-1.5004429817199707,0.6666709780693054,0.3254629969596863,0.15110565721988678,0.0005866572198867936,0.13122123336572936
1789260301.5446815,1.010221004486084,1.0193250179290771,-0.8617364168167114,-1.2772880792617798,0.7728745341300964,1.9578489065170288,-1.5178629159927368,0.6675458550453186,0.3255007266998291,0.15120188891887665,0.0006828889188766618,0.12194656246489412
1789260301.5783632,1.007965087890625,1.0221443176269531,-0.8626264333724976,-1.2721037864685059,0.7743353843688965,1.9554387331008911,-1.5356159210205078,0.668451726436615,0.32541829347610474,0.1513122320175171,0.0007932320175171037,0.11014342980975618
1789260301.6119823,1.0058292150497437,1.024909257888794,-0.86345374584198,-1.2669086456298828,0.7757536768913269,1.953102946281433,-1.5528942346572876,0.6693149209022522,0.3254515528678894,0.15144090354442596,0.0009219035444259782,0.09891171693842998
1789260301.6455858,1.0035489797592163,1.0277841091156006,-0.8643205165863037,-1.2617334127426147,0.7772017121315002,1.9507077932357788,-1.5705207586288452,0.6702028512954712,0.3253507912158966,0.151495561003685,0.0009765610036850114,0.09487278508118449
1789260301.6791368,1.0012668371200562,1.0306663513183594,-0.8651902079582214,-1.2568408250808716,0.7785972952842712,1.9484056234359741,-1.5875085592269897,0.6710668206214905,0.32512834668159485,0.15145094692707062,0.0009319469270706315,0.09891171693842998
1789260301.7127903,0.9989078640937805,1.0336518287658691,-0.8661048412322998,-1.2515184879302979,0.7801036834716797,1.9459553956985474,-1.6055018901824951,0.6719751358032227,0.3250058889389038,0.151485875248909,0.0009668752489090104,0.09487278508118449
1789260301.746359,0.9967736005783081,1.0365363359451294,-0.866920530796051,-1.2463641166687012,0.7815598845481873,1.9435772895812988,-1.6230937242507935,0.6727768778800964,0.3250197768211365,0.1514943540096283,0.0009753540096283098,0.09891171693842998
1789260301.7799642,0.9947804808616638,1.039318561553955,-0.8676221370697021,-1.2412363290786743,0.7829621434211731,1.9412747621536255,-1.6400058269500732,0.6735146641731262,0.3251764178276062,0.151521697640419,0.0010026976404190202,0.09065408419654447
1789260301.8135545,0.9926167726516724,1.0422807931900024,-0.8684118390083313,-1.236033320426941,0.7843977212905884,1.9388285875320435,-1.6577039957046509,0.6742876768112183,0.3251863420009613,0.1514710634946823,0.0009520634946823259,0.09891171693842998
1789260301.847098,0.9903176426887512,1.0452532768249512,-0.8692541122436523,-1.231030821800232,0.7858325839042664,1.936477780342102,-1.6749646663665771,0.6751058101654053,0.325003981590271,0.15136457979679108,0.0008455797967910905,0.1083523598284494
1789260301.8806767,0.9879691004753113,1.0481408834457397,-0.8701486587524414,-1.225873589515686,0.7873155474662781,1.9340952634811401,-1.6926172971725464,0.6759682893753052,0.3248487412929535,0.1513747274875641,0.0008557274875641008,0.1083523598284494
1789260301.9143445,0.9858043789863586,1.0508370399475098,-0.8710083961486816,-1.2208871841430664,0.7887399196624756,1.931821584701538,-1.7095770835876465,0.6767746210098267,0.32478708028793335,0.1514415442943573,0.0009225442943573137,0.10467832346762979
1789260301.9479225,0.9836573004722595,1.0536729097366333,-0.871942400932312,-1.2154924869537354,0.7902676463127136,1.9294414520263672,-1.7275089025497437,0.6776017546653748,0.32486382126808167,0.1515684574842453,0.0010494574842453142,0.08846932694105811
1789260301.9815516,0.9816145896911621,1.056106448173523,-0.8725404143333435,-1.2108738422393799,0.7913333773612976,1.927483081817627,-1.7428866624832153,0.6783312559127808,0.3248378336429596,0.151608407497406,0.0010894074974060197,0.08156468806857739
1789260302.015201,0.979991614818573,1.0579863786697388,-0.8728978633880615,-1.2074980735778809,0.7922574877738953,1.9258928298950195,-1.7542030811309814,0.6788336038589478,0.3247694671154022,0.15152870118618011,0.0010097011861801286,0.09065408419654447
1789260302.0487702,0.9803003668785095,1.0600827932357788,-0.8747908473014832,-1.2054439783096313,0.794313371181488,1.9241944551467896,-1.762057900428772,0.6789264678955078,0.32499071955680847,0.15135669708251953,0.0008376970825195451,0.11534989781745353
1789260302.0824049,0.9831106066703796,1.0631628036499023,-0.879214882850647,-1.2033957242965698,0.7987332344055176,1.9218487739562988,-1.7697360515594482,0.6786581873893738,0.3260810971260071,0.1513357311487198,0.0008167311487198015,0.11869406681127799
1789260302.1159763,0.9866995215415955,1.0672434568405151,-0.8844722509384155,-1.1998364925384521,0.8045905232429504,1.918562412261963,-1.7810348272323608,0.6782218813896179,0.3280409276485443,0.1513814479112625,0.0008624479112625261,0.10467832346762979
1789260302.1496174,0.9915357232093811,1.072777509689331,-0.8915959000587463,-1.1955353021621704,0.8123180270195007,1.9140684604644775,-1.7963510751724243,0.6775514483451843,0.33046191930770874,0.1512644737958908,0.000745473795890822,0.12033130429241841
1789260302.1833072,0.9969550371170044,1.0789955854415894,-0.8995591998100281,-1.190601110458374,0.8209117650985718,1.9090675115585327,-1.8134139776229858,0.6767842769622803,0.3332572281360626,0.15116384625434875,0.0006448462543487687,0.12666881248565126
1789260302.2168999,1.0024174451828003,1.085176706314087,-0.9080538153648376,-1.1854175329208374,0.829814612865448,1.9039698839187622,-1.8309108018875122,0.6761274933815002,0.33606866002082825,0.15134970843791962,0.0008307084379196306,0.1083523598284494
1789260302.2504563,1.0075316429138184,1.0914082527160645,-0.9167192578315735,-1.1804660558700562,0.8385818004608154,1.8988327980041504,-1.8485711812973022,0.6755693554878235,0.33849838376045227,0.1514887511730194,0.000969751173019423,0.10467832346762979
1789260302.2841291,1.0127047300338745,1.0977424383163452,-0.9246875047683716,-1.1757516860961914,0.8472592830657959,1.8938919305801392,-1.865491509437561,0.6747652888298035,0.3411666750907898,0.1512659192085266,0.0007469192085266252,0.12194656246489412
1789260302.31788,1.0184390544891357,1.1043951511383057,-0.9330458045005798,-1.1706143617630005,0.856220006942749,1.888672947883606,-1.8834978342056274,0.6737930178642273,0.34427157044410706,0.1510908156633377,0.0005718156633377214,0.1341703946898555
1789260302.351434,1.02410888671875,1.1106535196304321,-0.9413252472877502,-1.1653614044189453,0.8650789260864258,1.8835785388946533,-1.901041865348816,0.6728554964065552,0.34750422835350037,0.15119419991970062,0.0006751999197006364,0.12194656246489412
1789260302.3851278,1.0294960737228394,1.116485357284546,-0.9495002031326294,-1.1602628231048584,0.873603343963623,1.8786876201629639,-1.918017864227295,0.6720224022865295,0.35058116912841797,0.15150709450244904,0.0009880945024490495,0.09065408419654447
1789260302.4187744,1.034685730934143,1.1229534149169922,-0.9580790996551514,-1.1554546356201172,0.8825508952140808,1.87350332736969,-1.935699462890625,0.671186625957489,0.35326096415519714,0.15143772959709167,0.0009187295970916887,0.10087055545943382
1789260302.4523478,1.0401352643966675,1.129685401916504,-0.966500997543335,-1.1504859924316406,0.8915759921073914,1.8682299852371216,-1.9536716938018799,0.6701422333717346,0.35625696182250977,0.15118733048439026,0.0006683304843902726,0.12354070345060089
1789260302.4859316,1.0451531410217285,1.1354655027389526,-0.9738626480102539,-1.1458463668823242,0.8995319604873657,1.863593339920044,-1.9696428775787354,0.6691262125968933,0.3592360317707062,0.1511259526014328,0.0006069526014328142,0.12666881248565126
1789260302.5195308,1.049591302871704,1.1399152278900146,-0.9799990653991699,-1.1418793201446533,0.9060990810394287,1.8598835468292236,-1.9822200536727905,0.6682329773902893,0.36201009154319763,0.15135614573955536,0.0008371457395553727,0.10087055545943382
1789260302.5531983,1.0523322820663452,1.14329195022583,-0.9846776723861694,-1.139163851737976,0.9107503294944763,1.85720956325531,-1.9921709299087524,0.667792558670044,0.36352381110191345,0.15146109461784363,0.0009420946178436418,0.09691329395132914
1789260302.5868366,1.0535732507705688,1.1454827785491943,-0.9876663684844971,-1.137205958366394,0.9139770269393921,1.8554121255874634,-1.9991402626037598,0.6676748991012573,0.3642902374267578,0.1515657603740692,0.0010467603740692277,0.07661668268387072
1789260302.6204603,1.0557230710983276,1.1473058462142944,-0.9897482395172119,-1.1362345218658447,0.9159561395645142,1.8540433645248413,-2.0016937255859375,0.6670559644699097,0.36541885137557983,0.1513182669878006,0.000799266987800612,0.11534989781745353
1789260302.6540468,1.0608967542648315,1.1488299369812012,-0.9911700487136841,-1.134705662727356,0.9171363711357117,1.8532370328903198,-2.0001368522644043,0.6653198599815369,0.36896124482154846,0.15123984217643738,0.0007208421764373918,0.12972151222939818
1789260302.6876137,1.0704447031021118,1.1505602598190308,-0.9922111630439758,-1.1315232515335083,0.9187241196632385,1.851855754852295,-1.9952791929244995,0.6617386341094971,0.37626269459724426,0.15133212506771088,0.0008131250677108903,0.10653118153060223
1789260302.7212353,1.0827757120132446,1.1528480052947998,-0.9936747550964355,-1.1270396709442139,0.9212738871574402,1.8498018980026245,-1.990203857421875,0.6569628715515137,0.38583266735076904,0.15154369175434113,0.0010246917543411393,0.0625572578997782
1789260302.7548337,1.0972707271575928,1.15592360496521,-0.9958000183105469,-1.1223245859146118,0.924168050289154,1.8473129272460938,-1.984363317489624,0.6512271165847778,0.39654675126075745,0.15150956809520721,0.0009905680952072282,0.05233915627441309
1789260302.7883842,1.1123313903808594,1.159079909324646,-0.9980102777481079,-1.117081642150879,0.9271771907806396,1.8449393510818481,-1.978145956993103,0.6451256275177002,0.4077579081058502,0.15161259472370148,0.001093594723701491,0.019782341029446364
1789260302.8219604,1.1265102624893188,1.1623761653900146,-1.000744342803955,-1.1121200323104858,0.9300147891044617,1.843700885772705,-1.9720516204833984,0.639579176902771,0.41802453994750977,0.1518227905035019,0.001303790503501906,0.08622923312351063
1789260302.855503,1.1406728029251099,1.165274739265442,-1.0032801628112793,-1.1075187921524048,0.9329542517662048,1.8400801420211792,-1.9658184051513672,0.6333383321762085,0.42808204889297485,0.1518949568271637,0.0013759568271637101,0.044234660174789026
1789260302.8890936,1.1546616554260254,1.1685400009155273,-1.0054891109466553,-1.1028639078140259,0.9358367323875427,1.8378204107284546,-1.9597995281219482,0.6271506547927856,0.43807005882263184,0.1517358422279358,0.0012168422279358049,0.03956468264845247
1789260302.9227042,1.1695634126663208,1.1721214056015015,-1.007677435874939,-1.0979095697402954,0.9388989210128784,1.8352755308151245,-1.9534834623336792,0.6202852129936218,0.4486376643180847,0.15141578018665314,0.0008967801866531511,0.03426402009603798
1789260302.95628,1.1841679811477661,1.175233244895935,-1.0097023248672485,-1.0929012298583984,0.9417204260826111,1.8328943252563477,-1.947456955909729,0.613388180732727,0.45903870463371277,0.15136437118053436,0.0008453711805343767,0.03426402009603798
1789260302.989894,1.19867742061615,1.178322672843933,-1.012208104133606,-1.0880918502807617,0.9447286128997803,1.8304942846298218,-1.9412734508514404,0.6065053343772888,0.4690861105918884,0.1514342874288559,0.0009152874288559099,0.044234660174789026
1789260303.023493,1.2093526124954224,1.18039071559906,-1.013495922088623,-1.084335207939148,0.9469497799873352,1.8286468982696533,-1.9367278814315796,0.6011283993721008,0.47670090198516846,0.1514684110879898,0.000949411087989821,0.027976455118293345
1789260303.0570815,1.2138426303863525,1.1811541318893433,-1.0143663883209229,-1.0820000171661377,0.948162317276001,1.8278108835220337,-1.9342759847640991,0.5988951921463013,0.4801809787750244,0.15188446640968323,0.0013654664096832414,0.08392937202498843
1789260303.0962136,1.2153737545013428,1.1815656423568726,-1.0147051811218262,-1.081696629524231,0.9483451247215271,1.8275384902954102,-1.9337407350540161,0.5981705784797668,0.48107534646987915,0.15180018544197083,0.001281185441970839,0.07132624918176021
1789260303.1362514,1.2151706218719482,1.1816109418869019,-1.0146559476852417,-1.0817817449569702,0.9483398199081421,1.8275415897369385,-1.933762788772583,0.5982532501220703,0.48092249035835266,0.15172812342643738,0.0012091234264373918,0.06561060592844098
1789260303.1698606,1.2147101163864136,1.1815223693847656,-1.01480233669281,-1.0819073915481567,0.9482705593109131,1.8275643587112427,-1.9337972402572632,0.5985438823699951,0.48055535554885864,0.15180544555187225,0.0012864455518722673,0.06852804325551864
1789260303.2034771,1.214583158493042,1.1815621852874756,-1.0148109197616577,-1.0820653438568115,0.9482498168945312,1.8275634050369263,-1.9338040351867676,0.5986130237579346,0.4803979992866516,0.1517365723848343,0.0012175723848343034,0.059347025446578223
1789260303.2370646,1.214913010597229,1.1816697120666504,-1.0146528482437134,-1.0819902420043945,0.9482499361038208,1.8275634050369263,-1.9338129758834839,0.5983908176422119,0.48065489530563354,0.15162986516952515,0.0011108651695251603,0.05233915627441309
1789260303.2707613,1.2151621580123901,1.181660532951355,-1.0145787000656128,-1.081857681274414,0.9482520222663879,1.8275625705718994,-1.9338111877441406,0.5982404947280884,0.48088449239730835,0.1516471803188324,0.0011281803188324113,0.05595291190411357
1789260303.3044832,1.2151515483856201,1.181661605834961,-1.0145938396453857,-1.0818511247634888,0.9482488036155701,1.8275617361068726,-1.9338197708129883,0.5982503890991211,0.4808758795261383,0.15165382623672485,0.0011348262367248674,0.05595291190411357
1789260303.338161,1.2150425910949707,1.181667685508728,-1.0146161317825317,-1.081903338432312,0.9482467770576477,1.827562928199768,-1.9338148832321167,0.5983126163482666,0.48078039288520813,0.15164290368556976,0.001123903685569777,0.05233915627441309
1789260303.3717575,1.2149806022644043,1.1816703081130981,-1.0146310329437256,-1.0819194316864014,0.9482477903366089,1.8275668621063232,-1.9338129758834839,0.5983487367630005,0.4807320535182953,0.1516423374414444,0.0011233374414444108,0.05233915627441309
1789260303.4053402,1.2150986194610596,1.181668758392334,-1.014596700668335,-1.0818830728530884,0.9482512474060059,1.8275625705718994,-1.9338135719299316,0.5982778072357178,0.48082882165908813,0.15164095163345337,0.001121951633453383,0.048456642643301504
1789260303.438935,1.2151068449020386,1.1816703081130981,-1.0146064758300781,-1.0818703174591064,0.9482455849647522,1.8275686502456665,-1.933821678161621,0.5982779860496521,0.4808356761932373,0.15164776146411896,0.0011287614641189714,0.05595291190411357
1789260303.472553,1.2154489755630493,1.1815369129180908,-1.0149707794189453,-1.0823948383331299,0.9482321739196777,1.8276859521865845,-1.9340165853500366,0.5982922315597534,0.4807370901107788,0.15172703564167023,0.001208035641670241,0.06561060592844098
1789260303.5062315,1.2180895805358887,1.1811821460723877,-1.016326904296875,-1.0857787132263184,0.9487947225570679,1.828033208847046,-1.9352829456329346,0.5976864695549011,0.4806406795978546,0.15150879323482513,0.0009897932348251481,0.048456642643301504
1789260303.5398421,1.2233750820159912,1.1803556680679321,-1.01853609085083,-1.0918208360671997,0.9504707455635071,1.8289483785629272,-1.9377987384796143,0.5962899923324585,0.4810309410095215,0.1512000411748886,0.0006810411748886247,0.05233915627441309
1789260303.5734117,1.231345295906067,1.178990364074707,-1.0218185186386108,-1.1006616353988647,0.9529039859771729,1.8303097486495972,-1.9416500329971313,0.5941644310951233,0.4817364811897278,0.15088209509849548,0.00036309509849549726,0.07401874722002606
1789260303.607078,1.2388477325439453,1.178155541419983,-1.024584412574768,-1.110220193862915,0.9543638229370117,1.8309258222579956,-1.9441052675247192,0.5919917225837708,0.4816676080226898,0.14977110922336578,-0.0007478907766342024,0.22028696137813833
1789260303.64068,1.2388890981674194,1.1781249046325684,-1.024163007736206,-1.1115590333938599,0.9544836282730103,1.8311495780944824,-1.9441065788269043,0.5919216871261597,0.4812663197517395,0.1492718756198883,-0.0012471243801116805,0.2533377797477128
1789260303.6742554,1.23603093624115,1.1782480478286743,-1.0239720344543457,-1.108161211013794,0.9544628858566284,1.831138014793396,-1.944048285484314,0.5930824875831604,0.4810863733291626,0.1500895917415619,-0.0004294082584380965,0.14935344105781187
1789260303.707845,1.2330195903778076,1.1781858205795288,-1.0239230394363403,-1.1007269620895386,0.9545118808746338,1.8312153816223145,-1.9438921213150024,0.5942165851593018,0.48258164525032043,0.15224617719650269,0.0017271771965026994,0.14401765375946743
1789260303.7414143,1.2313165664672852,1.1776124238967896,-1.0235401391983032,-1.0979712009429932,0.9545215964317322,1.8312928676605225,-1.943782091140747,0.594835638999939,0.48298269510269165,0.1532769501209259,0.002757950120925917,0.2517882961682785
1789260303.775065,1.2336184978485107,1.1775230169296265,-1.0235029458999634,-1.1025481224060059,0.9545158743858337,1.8313039541244507,-1.9436759948730469,0.5939199328422546,0.4823819696903229,0.1520083099603653,0.0014893099603653093,0.09278741380920028
1789260303.8086433,1.2413593530654907,1.1777416467666626,-1.026128888130188,-1.1144967079162598,0.955509603023529,1.8316028118133545,-1.94602370262146,0.5915858745574951,0.4811619222164154,0.14945487678050995,-0.0010641232194900374,0.2502292180346854
1789260303.8422906,1.2437549829483032,1.1777228116989136,-1.025985836982727,-1.1180009841918945,0.9556078910827637,1.83163321018219,-1.9460296630859375,0.5905283689498901,0.48110565543174744,0.14841975271701813,-0.0020992472829818587,0.3636945235202828
1789260303.8758833,1.2412738800048828,1.1776469945907593,-1.02540123462677,-1.1152715682983398,0.9556755423545837,1.8317395448684692,-1.9459702968597412,0.5914310812950134,0.48103106021881104,0.14903579652309418,-0.001483203476905809,0.2676107911134112
1789260303.9094834,1.2379568815231323,1.1774555444717407,-1.0255239009857178,-1.107083797454834,0.9556823968887329,1.8318684101104736,-1.9457945823669434,0.5927647352218628,0.48265525698661804,0.1515529602766037,0.0010339602766037126,0.07661668268387072
1789260303.943033,1.2355363368988037,1.177001714706421,-1.0253392457962036,-1.1013097763061523,0.9557056427001953,1.8318746089935303,-1.9456565380096436,0.5936431884765625,0.48387226462364197,0.15343455970287323,0.002915559702873244,0.27051969489285804
1789260303.9766495,1.2342525720596313,1.1768090724945068,-1.0244346857070923,-1.101447582244873,0.9556769728660583,1.8319376707077026,-1.9455093145370483,0.5939863324165344,0.48333755135536194,0.15319110453128815,0.002672104531288161,0.24944602483378192
1789260304.0102732,1.2391129732131958,1.1772117614746094,-1.0260721445083618,-1.1103591918945312,0.9556571841239929,1.83195161819458,-1.9457937479019165,0.592568039894104,0.4817979633808136,0.15098673105239868,0.0004677310523986955,0.08846932694105811
1789260304.0439124,1.250653862953186,1.176085352897644,-1.0304837226867676,-1.1251239776611328,0.9592143297195435,1.8336334228515625,-1.9516805410385132,0.5893441438674927,0.4818275570869446,0.14931271970272064,-0.001206280297279344,0.23490244801451995
1789260304.0775173,1.2595696449279785,1.1750890016555786,-1.0328519344329834,-1.1349966526031494,0.959967315196991,1.8339242935180664,-1.9530390501022339,0.5863457918167114,0.48239216208457947,0.14807957410812378,-0.002439425891876207,0.43790184934227433
1789260304.111148,1.2594947814941406,1.1749193668365479,-1.0322116613388062,-1.1373549699783325,0.9600268602371216,1.834185004234314,-1.9529578685760498,0.5863120555877686,0.4815463125705719,0.14730307459831238,-0.003215925401687608,0.5047421588049364
1789260304.1448293,1.2554504871368408,1.1748665571212769,-1.0320541858673096,-1.1346207857131958,0.9599884152412415,1.8342045545578003,-1.9527125358581543,0.5881038308143616,0.48042261600494385,0.14805006980895996,-0.002468930191040025,0.41259432397074103
1789260304.1783926,1.2525213956832886,1.174872636795044,-1.0319384336471558,-1.1295654773712158,0.9599883556365967,1.834200382232666,-1.9525208473205566,0.5892694592475891,0.48095184564590454,0.14943096041679382,-0.001088039583206163,0.24469422950165987
1789260304.212244,1.2521953582763672,1.1747007369995117,-1.0318851470947266,-1.12647545337677,0.9599909782409668,1.8342640399932861,-1.9524950981140137,0.589303731918335,0.48216599225997925,0.1504022479057312,-0.00011675209426878497,0.13847642022149
1789260304.2502599,1.2527137994766235,1.17478346824646,-1.0317333936691284,-1.1266148090362549,0.9599838256835938,1.8341705799102783,-1.9524970054626465,0.588983952999115,0.48243096470832825,0.15024417638778687,-0.0002748236122131209,0.15195108845669586
1789260304.2854118,1.2524248361587524,1.1750577688217163,-1.0317586660385132,-1.1269961595535278,0.9599271416664124,1.834160327911377,-1.952498435974121,0.5891333818435669,0.4820282459259033,0.14996850490570068,-0.0005504950942993025,0.18022577739447643
1789260304.3190892,1.2523823976516724,1.1751928329467773,-1.0317573547363281,-1.1270440816879272,0.9598952531814575,1.8341525793075562,-1.9524990320205688,0.5891479253768921,0.48195314407348633,0.14986702799797058,-0.0006519720020294051,0.18974563519333634
1789260304.3527367,1.2525527477264404,1.1751676797866821,-1.0317368507385254,-1.1268365383148193,0.9598943591117859,1.8341569900512695,-1.952490210533142,0.5890524983406067,0.48215487599372864,0.14993464946746826,-0.0005843505325317244,0.1834539611091176
1789260304.3863502,1.2525665760040283,1.175123929977417,-1.031754732131958,-1.1267216205596924,0.9598939418792725,1.8341577053070068,-1.9524953365325928,0.5890498757362366,0.4822160303592682,0.1500021368265152,-0.0005168631734847884,0.17693870661400976
1789260304.4199755,1.2524663209915161,1.1751563549041748,-1.0317766666412354,-1.1268208026885986,0.9598917961120605,1.8341569900512695,-1.9524964094161987,0.5891081094741821,0.4821012318134308,0.14996138215065002,-0.0005576178493499617,0.18022577739447643
1789260304.4535635,1.2524709701538086,1.1751831769943237,-1.031767725944519,-1.126858115196228,0.9598926901817322,1.8341573476791382,-1.952492356300354,0.5891028046607971,0.48208558559417725,0.14993028342723846,-0.0005887165727615218,0.1855748884546529
1789260304.4871597,1.2526590824127197,1.1751518249511719,-1.0317251682281494,-1.1267727613449097,0.9598902463912964,1.8341609239578247,-1.9524978399276733,0.5889964699745178,0.4822511076927185,0.14995883405208588,-0.0005601659479141097,0.17913678902801208
1789260304.5207143,1.252668857574463,1.1751365661621094,-1.0317327976226807,-1.1267226934432983,0.9598929286003113,1.8341580629348755,-1.9524962902069092,0.5889924764633179,0.48227959871292114,0.14998546242713928,-0.0005335375728607039,0.17804114001225932
1789260304.554334,1.2525378465652466,1.1751668453216553,-1.0317476987838745,-1.1267681121826172,0.9598941802978516,1.8341600894927979,-1.952492356300354,0.5890612602233887,0.482173353433609,0.14995895326137543,-0.0005600467386245589,0.17913678902801208
1789260304.5879233,1.2523510456085205,1.1748830080032349,-1.031903862953186,-1.1266626119613647,0.9599028825759888,1.8341622352600098,-1.9524955749511719,0.5892171859741211,0.4821168780326843,0.15023021399974823,-0.00028878600025175616,0.16192549306284887
1789260304.621508,1.2530114650726318,1.1743597984313965,-1.032274603843689,-1.127657413482666,0.9603581428527832,1.8343838453292847,-1.952650785446167,0.5891167521476746,0.4821489155292511,0.15044327080249786,-7.572919750212237e-05,0.13122123336572936
1789260304.655168,1.2563143968582153,1.1738128662109375,-1.0336289405822754,-1.1310430765151978,0.9615395665168762,1.8349885940551758,-1.9536665678024292,0.5882188677787781,0.48256468772888184,0.1503991335630417,-0.00011986643695829913,0.1282042487280194
1789260304.68873,1.2624115943908691,1.1730258464813232,-1.0361131429672241,-1.1377811431884766,0.9635472893714905,1.8358720541000366,-1.9556121826171875,0.5865265727043152,0.4830292761325836,0.15001633763313293,-0.0005026623668670516,0.16071255014426922
1789260304.7222857,1.271041750907898,1.1715861558914185,-1.0400718450546265,-1.1476881504058838,0.9664207100868225,1.8373112678527832,-1.9584394693374634,0.5843549966812134,0.4834553003311157,0.14977754652500153,-0.0007414534749984603,0.19077407530073984
1789260304.755876,1.2820109128952026,1.1698038578033447,-1.0447617769241333,-1.1594399213790894,0.9699362516403198,1.8390783071517944,-1.9619108438491821,0.5814329981803894,0.4843929409980774,0.14956676959991455,-0.0009522304000854354,0.2121420935987288
1789260304.7895105,1.294714093208313,1.1679292917251587,-1.0502722263336182,-1.1732653379440308,0.9740567803382874,1.8411848545074463,-1.9660096168518066,0.5780854225158691,0.485294371843338,0.14920960366725922,-0.0013093963327407698,0.24389326303316328
1789260304.8230743,1.300366759300232,1.1667629480361938,-1.052488088607788,-1.1787045001983643,0.9763476252555847,1.8420944213867188,-1.9681769609451294,0.5764674544334412,0.4861953854560852,0.1493709683418274,-0.0011480316581725936,0.20463023449693923
1789260304.862245,1.301115870475769,1.1666017770767212,-1.0529729127883911,-1.179575800895691,0.9766069650650024,1.84230637550354,-1.9684250354766846,0.5763481259346008,0.4861949384212494,0.14943785965442657,-0.0010811403455734114,0.19782350757194625
1789260304.896288,1.3008054494857788,1.1667656898498535,-1.0529508590698242,-1.179721474647522,0.9765762686729431,1.8422908782958984,-1.9684234857559204,0.5764880776405334,0.4859219491481781,0.14928553998470306,-0.0012334600152969222,0.21489135308816265
1789260304.9299297,1.3005503416061401,1.166905164718628,-1.052992820739746,-1.1797633171081543,0.9764679074287415,1.8422999382019043,-1.9683994054794312,0.5766295790672302,0.4857023358345032,0.14920443296432495,-0.001314567035675035,0.22555353545062423
1789260304.96358,1.300541877746582,1.166955590248108,-1.052963376045227,-1.1797572374343872,0.9764528274536133,1.8422949314117432,-1.9684038162231445,0.5766203999519348,0.48569628596305847,0.14916278421878815,-0.0013562157812118392,0.22985018505318222
1789260304.9971635,1.300612211227417,1.1670235395431519,-1.0529115200042725,-1.1797583103179932,0.976448655128479,1.842290997505188,-1.9683985710144043,0.5765640139579773,0.48573747277259827,0.14909957349300385,-0.001419426506996141,0.23490244801451995
1789260305.0307276,1.300709843635559,1.167024850845337,-1.052884817123413,-1.179744839668274,0.9764468669891357,1.842294454574585,-1.9683985710144043,0.5765072703361511,0.4858066737651825,0.14909233152866364,-0.0014266684713363509,0.23490244801451995
1789260305.064366,1.3006993532180786,1.1670145988464355,-1.052897572517395,-1.1797289848327637,0.9764468669891357,1.842293620109558,-1.9683994054794312,0.5765165090560913,0.4858059585094452,0.14910803735256195,-0.0014109626474380355,0.23323052090303778
1789260305.098067,1.3006420135498047,1.1670324802398682,-1.0529038906097412,-1.1797692775726318,0.9764469265937805,1.8422924280166626,-1.968397617340088,0.5765472650527954,0.4857500493526459,0.14908812940120697,-0.001430870598793016,0.23573396487594475
1789260305.131814,1.3006350994110107,1.1670368909835815,-1.05289888381958,-1.1798094511032104,0.9764463305473328,1.8422927856445312,-1.9683998823165894,0.5765504240989685,0.48572877049446106,0.1490723341703415,-0.0014466658296584944,0.23738826096775903
1789260305.1653628,1.3006788492202759,1.1670206785202026,-1.0528961420059204,-1.179760217666626,0.9764468669891357,1.842292070388794,-1.9683992862701416,0.5765267610549927,0.4857795536518097,0.14909489452838898,-0.001424105471611009,0.23490244801451995
1789260305.1989756,1.3007303476333618,1.167022705078125,-1.0528844594955444,-1.1797170639038086,0.9764476418495178,1.8422900438308716,-1.9684020280838013,0.5764951705932617,0.48583120107650757,0.14910081028938293,-0.0014181897106170516,0.23323052090303778
1789260305.2325845,1.301135778427124,1.1668363809585571,-1.0526024103164673,-1.1796969175338745,0.9772230982780457,1.8436046838760376,-1.968382716178894,0.5764268636703491,0.4864013195037842,0.1492265909910202,-0.0012924090089797835,0.14265252599748507
1789260305.2662418,1.3034850358963013,1.1664501428604126,-1.0532690286636353,-1.1817152500152588,0.9779582023620605,1.8440515995025635,-1.9689947366714478,0.5756744742393494,0.4868990480899811,0.14920735359191895,-0.0013116464080810408,0.13122123336572936
1789260305.2998757,1.307934045791626,1.1658048629760742,-1.0548677444458008,-1.1865291595458984,0.9790883660316467,1.844845175743103,-1.9705756902694702,0.5744109153747559,0.48724135756492615,0.14897188544273376,-0.0015471145572662215,0.15450506866003139
1789260305.3334806,1.3151675462722778,1.1645499467849731,-1.0575059652328491,-1.1939867734909058,0.9809610247612,1.8461418151855469,-1.9730942249298096,0.57236248254776,0.4879811108112335,0.1488407850265503,-0.0016782149734496932,0.1655109964311004
1789260305.3670845,1.3244831562042236,1.162748098373413,-1.0611891746520996,-1.203881025314331,0.9834071397781372,1.8477510213851929,-1.976438045501709,0.5698314309120178,0.48873886466026306,0.14882448315620422,-0.0016945168437957625,0.17358940356200137
1789260305.4009726,1.336524486541748,1.1604351997375488,-1.0657130479812622,-1.216550350189209,0.9863473773002625,1.8496766090393066,-1.9806671142578125,0.5664467215538025,0.4897453486919403,0.14873544871807098,-0.0017835512819290023,0.2007689357290851
1789260305.4346137,1.3474597930908203,1.1587377786636353,-1.0697588920593262,-1.2281218767166138,0.9890449047088623,1.8514878749847412,-1.9846962690353394,0.5633442401885986,0.49054378271102905,0.14838892221450806,-0.0021300777854919295,0.24147442349920606
1789260305.4751797,1.351036548614502,1.1577194929122925,-1.07096529006958,-1.2309823036193848,0.9902874231338501,1.852332353591919,-1.9862223863601685,0.5622948408126831,0.49140340089797974,0.148784339427948,-0.001734660572051988,0.17804114001225932
1789260305.5141556,1.3507633209228516,1.1577619314193726,-1.0709528923034668,-1.230891227722168,0.9902871251106262,1.8523210287094116,-1.9862103462219238,0.5624165534973145,0.4912854731082916,0.14877758920192719,-0.001741410798072801,0.17693870661400976
1789260305.5477674,1.350456953048706,1.1578044891357422,-1.0709763765335083,-1.230933666229248,0.9902588725090027,1.8523056507110596,-1.9861867427825928,0.5625742077827454,0.49107450246810913,0.14874857664108276,-0.0017704233589172225,0.1834539611091176
1789260305.5813472,1.3503555059432983,1.157847285270691,-1.0710099935531616,-1.2310752868652344,0.9901991486549377,1.8523036241531372,-1.9861704111099243,0.5626435875892639,0.4909270405769348,0.14869770407676697,-0.0018212959232330184,0.19281449969864173
1789260305.6149366,1.3503782749176025,1.1579270362854004,-1.0709800720214844,-1.2311205863952637,0.9901903867721558,1.8523004055023193,-1.9861655235290527,0.562620222568512,0.4909113049507141,0.14862491190433502,-0.0018940880956649642,0.19782350757194625
1789260305.648517,1.3505663871765137,1.1579433679580688,-1.070923089981079,-1.2310494184494019,0.9901959896087646,1.852303147315979,-1.9861671924591064,0.5625037550926208,0.4910622537136078,0.14861167967319489,-0.0019073203268051009,0.1988101655906956
1789260305.6820948,1.3506709337234497,1.1579374074935913,-1.070912480354309,-1.2310028076171875,0.9901917576789856,1.8523005247116089,-1.9861611127853394,0.5624463558197021,0.49114498496055603,0.14862342178821564,-0.001895578211784349,0.1958352792096712
1789260305.7156897,1.350598692893982,1.1579533815383911,-1.0709253549575806,-1.2310246229171753,0.9901936650276184,1.852302074432373,-1.986160159111023,0.5624870657920837,0.49108871817588806,0.14861319959163666,-0.0019058004083633284,0.19683190382077603
1789260305.7492976,1.350468397140503,1.1579530239105225,-1.0709493160247803,-1.2310490608215332,0.9901967644691467,1.852299690246582,-1.9861584901809692,0.5625602006912231,0.49099859595298767,0.14861628413200378,-0.001902715867996202,0.19782350757194625
1789260305.7828975,1.350481390953064,1.1579480171203613,-1.07095468044281,-1.231068730354309,0.9901919364929199,1.8522995710372925,-1.9861607551574707,0.56255704164505,0.49099573493003845,0.14861607551574707,-0.0019029244842529158,0.19782350757194625
1789260305.8164725,1.3506158590316772,1.1579517126083374,-1.0709201097488403,-1.23106050491333,0.9901938438415527,1.8522964715957642,-1.9861586093902588,0.5624772310256958,0.4910835921764374,0.14860185980796814,-0.0019171401920318465,0.1988101655906956
1789260305.8500679,1.3507977724075317,1.1578682661056519,-1.0710393190383911,-1.2307461500167847,0.9901650547981262,1.8522801399230957,-1.9861515760421753,0.5624185800552368,0.4913049638271332,0.14878447353839874,-0.0017345264616012435,0.18451747215888148
1789260305.8836558,1.351287841796875,1.1571497917175293,-1.0711506605148315,-1.2312794923782349,0.990398645401001,1.8524235486984253,-1.9861626625061035,0.5622868537902832,0.49148958921432495,0.14912934601306915,-0.0013896539869308333,0.14670980696444608
1789260305.917327,1.3539397716522217,1.156553864479065,-1.072409987449646,-1.2339098453521729,0.9912821650505066,1.852997064590454,-1.9870585203170776,0.5616479516029358,0.49176132678985596,0.14933107793331146,-0.0011879220666885237,0.12033130429241841
1789260305.9509463,1.3590340614318848,1.1559486389160156,-1.0743197202682495,-1.2397830486297607,0.9925975799560547,1.8536286354064941,-1.988849401473999,0.5601785778999329,0.49185046553611755,0.1489270031452179,-0.0015919968547820906,0.17132016174909548
1789260305.9845228,1.3668934106826782,1.1548116207122803,-1.0773024559020996,-1.248060941696167,0.9947580099105835,1.854881763458252,-1.9915266036987305,0.5579460263252258,0.49239110946655273,0.14868603646755219,-0.001832963532447801,0.19382665722055112
1789260306.0181117,1.376287579536438,1.1531965732574463,-1.0811487436294556,-1.2590035200119019,0.9971349835395813,1.856050968170166,-1.994478702545166,0.555381178855896,0.49245691299438477,0.14836636185646057,-0.002152638143539415,0.25640865792940004
1789260306.0517087,1.3806886672973633,1.1528372764587402,-1.0818452835083008,-1.264474868774414,0.9972232580184937,1.8562026023864746,-1.994502067565918,0.5537516474723816,0.4923354983329773,0.14740607142448425,-0.003112928575515733,0.3931670212438742
1789260306.085324,1.378333568572998,1.1529685258865356,-1.0809053182601929,-1.263211727142334,0.9972399473190308,1.8562190532684326,-1.9944965839385986,0.5545082688331604,0.4918232560157776,0.14728279411792755,-0.003236205882072435,0.38052162477887846
1789260306.1189165,1.3742014169692993,1.153220295906067,-1.0808976888656616,-1.2562589645385742,0.9972081184387207,1.8562397956848145,-1.9944982528686523,0.5562261939048767,0.49262169003486633,0.14900566637516022,-0.0015133336248397689,0.16192549306284887
1789260306.152505,1.370982050895691,1.1528851985931396,-1.0807058811187744,-1.2489343881607056,0.9972736835479736,1.8563275337219238,-1.994507074356079,0.5574312806129456,0.4942581057548523,0.15111501514911652,0.00059601514911653,0.11534989781745353
1789260306.1862478,1.3690356016159058,1.1524757146835327,-1.0801368951797485,-1.2475175857543945,0.9972668290138245,1.8564280271530151,-1.9944905042648315,0.5581545233726501,0.4940362870693207,0.15151932835578918,0.0010003283557891984,0.16432452156180907
1789260306.2198908,1.372890830039978,1.1528819799423218,-1.080924153327942,-1.2551308870315552,0.997233510017395,1.8564516305923462,-1.9944820404052734,0.5568835735321045,0.4924733340740204,0.1495400220155716,-0.000978977984428392,0.10087055545943382
1789260306.2534573,1.3826243877410889,1.152944564819336,-1.0834171772003174,-1.2675832509994507,0.9983133673667908,1.8566871881484985,-1.9960081577301025,0.5535474419593811,0.4917929172515869,0.1471986472606659,-0.0033203527393340926,0.40973895341170324
1789260306.2870543,1.386155128479004,1.1525977849960327,-1.0831278562545776,-1.2707687616348267,0.9984793066978455,1.8567936420440674,-1.9960203170776367,0.5518684983253479,0.4924742579460144,0.14643827080726624,-0.004080729192733751,0.4937681235535097
1789260306.3206997,1.3830395936965942,1.1522471904754639,-1.0826339721679688,-1.2684513330459595,0.9984878897666931,1.8568671941757202,-1.9960229396820068,0.5531452894210815,0.49199897050857544,0.14706717431545258,-0.0034518256845474105,0.40686354468405955
1789260306.3543713,1.3784316778182983,1.152312159538269,-1.0828020572662354,-1.260364055633545,0.9984697699546814,1.8569347858428955,-1.996016025543213,0.5551267862319946,0.4930484890937805,0.14927880465984344,-0.0012401953401565413,0.13847642022149
1789260306.3879998,1.3746877908706665,1.1521981954574585,-1.0824400186538696,-1.252494215965271,0.9984928965568542,1.8570082187652588,-1.9959903955459595,0.5564935803413391,0.4946410357952118,0.1513300985097885,0.000811098509788527,0.14401765375946743
1789260306.421583,1.3720166683197021,1.1519410610198975,-1.0816785097122192,-1.2499581575393677,0.9984953999519348,1.8570685386657715,-1.995942234992981,0.5574377775192261,0.4945431351661682,0.15186341106891632,0.0013444110689163347,0.21489135308816265
1789260306.455252,1.374239206314087,1.1521947383880615,-1.081688404083252,-1.2560420036315918,0.9984398484230042,1.8570584058761597,-1.9958736896514893,0.5566204786300659,0.49298086762428284,0.1500677764415741,-0.00045122355842588946,0.0
1789260306.4887948,1.384325623512268,1.1521704196929932,-1.084607481956482,-1.269191861152649,0.9994625449180603,1.8573359251022339,-1.9974786043167114,0.5533132553100586,0.4920775294303894,0.14776882529258728,-0.002750174707412706,0.3286493810354792
1789260306.522344,1.391514539718628,1.1517679691314697,-1.085375189781189,-1.2764289379119873,0.9996235370635986,1.857413411140442,-1.997558355331421,0.5503963828086853,0.4926753342151642,0.14639224112033844,-0.004126758879661546,0.5196413664183592
1789260306.5559351,1.3900015354156494,1.1516649723052979,-1.0846803188323975,-1.2762588262557983,0.999668538570404,1.8575657606124878,-1.997550129890442,0.5509098172187805,0.49213260412216187,0.1462230086326599,-0.004295991367340074,0.518887711314536
1789260306.5895178,1.385027289390564,1.1515744924545288,-1.084817886352539,-1.2711678743362427,0.999669075012207,1.8576160669326782,-1.997543454170227,0.5531980395317078,0.49167823791503906,0.1476994901895523,-0.002819509810447679,0.3380412803038261
1789260306.623144,1.3804832696914673,1.1516000032424927,-1.0844902992248535,-1.2606087923049927,0.9996967315673828,1.8576921224594116,-1.9975167512893677,0.5548521876335144,0.49402523040771484,0.15039493143558502,-0.00012406856441496417,0.0625572578997782
1789260306.6568232,1.3772579431533813,1.1512902975082397,-1.0838629007339478,-1.253818392753601,0.9996997117996216,1.8577120304107666,-1.9974596500396729,0.5559097528457642,0.49551618099212646,0.15215738117694855,0.0016383811769485612,0.24549258269372118
1789260306.6904116,1.375322937965393,1.1511807441711426,-1.082895278930664,-1.2540016174316406,0.9996695518493652,1.8577302694320679,-1.9973987340927124,0.5565335750579834,0.4946230351924896,0.15177664160728455,0.0012576416072845598,0.21489135308816265
1789260306.7240808,1.3799622058868408,1.1517573595046997,-1.0837100744247437,-1.2628403902053833,0.9995545148849487,1.857703447341919,-1.9973280429840088,0.5549319386482239,0.492877334356308,0.1493799239397049,-0.0011390760602950911,0.09691329395132914
1789260306.7577126,1.3916221857070923,1.1514559984207153,-1.0869265794754028,-1.277010202407837,1.0009349584579468,1.8580412864685059,-1.9992057085037231,0.5510061979293823,0.4923948645591736,0.14711560308933258,-0.0034033969106674056,0.4163710263473779
1789260306.7913296,1.3973981142044067,1.1507246494293213,-1.0874699354171753,-1.2828640937805176,1.0010520219802856,1.8582268953323364,-1.9992191791534424,0.548674464225769,0.49294230341911316,0.14622141420841217,-0.004297585791587816,0.5475120974517762
1789260306.8249137,1.3951237201690674,1.15065598487854,-1.0868217945098877,-1.282721996307373,1.0010126829147339,1.858316421508789,-1.9992214441299438,0.5495715737342834,0.49193400144577026,0.14603745937347412,-0.004481540626525865,0.5528469067117766
1789260306.858543,1.389855146408081,1.1507400274276733,-1.0869587659835815,-1.2772713899612427,1.0009952783584595,1.858351707458496,-1.9992061853408813,0.5519817471504211,0.49145445227622986,0.1475033313035965,-0.0030156686964034896,0.37167709362424034
1789260306.89213,1.385231375694275,1.15084707736969,-1.0865743160247803,-1.2662222385406494,1.001024603843689,1.8584387302398682,-1.9991555213928223,0.5536336898803711,0.4939914345741272,0.15025225281715393,-0.0002667471828460555,0.06852804325551864
1789260306.9257367,1.3822596073150635,1.1504390239715576,-1.085776925086975,-1.2588506937026978,1.0010415315628052,1.8584415912628174,-1.999093770980835,0.5544750094413757,0.49595484137535095,0.15215234458446503,0.0016333445844650407,0.24228338651132322
1789260306.959357,1.3801140785217285,1.1503900289535522,-1.0847209692001343,-1.2587372064590454,1.0010095834732056,1.8584609031677246,-1.9990278482437134,0.5551549196243286,0.4950922429561615,0.15177848935127258,0.0012594893512725969,0.21579998972694253
1789260306.9929447,1.3844363689422607,1.1510945558547974,-1.0854490995407104,-1.267709493637085,1.000845193862915,1.8584219217300415,-1.998952865600586,0.5536810755729675,0.4930914640426636,0.1492401510477066,-0.0012788489522933821,0.11014342980975618
1789260307.0265205,1.3959063291549683,1.1506304740905762,-1.0887702703475952,-1.2816011905670166,1.0023261308670044,1.858837604522705,-2.000936985015869,0.5498907566070557,0.4926376938819885,0.14720529317855835,-0.0033137068214416365,0.4005626901348312
1789260307.060215,1.4019722938537598,1.1498754024505615,-1.089719295501709,-1.2881933450698853,1.002408504486084,1.8589599132537842,-2.000934600830078,0.547587513923645,0.49289223551750183,0.14629396796226501,-0.0042250320377349715,0.5485832095471305
1789260307.0938177,1.400282621383667,1.1498833894729614,-1.088849425315857,-1.2882519960403442,1.0023839473724365,1.8590872287750244,-2.0009407997131348,0.5481276512145996,0.49216216802597046,0.14592207968235016,-0.0045969203176498274,0.5678623372941045
1789260307.1274586,1.395160436630249,1.1499598026275635,-1.088818907737732,-1.282903790473938,1.0023752450942993,1.8591079711914062,-2.000917673110962,0.5504065155982971,0.49177175760269165,0.14729103446006775,-0.003227965539932237,0.39416112793789093
1789260307.1610487,1.3902777433395386,1.1500964164733887,-1.0885426998138428,-1.2722456455230713,1.0023983716964722,1.859170913696289,-2.000830888748169,0.5522392988204956,0.4939655661582947,0.14995351433753967,-0.0005654856624603133,0.08156468806857739
1789260307.194631,1.3871173858642578,1.1496453285217285,-1.0878899097442627,-1.264406442642212,1.0023971796035767,1.8591917753219604,-2.000746250152588,0.5532108545303345,0.49601253867149353,0.15205921232700348,0.0015402123270034929,0.228141235772435
1789260307.2282448,1.3847004175186157,1.149592399597168,-1.0867682695388794,-1.2634327411651611,1.002344012260437,1.8592274188995361,-2.0006818771362305,0.5539641380310059,0.4954048693180084,0.1518927365541458,0.0013737365541458268,0.22641938826360836
1789260307.2618306,1.3882864713668823,1.15023934841156,-1.0871081352233887,-1.2716642618179321,1.0021880865097046,1.8591841459274292,-2.000584602355957,0.5526794791221619,0.4934353828430176,0.14943227171897888,-0.0010867282810211043,0.08156468806857739
1789260307.2954688,1.3995025157928467,1.1497609615325928,-1.0905545949935913,-1.2855843305587769,1.0036159753799438,1.859573245048523,-2.002563714981079,0.5490598678588867,0.4927758276462555,0.14745476841926575,-0.003064231580734239,0.37009435376366145
1789260307.3291192,1.4064314365386963,1.1492420434951782,-1.0916694402694702,-1.2931151390075684,1.00371253490448,1.8596900701522827,-2.002584457397461,0.5464243292808533,0.49298518896102905,0.14622895419597626,-0.004290045804023729,0.556726612144137
1789260307.3627894,1.4052616357803345,1.1491891145706177,-1.090789556503296,-1.2935471534729004,1.0037368535995483,1.859826922416687,-2.0025832653045654,0.5467219352722168,0.4923933446407318,0.14578869938850403,-0.004730300611495958,0.5828266707249664
1789260307.3963664,1.4003735780715942,1.1491360664367676,-1.090799331665039,-1.288684368133545,1.0036985874176025,1.859863519668579,-2.0025534629821777,0.5489312410354614,0.49193012714385986,0.1471184343099594,-0.0034005656900405745,0.41777848794322114
1789260307.4300163,1.3955376148223877,1.1493196487426758,-1.0903890132904053,-1.2782297134399414,1.0037198066711426,1.859901785850525,-2.0024619102478027,0.550696074962616,0.4940936863422394,0.14963428676128387,-0.0008847132387161116,0.10467832346762979
1789260307.463714,1.3920167684555054,1.1489688158035278,-1.0898486375808716,-1.2700855731964111,1.003707766532898,1.8599227666854858,-2.0023891925811768,0.5518706440925598,0.4960399270057678,0.15180274844169617,0.0012837484416961809,0.199791951149457
1789260307.4973621,1.389263391494751,1.1488538980484009,-1.088817834854126,-1.2684837579727173,1.0036437511444092,1.8599672317504883,-2.0023140907287598,0.5527973175048828,0.4955194890499115,0.15187813341617584,0.0013591334161758561,0.22381178101882981
1789260307.531052,1.3922008275985718,1.1493165493011475,-1.0889018774032593,-1.2755489349365234,1.0035525560379028,1.8599417209625244,-2.0022170543670654,0.5516921877861023,0.4938233196735382,0.14973971247673035,-0.0007792875232696395,0.03426402009603798
1789260307.564617,1.4029273986816406,1.148948311805725,-1.09224271774292,-1.2893270254135132,1.004780650138855,1.8603004217147827,-2.0040109157562256,0.5482704043388367,0.49291810393333435,0.1476961225271225,-0.0028228774728774886,0.34149665741854734
1789260307.598347,1.410876750946045,1.1486256122589111,-1.0934734344482422,-1.2978568077087402,1.0049787759780884,1.8603888750076294,-2.004159927368164,0.5452014207839966,0.49317196011543274,0.1461416780948639,-0.0043773219051360945,0.5657910831209688
1789260307.6320066,1.4102497100830078,1.1484582424163818,-1.0927034616470337,-1.2987521886825562,1.005054235458374,1.8605380058288574,-2.0041613578796387,0.5452955365180969,0.49266842007637024,0.14569072425365448,-0.004828275746345506,0.5970886777130058
1789260307.6656175,1.4053643941879272,1.148331642150879,-1.0927091836929321,-1.2944260835647583,1.0050047636032104,1.860587477684021,-2.004136323928833,0.5475314259529114,0.4919852614402771,0.1469167172908783,-0.0036022827091216902,0.44543337634903557
1789260307.699298,1.4005135297775269,1.1484630107879639,-1.0923775434494019,-1.2843163013458252,1.0049974918365479,1.86061692237854,-2.0040807723999023,0.5493512749671936,0.4939800202846527,0.14939622581005096,-0.0011227741899490218,0.1370561110185936
1789260307.732895,1.3969714641571045,1.1482173204421997,-1.0916757583618164,-1.2753839492797852,1.0050042867660522,1.8606425523757935,-2.0039854049682617,0.5504370331764221,0.4963061809539795,0.1516411155462265,0.0011221155462265153,0.18130822512890998
1789260307.7664964,1.3940154314041138,1.148131251335144,-1.0907708406448364,-1.2733452320098877,1.0049701929092407,1.8606804609298706,-2.003908157348633,0.5514853596687317,0.4958427846431732,0.15186654031276703,0.0013475403127670427,0.2220563651924133
1789260307.8002305,1.3959989547729492,1.148439884185791,-1.090732216835022,-1.2796956300735474,1.004855751991272,1.8606743812561035,-2.0038139820098877,0.5507842302322388,0.4939948320388794,0.14996467530727386,-0.0005543246927261214,0.019782341029446364
1789260307.833831,1.4065386056900024,1.1482127904891968,-1.0939664840698242,-1.2933608293533325,1.0059082508087158,1.8610005378723145,-2.005478858947754,0.5474092364311218,0.4929956793785095,0.1478298306465149,-0.0026891693534850936,0.32805345982048595
1789260307.8673692,1.4155213832855225,1.14786958694458,-1.095375657081604,-1.3027077913284302,1.0062497854232788,1.8610607385635376,-2.005802631378174,0.5439199209213257,0.4934118092060089,0.14614751935005188,-0.004371480649948106,0.5695826290474058
1789260307.900938,1.4153072834014893,1.1476539373397827,-1.0947577953338623,-1.3039237260818481,1.0063438415527344,1.86128568649292,-2.005810260772705,0.5438963770866394,0.49296531081199646,0.14570914208889008,-0.0048098579111099105,0.600030851067738
1789260307.9344885,1.410470962524414,1.1475188732147217,-1.0946537256240845,-1.3003536462783813,1.0063201189041138,1.8613184690475464,-2.0057833194732666,0.5460964441299438,0.49200576543807983,0.14668959379196167,-0.0038294062080383162,0.4768337663287219
1789260307.968133,1.4054672718048096,1.1476233005523682,-1.0943646430969238,-1.2901443243026733,1.0062944889068604,1.8613392114639282,-2.005711793899536,0.5480046272277832,0.4939645826816559,0.1492214798927307,-0.0012975201072692732,0.15949038294479406
1789260308.0018015,1.401891827583313,1.14743971824646,-1.0936819314956665,-1.2811408042907715,1.0062975883483887,1.861377477645874,-2.0056135654449463,0.5491123795509338,0.49629783630371094,0.15145128965377808,0.00093228965377809,0.15825877775862904
1789260308.0357296,1.3988436460494995,1.147322654724121,-1.0927259922027588,-1.2781506776809692,1.0062931776046753,1.86142098903656,-2.0055463314056396,0.5501418709754944,0.4962427020072937,0.15192674100399017,0.0014077410039901872,0.2272819425665676
1789260308.069318,1.4003136157989502,1.1476048231124878,-1.092538595199585,-1.2840179204940796,1.0061780214309692,1.8614342212677002,-2.005445957183838,0.549623429775238,0.49437013268470764,0.15011270344257355,-0.0004062965574264388,0.0
1789260308.1029265,1.41042160987854,1.1475237607955933,-1.0956130027770996,-1.2971874475479126,1.0070191621780396,1.861742615699768,-2.0068297386169434,0.5463842749595642,0.4933231770992279,0.14796502888202667,-0.0025539711179733138,0.31090427356701644
1789260308.136596,1.4197847843170166,1.147194504737854,-1.0972909927368164,-1.3074077367782593,1.007492184638977,1.8617420196533203,-2.007413387298584,0.5428258776664734,0.4934849739074707,0.14615638554096222,-0.004362614459037767,0.5712977408518038
1789260308.1702523,1.4201549291610718,1.1469208002090454,-1.0967737436294556,-1.3090283870697021,1.0076276063919067,1.8620392084121704,-2.007422685623169,0.5425829887390137,0.49316731095314026,0.14569246768951416,-0.004826532310485826,0.6049026744852102
1789260308.2038333,1.4153470993041992,1.1466782093048096,-1.0965778827667236,-1.3059077262878418,1.0076030492782593,1.862081527709961,-2.0074007511138916,0.54475998878479,0.49206945300102234,0.14657531678676605,-0.003943683213233934,0.4937681235535097
1789260308.2374058,1.4101879596710205,1.1468689441680908,-1.0963218212127686,-1.2959944009780884,1.007570743560791,1.8620750904083252,-2.0073304176330566,0.5467641353607178,0.493793249130249,0.1489843875169754,-0.0015346124830245833,0.19179700087998583
1789260308.27104,1.4069011211395264,1.1466572284698486,-1.0956521034240723,-1.286747694015503,1.007570505142212,1.8621243238449097,-2.007236957550049,0.5477265119552612,0.49640586972236633,0.15129454433918,0.0007755443391800065,0.13988230894202303
1789260308.304626,1.403743028640747,1.1464877128601074,-1.0947258472442627,-1.2831666469573975,1.0075775384902954,1.862164855003357,-2.007171392440796,0.5487930178642273,0.4965667724609375,0.15196767449378967,0.0014486744937896867,0.22899730459219447
1789260308.338321,1.404615879058838,1.1467552185058594,-1.0942680835723877,-1.2882245779037476,1.0074905157089233,1.8621727228164673,-2.0070652961730957,0.5484314560890198,0.4948050081729889,0.150268092751503,-0.0002509072484969954,0.027976455118293345
1789260308.3719246,1.4140716791152954,1.146889090538025,-1.0971792936325073,-1.300748586654663,1.008039951324463,1.8624675273895264,-2.0081100463867188,0.5454321503639221,0.4936344027519226,0.14810600876808167,-0.002412991231918321,0.2934198544058264
1789260308.4055088,1.4239697456359863,1.1464567184448242,-1.0993404388427734,-1.3121103048324585,1.008806824684143,1.8625104427337646,-2.0090653896331787,0.5418362617492676,0.4935053288936615,0.14626742899417877,-0.004251571005821214,0.5609284154678615
1789260308.4391286,1.4250216484069824,1.1460671424865723,-1.0988589525222778,-1.3142496347427368,1.008926272392273,1.8627692461013794,-2.0090675354003906,0.5412889719009399,0.49332571029663086,0.14574427902698517,-0.004774720973014818,0.606840453031715
1789260308.4728258,1.4204776287078857,1.1458382606506348,-1.0984556674957275,-1.3114713430404663,1.0089112520217896,1.862808108329773,-2.0090458393096924,0.5432725548744202,0.4922730028629303,0.14643868803977966,-0.004080311960220323,0.5124368935974571
1789260308.5064082,1.4153107404708862,1.1460638046264648,-1.0982739925384521,-1.3023391962051392,1.0088711977005005,1.8628020286560059,-2.008981943130493,0.5453439354896545,0.4936225414276123,0.14864660799503326,-0.001872392004966722,0.23323052090303778
1789260308.5400136,1.4117368459701538,1.1459357738494873,-1.0976951122283936,-1.2926236391067505,1.008875846862793,1.8628733158111572,-2.008875846862793,0.5464636087417603,0.49626532196998596,0.15106552839279175,0.0005465283927917619,0.11703392759136522
1789260308.5735862,1.4086761474609375,1.1456464529037476,-1.0967755317687988,-1.288224458694458,1.0088790655136108,1.8629002571105957,-2.0088109970092773,0.5474451184272766,0.49687430262565613,0.1520242989063263,0.0015052989063263078,0.2323900466696225
1789260308.6072285,1.4087716341018677,1.1458966732025146,-1.0960408449172974,-1.292211651802063,1.00882089138031,1.862905740737915,-2.0087075233459473,0.5473154783248901,0.49524760246276855,0.15050660073757172,-1.239926242826983e-05,0.059347025446578223
1789260308.640825,1.417589545249939,1.1462218761444092,-1.0986242294311523,-1.3042628765106201,1.009008765220642,1.8630026578903198,-2.0093038082122803,0.5444638133049011,0.4939069449901581,0.14821191132068634,-0.002307088679313646,0.28254863011927855
1789260308.6743932,1.4277091026306152,1.1457751989364624,-1.1012470722198486,-1.3166139125823975,1.0100457668304443,1.8632053136825562,-2.0106492042541504,0.5409924387931824,0.493378221988678,0.14633524417877197,-0.0041837558212280135,0.5556711970149151
1789260308.7081423,1.4296060800552368,1.145281434059143,-1.1007908582687378,-1.3192232847213745,1.0102006196975708,1.8634940385818481,-2.010653018951416,0.5400647521018982,0.4934590756893158,0.14576053619384766,-0.00475846380615233,0.607485005666862
1789260308.741781,1.4256250858306885,1.144992709159851,-1.1002957820892334,-1.3168398141860962,1.0101779699325562,1.863512396812439,-2.0106430053710938,0.5417520403862,0.492568701505661,0.1463419646024704,-0.004177035397529588,0.5267473134942637
1789260308.77541,1.4206485748291016,1.1452357769012451,-1.1000680923461914,-1.3083502054214478,1.0101382732391357,1.8635201454162598,-2.0106008052825928,0.5437442660331726,0.49374958872795105,0.1483471840620041,-0.002171815937995897,0.26906917401866154
1789260308.809,1.4165233373641968,1.1452867984771729,-1.0996567010879517,-1.2984181642532349,1.0101499557495117,1.8635978698730469,-2.010481119155884,0.5451858639717102,0.49612799286842346,0.15078479051589966,0.00026579051589967206,0.09691329395132914
1789260308.842608,1.4132599830627441,1.1449084281921387,-1.0988638401031494,-1.2935142517089844,1.0101536512374878,1.8636306524276733,-2.0104188919067383,0.5462937951087952,0.49684569239616394,0.15197840332984924,0.001459403329849257,0.22381178101882981
1789260308.8763158,1.413023591041565,1.1450251340866089,-1.098003625869751,-1.2965989112854004,1.0101021528244019,1.8636507987976074,-2.01033878326416,0.5462457537651062,0.4955030083656311,0.15072853863239288,0.00020953863239289716,0.08846932694105811
1789260308.9099298,1.4210931062698364,1.1454800367355347,-1.100111961364746,-1.3079720735549927,1.010064721107483,1.8635952472686768,-2.01059627532959,0.5435359477996826,0.49410054087638855,0.14833314716815948,-0.0021858528318405013,0.26906917401866154
1789260308.943478,1.4317474365234375,1.1451369524002075,-1.103041172027588,-1.3212363719940186,1.0113189220428467,1.8639533519744873,-2.0122780799865723,0.5399725437164307,0.49338316917419434,0.146307110786438,-0.004211889213561998,0.55496647188144
1789260308.9772315,1.4345858097076416,1.1444928646087646,-1.1027032136917114,-1.3242864608764648,1.0114983320236206,1.8642290830612183,-2.0122830867767334,0.538642942905426,0.49376821517944336,0.14575044810771942,-0.004768551892280565,0.6106975650420225
1789260309.0108304,1.4308130741119385,1.1441673040390015,-1.10219407081604,-1.322440505027771,1.0114643573760986,1.8642510175704956,-2.012272834777832,0.5402481555938721,0.49275925755500793,0.14620348811149597,-0.0043155118885040145,0.5475120974517762
1789260309.0443537,1.4258581399917603,1.1443581581115723,-1.1020678281784058,-1.3146265745162964,1.0114331245422363,1.864274024963379,-2.0122244358062744,0.5423025488853455,0.4936412572860718,0.14809976518154144,-0.0024192348184585433,0.30454562610362684
1789260309.0779412,1.4215937852859497,1.1445367336273193,-1.1015325784683228,-1.3039100170135498,1.011435627937317,1.8643430471420288,-2.0121047496795654,0.5437275171279907,0.4963182806968689,0.15061241388320923,9.341388320924238e-05,0.08846932694105811
1789260309.1115205,1.4181932210922241,1.1441986560821533,-1.1008561849594116,-1.2987747192382812,1.0114423036575317,1.8643674850463867,-2.0120456218719482,0.5449320077896118,0.49703648686408997,0.1518881767988205,0.0013691767988205095,0.21489135308816265
1789260309.1451268,1.417277455329895,1.1442056894302368,-1.100027322769165,-1.3010035753250122,1.0113850831985474,1.8643836975097656,-2.0119669437408447,0.5451942682266235,0.4957215487957001,0.15094271302223206,0.0004237130222320695,0.1083523598284494
1789260309.1787608,1.4243026971817017,1.1447023153305054,-1.1017800569534302,-1.3117843866348267,1.0112202167510986,1.86433744430542,-2.0120017528533936,0.5428506731987,0.4940718412399292,0.14853811264038086,-0.0019808873596191268,0.24389326303316328
1789260309.2123556,1.4357061386108398,1.1443986892700195,-1.1047621965408325,-1.3255149126052856,1.0125664472579956,1.8646970987319946,-2.0138375759124756,0.5389527082443237,0.49352970719337463,0.14639657735824585,-0.0041224226417541365,0.5410408974187553
1789260309.2459393,1.4393900632858276,1.1436576843261719,-1.1045280694961548,-1.3290495872497559,1.0127575397491455,1.8649033308029175,-2.013852596282959,0.53725266456604,0.49413302540779114,0.14580537378787994,-0.004713626212120042,0.606840453031715
1789260309.279508,1.4359387159347534,1.1434041261672974,-1.1039884090423584,-1.3278332948684692,1.0127372741699219,1.8649539947509766,-2.013845443725586,0.5387189388275146,0.4930126368999481,0.14604052901268005,-0.004478470987319932,0.5671727596538639
1789260309.3131642,1.4308109283447266,1.1436333656311035,-1.1040035486221313,-1.3208305835723877,1.0127009153366089,1.864984154701233,-2.01381254196167,0.5409488677978516,0.4933987855911255,0.14775831997394562,-0.0027606800260543685,0.3488659211959672
1789260309.3468897,1.4265000820159912,1.1437596082687378,-1.1035128831863403,-1.309839129447937,1.0126957893371582,1.8650522232055664,-2.01370906829834,0.5424047708511353,0.4961845576763153,0.1503843069076538,-0.00013469309234617755,0.08156468806857739
1789260309.3805587,1.4232391119003296,1.1433948278427124,-1.102729320526123,-1.3037775754928589,1.0127147436141968,1.8650856018066406,-2.013641834259033,0.5434572100639343,0.49744120240211487,0.15187187492847443,0.0013528749284744401,0.21028928664640814
1789260309.414176,1.4217628240585327,1.1433467864990234,-1.1019370555877686,-1.3054965734481812,1.0126502513885498,1.8651068210601807,-2.0135653018951416,0.5439900159835815,0.496053010225296,0.1511095017194748,0.0005905017194748063,0.1282042487280194
1789260309.447851,1.4280688762664795,1.1439769268035889,-1.1034715175628662,-1.3161717653274536,1.0124781131744385,1.8650621175765991,-2.0135316848754883,0.5419148802757263,0.49407994747161865,0.1485716849565506,-0.001947315043449388,0.23656255899196596
1789260309.4814506,1.4396307468414307,1.1435619592666626,-1.106450080871582,-1.329727292060852,1.0139280557632446,1.8654069900512695,-2.015500068664551,0.5379239916801453,0.4937271177768707,0.14654326438903809,-0.0039757356109619,0.516620149549108
1789260309.5150557,1.4442614316940308,1.142784833908081,-1.1065343618392944,-1.3340007066726685,1.014084815979004,1.865635871887207,-2.015500068664551,0.5359141826629639,0.49441882967948914,0.1459168791770935,-0.00460212082290648,0.5980710103126731
1789260309.5486944,1.4411568641662598,1.1426143646240234,-1.1059283018112183,-1.3333241939544678,1.0140630006790161,1.8656994104385376,-2.0154976844787598,0.5372090339660645,0.4932433068752289,0.14593559503555298,-0.004583404964447008,0.5811455836506741
1789260309.5822775,1.4358770847320557,1.1428619623184204,-1.105988621711731,-1.3271673917770386,1.0140125751495361,1.8657280206680298,-2.015456438064575,0.5395688414573669,0.4931541979312897,0.14743682742118835,-0.0030821725788116316,0.39067068775520747
1789260309.6159346,1.4314088821411133,1.1429777145385742,-1.1055126190185547,-1.315722107887268,1.014024257659912,1.8658126592636108,-2.015338182449341,0.541092574596405,0.49607616662979126,0.15018798410892487,-0.0003310158910751204,0.08392937202498843
1789260309.649563,1.4282704591751099,1.142580509185791,-1.104731798171997,-1.3091646432876587,1.0140267610549927,1.8658268451690674,-2.0152790546417236,0.5420588850975037,0.49763330817222595,0.15181924402713776,0.0013002440271377702,0.2027087792782551
1789260309.6832635,1.426408052444458,1.1425350904464722,-1.103797197341919,-1.3100682497024536,1.013965129852295,1.8658477067947388,-2.0151937007904053,0.5426914095878601,0.4964431822299957,0.151211217045784,0.0006922170457840104,0.13988230894202303
1789260309.7168512,1.431706190109253,1.1432751417160034,-1.1049305200576782,-1.3198875188827515,1.0137633085250854,1.8657909631729126,-2.01509165763855,0.5409247279167175,0.4943791925907135,0.14867232739925385,-0.001846672600746141,0.21028928664640814
1789260309.7503986,1.44339120388031,1.1427887678146362,-1.1080576181411743,-1.333688497543335,1.0152184963226318,1.8661549091339111,-2.017043352127075,0.5369449853897095,0.4939454197883606,0.14669059216976166,-0.0038284078302383284,0.4905875999576624
1789260309.7840815,1.4487266540527344,1.1419368982315063,-1.1085224151611328,-1.3388786315917969,1.0153526067733765,1.8663195371627808,-2.0170609951019287,0.5347590446472168,0.49450111389160156,0.1460241824388504,-0.004494817561149583,0.5921525719660353
1789260309.8177779,1.4459400177001953,1.1418720483779907,-1.1078925132751465,-1.3385636806488037,1.0153392553329468,1.8664158582687378,-2.017054796218872,0.5359074473381042,0.4933231472969055,0.14588119089603424,-0.004637809103965745,0.5911604051207391
1789260309.8513844,1.4406254291534424,1.1420799493789673,-1.1079840660095215,-1.3327707052230835,1.0152970552444458,1.8664497137069702,-2.017035722732544,0.5383142232894897,0.49305960536003113,0.14732033014297485,-0.0031986698570251326,0.4087827311198492
1789260309.885123,1.4361740350723267,1.142234444618225,-1.1075382232666016,-1.3218092918395996,1.0152989625930786,1.8665461540222168,-2.0169413089752197,0.539867103099823,0.4957650601863861,0.14992889761924744,-0.0005901023807525496,0.10653118153060223
1789260309.9186978,1.4332948923110962,1.1417515277862549,-1.1067320108413696,-1.3144389390945435,1.0153028964996338,1.866544485092163,-2.0168755054473877,0.5406551361083984,0.49786123633384705,0.151805117726326,0.0012861177263260026,0.1988101655906956
1789260309.9522977,1.4311447143554688,1.1417378187179565,-1.105696201324463,-1.3146073818206787,1.0152581930160522,1.8665655851364136,-2.0167949199676514,0.541356086730957,0.49687424302101135,0.1513301432132721,0.0008111432132721086,0.1532333996180995
1789260309.9858382,1.435595154762268,1.1425367593765259,-1.1064422130584717,-1.3238730430603027,1.0150647163391113,1.8665168285369873,-2.0167031288146973,0.5398414134979248,0.49468323588371277,0.14874610304832458,-0.0017728969516754012,0.18767184827349362
1789260310.0193412,1.447227120399475,1.1419508457183838,-1.1097480058670044,-1.3376991748809814,1.016552209854126,1.8668863773345947,-2.0187132358551025,0.5359576344490051,0.4941754639148712,0.14689643681049347,-0.003622563189506517,0.4584225615184332
